6511
3235
2763
2633
2610
4076
2616
2771
2695
2637
2692
2666
2617
2808
2621
2715
2763
2718
3371
2845
2743
2713
2541
2638
2891
2696
2687
2941
2711
2870
2680
2610
2726
2600
2635
2760
2689
2816
2687
2700
2714
2670
2732
3003
2609
2629
2586
2794
2621
2611
2644
2619
2563
2683
2600
2886
2623
2729
4665
3068
3503
2617
2707
2699
3559
2690
2721
2683
2635
2640
2583
3886
2679
2741
2705
2640
2900
6452
2760
2693
2753
3030
3389
2665
2862
2776
2754
2722
2722
2684
2871
2674
2659
2652
2706
2727
4482
3019
2762
2757
2832
2814
2669
2859
2850
2748
2723
2802
2721
2847
2782
2710
2705
2755
2633
4476
2719
2710
2793
3331
2898
2696
2717
2946
2764
2810
9197
3348
4172
2801
2857
2759
2818
2854
3021
2828
2761
2636
2702
2600
2714
3487
2599
2545
2558
2535
2537167
16746
2700
10496
2565
2420
2677
2692
2770
2667
2691
2648
2586
2555
2556
2610
2551
2468
2584
2508
2455
2466
3822
2421
2474
2610
2643
2530
2584
2647
2669
2608
2494
2640
2707
2597
2591
2550
2648
2556
2552
4022
2526
2627
2675
2610
2567
2518
2525
2647
2476
2526
2576
15970
2522
2594
2561
2603
2788
2599
2642
2713
2526
2530
2637
2567
2538
2530
2614
2543
2634
2598
2616
2586
2630
3969
2632
2581
2647
2814
2542
2543
2574
2586
2566
2535
2617
2505
2592
2610
2658
2631
2597
2685
4225
2657
2593
2710
2644
2626
2558
2538
5081
2808
2660
2567
4389
4149
6200
2908
2913
2737
2729
4361
2760
2708
2648
2655
2567
2634
2631
2650
2644
2556
2677
2749
2660
3055
3035
3032
2875
2888
4398
2903
2923
2887
3052
2969
2932
2974
2976
3007
3040
2871
2904
2877
2883
3017
2962
2955
3055
2934
2896
4289
2929
2981
2909
3036
2955
3061
2945
2917
2950
2887
2810
2906
2821
2856
2958
3042
2859
2919
2971
2930
2978
2913
2911
2903
2941
2853
2921
2911
2923
2863
2923
2856
2851
4065
2867
2948
3074
3144
2983
2788
2967
2931
2905
2913
3037
3006
3003
2973
2987
2985
3025
2919
4398
2994
3053
3075
2957
3108
2926
2924
3102
3020
2996
2958
3035
2778
2931
2964
2898
2906
2820
4305
3005
3061
3214
3034
2930
2796
3024
3082
2884
3053
3559
2952
4507
3186
2863
2861
2777
2904
4597
3002
2795
2801
2940
2935
3018
2996
3002
2933
2784
3006
2811
2806
3993
2833
2826
2763
2847
2998
2868
2798
2821
2846
2796
2886
2761
2739
2767
2753
2820
2730
2729
2836
2947
2801
2570
2740
2792
2762
4142
2803
2732
2700
2743
2803
2810
2830
2739
2904
2836
2731
2950
4076
2748
2804
2732
2863
2913
2861
2757
2904
2904
2829
2589
2668
2753
2967
2851
2916
2507
2635
4125
2764
2859
2799
2594
2577
2547
2713
2598
3101
2529
2866
2774
2784
2825
2636
2750
2673
2592
3849
2779
2563
2561
2609
2785
2463
2752
2895
2852
2681
2537
2943
2528
2633
2605
2773
2837
2785
2893
2546
2751
2525
2566
2621
2538
2680
2491
2407
23174
3736
3867
3116
2931
4480
2781
2668
2645
2774
2793
2675
2715
2532
2544
2489
2660
2492
2498
2519
2367
2538
2866
2532
4143
2357
2394
2414
2471
2484
2435
2367
2380
2361
2339
2386
2316
2271
2245
2343
2273
2146
2238
3837
15477
2324
2328
2306
2272
2190
2220
2248
2228
2275
2264
2192
2192
2310
2298
2403
2361
2337
2444
2377
2383
2373
2409
2368
2343
2328
2348
2314
2337
2396
2419
2347
2380
2473
2413
2339
2337
2462
2399
2419
2374
2428
2402
2504
2420
2430
2443
2425
2309
2448
2424
2385
3561
2486
2470
2442
2425
2421
15463
15502
2428
2482
2384
2310
2364
2397
2328
2407
2372
2296
2443
4098
2390
2510
2554
2545
2686
2619
2625
2548
2529
2523
2556
2538
5510
4891
3078
2914
2810
2788
3850
2610
2583
2670
2720
2595
2635
2520
2517
2592
2505
2604
2586
2652
2528
2517
2526
2526
2537
2591
2400
2470
2420
2482
2448
2373
2422
2449
2459
2436
2483
2429
2315
2353
2339
2345
2349
2365
2388
2301
2297
2412
2417
2423
2482
2492
2460
2436
2454
2539
2547
2706
2756
3959
2558
2720
2574
2691
2828
2651
2524
2574
2395
2364
2429
2433
2380
2479
2532
2470
2430
2345
3822
2405
2425
2396
2569
2483
2583
2482
2481
2326
2358
6744
1572
1557
1551
1576
1504
1482
1466
2654
1429
1303
1413
1512
1413
1425
1354
1445
1426
1421
1420
1375
1419
1409
1472
1380
2207
1009
811
780
799
704
721
871
626
583
587
546
557
574
829
544
797
694
672
642
597
649
603
654
606
619
614
616
531
584
557
543
546
599
554
595
1697
642
598
556
677
632
603
583
654
622
534
501
757
641
607
624
645
616
571
1742
570
813
546
597
525
536
557
549
516
521
710
590
561
551
571
596
542
558
1793
549
553
575
604
572
592
747
603
557
611
623
605
574
563
565
622
591
605
1702
604
609
583
598
578
683
599
669
585
620
616
599
565
593
548
17971
688
559
554
500
442
440
425
421
414
420
448
400
393
412
442
378
374
1726
397
410
386
415
381
382
420
386
390
376
400
400
368
386
402
386
473
398
1786
377
437
412
428
396
401
368
369
364
363
381
372
431
379
435
360
419
389
1565
366
371
360
373
361
398
355
371
363
369
354
392
372
388
353
400
384
408
2475
604
371
378
384
368
375
382
376
378
398
382
393
390
388
397
387
358
354
386
367
375
405
384
375
379
393
385
429
379
405
381
370
412
378
386
366
380
373
380
381
364
446
404
372
385
391
369
365
369
379
405
371
2437
394
383
376
420
376
367
396
412
386
379
380
387
377
385
411
393
411
385
1589
389
369
374
388
393
384
376
429
427
375
372
394
389
373
433
502
371
405
1643
392
376
386
397
400
366
375
393
410
397
424
383
386
390
414
380
371
403
1583
440
379
385
407
393
393
370
433
383
380
397
424
396
372
402
412
368
397
393
381
402
411
377
361
366
422
399
371
367
381
391
393
374
1497
403
401
389
381
378
374
386
381
372
370
420
378
378
406
381
387
374
375
1447
408
398
414
375
385
377
372
393
415
383
494
415
435
455
418
447
415
421
1447
454
428
395
384
377
374
382
401
424
437
420
473
430
419
423
474
423
429
1683
435
427
433
445
424
389
396
405
394
400
379
419
396
380
446
418
382
376
387
379
391
398
441
406
394
368
389
362
369
374
377
377
378
500
399
404
364
413
412
387
431
399
403
370
401
379
426
401
404
400
367
366
1619
373
387
383
373
395
367
374
391
398
401
382
373
385
377
368
399
397
383
1461
378
409
371
378
373
380
402
379
400
405
460
372
419
392
420
406
376
370
1500
417
372
374
420
384
372
380
417
416
374
403
380
376
403
402
423
374
370
422
376
370
378
408
371
379
385
377
394
415
427
480
406
414
378
451
360
381
367
356
364
348
382
351
363
367
372
387
364
368
370
398
424
1634
403
392
361
364
353
365
397
365
363
375
383
405
373
364
378
371
431
416
1501
363
358
395
388
370
366
387
386
397
368
382
385
375
358
374
386
387
362
1915
455
360
401
372
394
384
370
909
387
376
408
396
392
366
380
367
400
400
1540
374
363
409
401
403
406
399
399
395
399
400
393
382
394
390
450
384
400
411
364
416
432
377
399
386
508
375
370
357
359
383
375
371
428
413
436
388
387
415
419
405
370
375
368
361
427
367
372
375
390
387
357
1553
444
427
373
391
381
369
376
395
386
366
375
379
412
402
379
374
379
379
1696
408
424
426
412
395
391
387
401
377
422
384
412
400
395
404
422
383
370
1481
401
378
414
386
403
401
393
424
387
415
388
396
391
398
474
409
387
416
1508
415
390
409
371
359
397
383
404
398
400
383
403
451
362
498
401
395
389
377
366
362
410
379
372
436
404
396
366
389
368
426
373
367
1485
415
363
388
408
363
371
371
375
362
395
376
398
451
399
386
403
382
375
1531
399
365
375
375
378
404
413
485
400
398
374
420
397
378
397
370
398
370
2441
373
423
403
414
368
371
369
403
380
424
374
407
386
2309
490
449
374
357
1633
380
391
349
402
420
370
392
368
364
356
387
360
383
398
417
382
373
368
384
377
385
397
393
418
377
400
390
396
379
424
437
399
393
407
417
355
399
370
398
371
400
395
390
366
392
383
400
420
391
396
395
370
1535
376
399
386
403
369
419
382
387
380
402
385
404
393
423
370
412
367
396
1486
423
358
406
427
403
369
423
383
399
402
425
364
411
369
865
397
374
377
1557
411
401
403
398
397
398
426
421
401
402
427
383
402
434
426
645
398
424
1517
373
399
403
414
540
438
370
391
385
383
352
371
393
386
377
402
352
370
372
363
352
368
428
418
391
420
385
431
415
375
413
422
366
1450
377
366
389
387
372
411
373
387
379
429
376
377
377
378
367
406
404
403
4329
408
387
477
393
396
388
390
378
566
378
370
379
361
359
374
384
374
365
1436
369
358
399
391
364
365
361
373
370
374
410
423
364
351
348
387
354
388
1569
652
356
367
397
373
366
395
384
372
369
358
371
364
360
416
418
359
360
369
358
382
358
381
375
397
352
375
372
375
381
387
361
379
428
373
370
349
399
369
365
399
373
411
345
450
442
386
389
369
392
359
386
1542
354
367
387
380
358
372
364
358
351
407
355
391
393
348
354
372
367
399
1452
363
358
383
367
347
354
400
380
352
362
345
367
355
354
359
402
359
359
1510
344
346
398
366
392
372
350
369
351
346
356
361
357
380
440
382
431
353
1634
360
359
357
373
355
435
349
366
381
355
389
384
354
362
351
370
350
396
389
359
368
389
372
373
369
362
431
364
403
381
365
368
383
1447
367
352
442
391
362
355
358
374
357
346
362
383
355
385
358
426
390
363
1463
358
356
366
379
363
354
373
355
358
355
352
414
357
380
356
383
344
393
1444
369
359
388
373
370
356
373
366
384
355
356
374
380
369
356
371
359
350
2182
380
392
352
391
353
357
381
360
355
351
439
358
414
361
361
375
353
364
376
357
356
380
413
363
373
352
373
384
412
353
375
424
354
350
366
448
352
385
364
414
363
367
449
367
361
442
352
383
352
381
363
386
2332
375
381
389
379
368
349
366
379
398
352
359
387
428
404
355
380
378
367
1495
346
350
353
366
350
353
353
385
354
351
356
399
360
351
352
363
358
344
1609
349
355
379
430
354
377
356
357
344
354
378
378
384
347
413
373
358
359
4273
359
372
382
371
415
359
359
372
370
370
362
390
356
355
357
381
406
357
377
363
389
349
375
391
370
363
379
348
354
381
366
383
352
379
367
351
385
371
363
363
360
378
367
351
371
369
363
355
364
366
351
442
1366
367
388
364
364
386
347
381
360
350
378
423
373
382
362
372
371
364
365
1433
464
382
354
369
386
355
364
372
380
372
346
358
397
349
360
367
394
355
1403
359
457
357
363
359
395
557
477
379
380
371
372
358
344
358
361
341
372
384
392
364
385
367
347
514
362
440
361
362
363
445
361
384
376
381
379
355
364
365
378
355
365
419
353
355
370
373
348
347
368
371
414
1388
369
349
341
403
361
365
364
375
359
365
357
353
361
355
349
393
377
364
1378
362
351
388
360
359
367
373
365
354
353
353
387
361
360
376
360
356
354
1467
369
399
346
397
361
371
350
383
366
362
397
388
360
363
350
368
348
382
1440
362
355
351
381
360
348
382
367
355
352
358
363
355
359
369
373
361
385
364
352
351
356
362
382
350
546
394
371
380
374
374
405
383
385
372
356
367
416
395
391
380
1843
413
367
377
373
355
370
368
383
386
413
1525
421
369
398
387
402
381
374
375
367
363
378
367
397
384
394
382
403
373
1569
372
400
367
395
443
415
439
407
385
388
381
385
388
381
394
381
387
385
1827
354
363
386
374
365
359
669
415
363
387
366
388
364
366
373
376
564
362
371
372
366
550
496
408
375
455
464
378
408
374
399
408
385
400
396
358
459
428
395
369
378
380
360
362
466
406
521
404
459
404
397
375
1982
394
389
389
380
418
386
456
470
380
380
366
409
542
368
369
482
401
512
1605
364
503
362
371
411
488
401
419
397
384
377
406
397
373
404
405
389
383
1630
371
405
438
397
390
391
394
402
357
398
396
468
397
418
402
400
392
406
1632
392
399
389
402
386
386
378
402
388
387
390
395
536
402
414
420
383
415
403
362
423
374
408
397
417
426
392
388
391
394
399
394
394
381
400
394
393
508
388
401
388
407
396
394
382
403
456
419
390
422
395
401
1499
456
392
394
408
402
421
408
409
397
385
406
457
396
393
391
404
396
419
2154
399
395
378
397
376
383
374
394
415
436
404
441
393
405
437
466
386
472
576
400
394
390
403
398
395
398
409
394
404
428
403
2035
1954
437
476
383
407
404
388
390
419
413
389
414
386
415
384
402
1454
392
390
384
416
383
380
383
417
392
388
386
411
381
385
388
427
391
413
1540
429
389
389
417
393
419
402
404
383
382
386
407
389
379
403
404
389
407
1525
413
417
399
424
389
406
388
404
386
397
416
415
404
396
396
415
395
405
2278
380
410
370
395
374
383
415
407
398
394
378
397
402
370
417
439
428
434
412
393
383
409
394
413
418
380
401
382
381
409
3357
675
409
3112
397
367
384
397
389
383
380
401
396
407
382
387
386
402
383
402
377
396
1646
400
371
385
423
386
399
365
401
387
384
405
402
412
377
375
394
378
386
1604
380
399
471
393
377
389
396
396
371
380
405
448
502
418
424
443
394
414
1546
427
429
413
417
404
415
499
420
427
433
415
422
414
424
439
430
412
417
447
447
452
428
437
400
456
416
452
446
429
428
417
420
421
462
419
412
430
431
428
455
422
411
428
420
375
389
423
386
370
440
382
447
1492
411
445
414
438
440
408
412
417
420
437
459
495
428
465
472
436
433
441
1560
426
435
440
573
436
409
402
423
411
404
427
425
432
421
405
488
439
431
1683
418
425
450
436
428
414
414
426
427
425
434
421
410
415
427
420
438
426
2314
417
394
394
418
416
394
422
408
403
402
421
419
412
423
471
437
434
437
439
427
429
450
426
424
433
415
443
507
419
421
416
399
395
387
445
399
401
417
403
411
404
470
393
441
399
407
422
400
450
391
406
390
1540
431
471
432
432
397
398
421
405
393
426
402
427
393
397
403
418
427
378
1466
392
415
393
413
396
388
438
407
403
425
396
403
397
434
398
434
434
394
1557
414
394
421
421
412
402
413
424
395
404
378
385
385
375
392
404
422
392
421
400
435
396
406
384
383
406
393
392
381
403
417
447
391
409
398
379
371
410
399
444
426
402
408
412
416
467
404
422
391
414
396
428
4004
430
460
398
402
485
385
377
384
368
387
380
422
430
409
410
424
390
402
1618
399
408
406
404
387
401
410
397
377
430
421
416
392
387
405
389
394
392
1463
392
391
427
412
432
418
416
394
380
394
405
442
419
392
389
421
389
385
1509
401
420
439
406
391
412
390
414
399
390
398
394
417
392
382
405
433
405
415
398
455
387
427
394
397
377
477
390
392
386
425
401
398
1534
389
381
402
462
412
427
415
404
399
424
388
406
400
432
418
417
409
404
1553
398
402
433
410
405
438
404
417
396
411
418
419
413
1283
428
402
383
391
1571
388
367
386
482
398
379
410
393
379
400
412
393
379
391
370
409
382
375
1527
376
390
374
389
377
365
375
403
373
368
378
385
382
368
385
385
394
388
396
414
536
449
423
379
372
394
379
364
356
367
381
357
363
367
379
363
361
400
353
366
395
401
370
409
388
382
361
399
367
371
361
391
1384
371
363
379
393
383
375
465
394
380
385
350
405
363
362
354
399
393
380
1590
362
397
378
475
431
397
375
373
369
368
372
379
364
371
359
366
394
362
372
353
372
365
378
362
363
358
381
395
351
370
380
356
357
361
383
399
367
398
350
369
395
378
368
362
350
376
372
366
375
387
361
392
1469
381
373
368
399
379
364
390
364
363
405
420
387
372
385
356
389
363
348
1634
359
351
355
391
359
377
364
389
348
377
368
364
356
369
364
395
360
357
1537
389
364
375
377
391
366
361
400
359
468
364
361
357
347
353
367
382
358
2149
345
353
352
362
362
344
630
382
380
344
338
360
350
371
353
364
356
350
382
364
372
661
375
354
381
355
362
349
350
348
361
386
361
1412
366
361
394
376
349
348
398
384
375
348
370
352
339
337
380
370
368
333
2226
371
349
361
361
341
376
347
372
375
333
361
359
349
349
362
381
356
372
1487
348
379
340
370
367
344
351
365
349
373
374
366
358
341
344
363
392
380
1499
352
349
350
363
351
359
388
359
358
349
377
361
357
398
448
382
357
377
13252
377
355
342
363
348
368
377
368
352
366
376
387
380
344
1486
363
357
369
381
358
384
348
367
353
351
343
365
350
362
354
366
357
349
1469
388
343
363
366
363
369
343
513
470
384
362
370
349
354
347
371
361
362
1408
343
344
378
368
349
381
351
364
347
385
379
370
385
352
361
387
356
347
1507
345
372
351
372
384
342
376
378
375
346
353
367
378
357
404
369
368
345
370
347
394
373
383
358
370
377
361
360
424
409
384
349
343
338
399
359
350
353
355
340
353
411
353
369
391
366
353
381
359
369
353
353
1408
350
338
342
367
356
381
381
372
345
370
349
367
348
340
355
351
355
342
1597
347
338
354
359
343
339
359
386
356
346
348
363
369
475
349
365
348
347
1508
351
354
2476
546
502
497
2147
427
390
364
395
357
383
363
384
371
362
354
368
359
364
356
364
359
393
1516
362
351
380
502
366
355
367
369
350
363
360
372
360
360
366
365
370
359
2770
353
360
369
394
357
362
359
379
382
376
366
380
361
363
358
441
367
382
1540
431
383
363
368
344
352
360
415
371
350
343
350
346
374
419
376
349
351
412
348
350
371
380
357
354
359
359
347
346
354
372
378
352
351
353
365
349
372
401
358
377
362
349
354
359
356
347
349
344
368
351
353
1377
402
360
349
361
372
354
462
392
417
363
344
355
347
362
361
369
381
352
1546
353
352
357
376
372
381
365
434
343
357
377
366
368
368
362
384
362
359
1408
354
375
351
378
435
349
368
380
366
352
352
359
351
381
347
359
352
359
1522
378
372
356
389
346
376
357
384
344
392
357
364
384
348
355
387
363
364
421
355
373
359
402
363
364
383
360
399
378
366
379
378
352
386
384
353
389
372
362
350
356
379
353
394
410
427
398
408
408
381
350
361
1418
339
343
357
388
357
371
405
373
359
348
387
367
382
350
381
384
358
376
1561
354
356
408
379
352
348
357
391
355
350
360
388
365
389
375
363
388
358
1468
355
377
361
381
372
389
363
375
387
375
344
370
352
356
357
417
359
354
364
414
362
352
428
355
356
358
366
378
442
380
405
348
338
342
357
336
387
440
398
358
388
364
362
394
360
542
474
349
342
370
376
384
1504
357
355
370
403
361
354
367
359
350
353
368
368
360
372
342
429
354
357
1460
350
349
344
365
370
374
348
388
351
348
357
371
350
376
356
400
349
351
1514
364
369
347
369
435
345
347
388
489
362
358
364
355
347
359
395
366
342
1479
340
392
349
367
360
375
365
371
346
347
347
370
346
388
349
362
363
348
360
361
348
347
363
361
370
366
355
348
372
388
373
362
350
345
376
344
385
382
379
407
355
368
354
362
356
377
358
354
352
371
353
378
1395
380
359
376
377
373
355
360
382
358
347
411
372
356
351
351
358
349
352
1459
355
358
396
468
438
571
387
388
348
346
365
363
354
350
361
387
377
355
2214
360
348
387
375
387
358
364
361
364
359
354
376
380
362
361
385
348
369
1419
356
382
354
374
353
351
355
376
346
350
365
354
353
378
356
366
345
347
402
360
351
363
381
383
343
360
383
396
360
347
564
382
462
3308
366
374
392
381
367
372
371
385
394
357
354
371
408
363
356
447
406
364
1445
355
361
362
409
367
369
361
375
529
839
383
392
378
377
382
391
384
383
1480
371
392
397
436
366
369
508
440
379
364
366
370
361
385
361
378
358
407
1498
393
366
430
386
358
386
357
368
356
371
360
381
408
365
387
389
350
355
368
386
356
364
376
361
376
358
378
353
387
365
363
362
352
1469
366
385
353
422
351
360
363
381
356
357
585
368
355
360
354
401
384
363
1403
421
416
358
392
353
359
351
447
398
350
346
361
334
346
359
484
377
390
1482
355
350
360
376
404
403
377
367
359
351
380
392
379
387
355
378
390
380
1523
372
362
355
370
369
360
363
385
371
348
384
405
359
360
361
386
375
374
377
353
362
383
403
358
395
360
369
368
400
357
376
363
357
1458
377
388
351
365
353
362
350
366
351
377
383
366
380
351
364
465
373
405
1522
390
352
354
369
362
356
365
381
357
343
354
413
366
364
358
376
366
361
1589
363
361
364
379
368
356
360
3748
535
420
370
500
362
339
347
391
387
349
1800
382
340
339
372
344
339
368
350
355
347
348
353
383
346
500
448
360
369
357
353
351
396
374
372
375
346
342
350
388
354
362
348
341
345
354
339
347
372
348
343
349
343
345
336
358
352
380
341
341
423
373
366
2519
429
367
339
358
354
347
330
427
345
363
334
408
342
351
335
381
344
404
1837
395
509
367
383
375
378
370
412
369
358
349
381
375
364
360
424
356
337
1719
369
383
345
385
366
376
368
473
337
342
348
352
376
475
363
399
341
338
1769
353
351
344
343
1252
387
371
588
363
389
421
349
368
340
342
391
380
345
356
359
343
339
391
342
354
370
376
341
346
345
340
347
372
351
349
334
337
364
342
347
356
377
341
338
339
347
348
342
366
355
339
353
6174
359
337
333
364
341
351
337
374
535
337
447
351
347
342
407
349
372
359
1486
339
347
338
372
333
329
349
367
354
384
339
353
350
363
347
349
373
340
1395
341
354
368
347
348
357
343
341
336
360
343
341
370
334
341
351
343
389
357
374
368
351
373
329
341
574
377
393
352
472
357
365
578
335
348
355
360
373
344
372
359
348
346
334
360
355
342
350
366
343
361
345
1562
351
364
386
368
377
346
361
358
336
356
351
340
338
2478
1488
442
438
380
1961
344
337
396
363
351
349
393
350
368
357
332
375
337
402
364
405
364
406
2203
400
368
408
359
347
346
339
418
360
399
370
392
344
409
340
402
1164
393
2337
367
370
334
369
1225
407
370
361
360
367
363
391
367
370
364
377
350
365
371
369
348
372
367
377
373
373
384
359
332
365
358
354
377
377
382
341
348
354
363
345
350
348
390
365
354
369
359
380
357
346
359
363
1430
339
371
349
377
352
363
361
379
394
342
389
390
396
397
380
375
365
379
1518
356
361
379
393
344
365
357
578
393
361
353
402
360
390
381
386
389
363
1523
353
360
356
377
367
350
360
393
359
375
389
359
361
360
359
360
383
351
1524
360
355
356
363
378
352
378
389
345
351
348
374
354
376
374
399
386
389
430
377
346
391
397
380
378
409
353
352
388
366
356
332
337
1468
357
354
365
359
345
380
351
363
350
350
344
553
413
360
360
365
347
361
1553
361
344
324
352
338
346
339
354
344
369
343
351
333
354
329
344
384
341
363
345
342
341
346
361
355
363
355
333
335
363
341
338
364
342
338
367
361
458
403
344
343
361
359
367
362
393
362
345
342
388
331
338
1539
347
329
340
366
366
343
370
342
373
375
354
409
343
372
336
354
345
339
1434
340
388
379
341
339
332
363
380
360
365
354
345
336
360
371
364
375
343
1874
360
380
347
379
365
388
356
344
328
370
339
371
457
364
352
368
340
370
367
348
371
349
355
409
352
368
370
344
370
355
348
367
340
352
351
375
364
392
340
351
351
370
340
433
348
372
377
359
606
357
365
357
1326
365
388
365
370
344
359
346
353
353
378
350
395
358
363
341
366
368
358
1533
358
360
356
389
365
382
344
360
373
339
358
382
431
351
363
369
339
363
1673
345
361
347
354
337
335
371
346
345
340
348
348
345
372
343
358
351
344
1456
367
345
354
377
336
371
363
367
379
352
358
370
348
435
356
375
527
365
407
368
365
340
353
373
420
350
352
347
413
346
456
428
358
342
344
365
346
358
386
353
545
364
337
337
340
376
346
382
355
354
360
343
1881
357
336
348
354
358
331
368
375
383
351
462
361
438
351
346
410
344
418
4435
361
357
352
575
335
355
401
396
368
345
565
356
372
367
368
602
356
414
2525
339
360
342
363
395
357
388
343
448
351
353
357
358
395
364
520
356
333
1644
439
375
372
348
389
381
387
400
402
363
386
408
379
338
334
368
344
365
413
349
363
353
365
334
350
331
345
340
334
384
373
350
355
2286
350
342
361
358
348
349
336
346
358
332
341
402
338
381
386
348
358
369
1566
333
338
362
368
448
361
348
343
335
324
340
395
337
353
343
374
335
359
1706
418
336
348
397
332
413
366
339
336
350
342
343
358
335
415
371
500
342
1554
350
360
333
347
332
355
335
369
330
379
355
369
345
335
339
404
346
352
363
341
343
357
359
340
333
349
337
375
343
376
340
360
369
339
401
391
370
421
342
368
411
356
348
355
345
351
345
337
332
403
342
337
1487
366
356
350
373
335
375
332
380
354
342
341
339
343
329
341
372
344
354
1476
331
335
331
356
353
337
341
351
331
337
417
351
340
345
340
353
334
420
1517
337
334
343
389
343
329
359
349
342
334
343
412
371
357
366
346
359
329
1539
356
350
331
351
336
368
337
370
342
362
327
361
336
340
393
462
370
343
348
334
353
370
353
347
336
369
359
341
364
356
337
341
352
343
344
322
330
400
395
376
354
351
339
336
383
363
343
347
353
347
348
335
1744
345
398
347
371
338
335
343
346
344
352
354
372
345
432
349
375
375
346
1518
355
389
330
375
710
397
346
331
381
342
352
341
348
339
346
376
371
330
343
339
349
353
332
338
333
344
346
367
356
420
368
340
340
418
341
351
344
365
366
376
368
379
327
378
363
364
456
330
357
343
333
386
1452
405
352
353
369
350
327
331
347
349
380
413
609
338
352
338
356
354
339
1454
371
486
367
372
346
328
369
426
365
432
342
375
355
360
343
387
375
363
1455
383
404
338
359
433
332
350
375
345
366
369
366
392
365
333
348
354
383
1397
329
366
362
355
342
436
374
335
364
372
349
369
350
369
367
354
341
374
347
363
352
356
354
332
333
391
364
335
340
335
338
385
344
352
366
341
371
352
436
346
359
369
329
331
343
422
343
337
343
364
364
358
1503
358
394
349
364
344
450
347
358
387
377
452
368
350
331
355
363
370
338
1588
349
355
356
405
335
356
364
373
353
343
383
359
338
372
383
370
387
342
1448
390
334
409
360
478
353
399
362
386
338
402
377
417
368
456
334
367
401
1727
337
343
345
356
359
396
333
346
356
355
343
406
332
386
2545
388
576
439
395
341
456
357
340
363
346
414
462
344
360
333
337
368
351
1551
373
324
376
353
356
356
410
350
345
363
366
351
354
337
347
344
343
365
1403
372
330
358
358
386
342
384
681
361
351
337
360
340
352
336
366
345
381
2108
337
333
365
361
360
332
379
366
342
350
395
337
340
335
361
380
416
359
1459
362
333
352
361
361
335
359
356
352
355
344
351
355
343
335
359
377
346
350
378
478
334
361
354
347
343
394
334
370
343
361
340
349
388
448
337
335
358
346
380
355
353
376
350
375
362
365
351
339
375
341
366
1335
406
342
340
357
336
336
339
359
360
346
356
382
359
380
358
389
358
338
1449
381
413
343
364
374
408
368
374
376
339
407
402
428
409
388
362
363
417
1492
343
355
351
555
423
394
347
376
352
340
374
354
352
339
402
349
358
362
1530
337
391
344
356
370
396
350
350
352
363
351
444
350
369
347
356
351
341
377
396
339
366
355
363
333
336
378
370
343
330
355
350
379
355
357
417
358
356
444
345
380
402
464
342
430
342
394
346
376
474
338
347
1473
474
370
403
353
388
396
342
347
335
369
335
360
382
333
370
346
347
346
1926
384
347
342
384
353
384
347
367
341
364
346
367
393
324
342
345
331
330
356
353
335
334
356
339
398
346
349
370
336
333
343
332
371
1441
352
326
333
357
362
346
427
345
329
520
341
340
388
364
359
351
332
422
1417
339
333
341
382
346
338
330
367
365
341
344
428
367
401
361
352
332
337
1447
345
411
344
351
334
336
338
357
342
334
337
370
359
337
365
383
345
334
1456
373
378
363
344
360
362
336
341
335
335
345
337
343
340
364
354
339
341
363
363
368
338
347
395
334
364
340
347
334
352
362
328
330
386
337
338
367
353
355
345
359
345
393
343
330
348
350
353
338
345
416
367
1583
339
348
371
350
331
340
338
347
345
336
441
354
338
490
370
367
343
336
1472
355
371
363
365
344
339
338
372
351
335
350
349
340
384
350
361
361
362
355
331
345
342
370
344
411
333
406
353
337
394
360
338
346
347
347
345
336
362
359
342
337
361
348
349
338
366
332
346
367
344
341
340
1496
340
338
343
360
379
340
345
348
409
351
354
347
341
407
345
351
369
337
1436
347
355
346
360
366
345
342
358
402
333
343
348
384
340
351
476
362
428
1441
380
331
334
349
351
334
341
336
335
326
362
350
354
353
333
342
347
366
2505
358
346
355
400
362
343
344
350
348
375
369
352
386
399
401
354
342
349
344
349
350
338
342
346
339
347
370
342
341
368
345
343
343
1467
341
341
352
431
338
358
342
388
338
341
337
350
404
345
349
2100
374
343
2914
353
365
349
360
357
446
351
356
347
355
339
347
352
359
339
353
361
368
1507
345
397
403
371
373
363
368
359
378
352
384
438
375
339
337
370
360
338
1447
337
370
340
382
345
348
351
456
359
355
364
407
349
345
353
358
348
341
376
345
389
350
362
341
344
339
349
334
386
370
430
370
351
330
359
336
342
361
440
350
338
350
343
348
336
355
369
348
340
415
345
347
1522
363
340
350
359
333
336
395
347
344
346
375
455
381
333
327
414
341
337
1385
332
402
335
361
332
362
396
354
363
338
357
344
342
335
371
362
340
333
1463
348
330
337
452
354
438
334
343
339
374
346
480
337
325
329
584
342
326
1470
332
373
331
447
411
328
345
354
335
404
353
368
333
357
337
351
351
426
422
353
423
336
414
360
450
429
433
334
332
338
350
420
347
363
348
340
331
1804
452
401
398
394
382
408
395
421
396
389
377
384
387
380
1591
387
416
402
407
413
391
396
395
398
386
391
413
424
381
425
392
413
383
1387
419
388
381
407
381
395
386
399
382
418
399
399
377
392
396
401
397
392
1541
392
389
423
408
406
399
396
402
402
390
399
396
396
392
393
409
409
395
400
378
396
377
413
422
399
384
438
414
666
396
458
404
409
431
416
386
391
392
395
482
431
580
384
418
392
400
388
394
388
474
397
395
1540
402
388
389
404
395
404
403
494
424
395
404
410
385
394
392
423
402
393
1448
393
400
394
426
401
380
392
418
405
387
494
387
389
465
398
397
385
451
1536
392
387
387
416
386
388
390
446
382
387
386
407
433
392
496
443
420
403
1866
398
388
388
395
389
379
452
401
387
387
458
714
387
384
390
454
391
389
403
391
389
395
409
424
401
395
403
382
353
393
398
392
380
420
401
400
421
426
381
385
396
467
389
391
390
402
385
385
388
439
394
384
1480
392
389
403
405
390
384
417
395
394
443
382
457
407
393
392
388
394
389
1672
383
384
399
392
373
443
408
374
402
384
389
384
379
379
422
379
412
1876
3105
402
388
396
346
383
332
392
358
390
329
389
349
393
335
381
350
395
330
409
350
399
342
397
361
385
332
354
359
341
424
364
422
429
383
399
332
391
390
407
360
401
345
421
340
375
408
428
349
385
417
419
340
1537
460
437
366
409
396
374
402
347
403
359
417
352
455
334
403
351
385
399
3826
381
411
339
460
364
418
356
412
355
389
364
448
352
381
392
434
362
396
2414
427
346
414
415
366
383
339
360
485
377
335
363
355
350
376
355
352
369
1532
341
380
364
359
369
373
340
358
427
358
353
482
561
379
366
360
347
343
357
347
370
352
362
373
343
397
359
369
340
396
403
415
393
2209
357
397
400
413
401
421
395
396
404
402
386
400
392
379
383
396
416
450
1622
420
390
395
417
456
390
387
494
394
361
388
400
345
388
343
399
349
452
1480
425
364
389
376
393
459
455
466
354
416
397
410
340
394
389
704
350
393
1545
376
527
471
401
413
488
399
404
491
395
401
393
389
385
390
400
385
414
401
424
494
388
421
419
391
464
395
390
407
398
405
389
379
393
385
397
394
401
396
422
403
353
346
394
395
400
346
396
436
404
329
382
1601
421
384
414
519
338
332
390
360
386
404
452
544
391
340
382
360
397
351
1584
338
396
363
406
342
390
385
413
390
391
344
423
341
381
373
413
369
391
1716
392
363
380
370
400
387
388
355
380
379
384
386
394
386
388
398
383
387
1577
414
383
385
402
389
415
391
389
391
385
399
400
380
432
444
457
384
383
419
393
401
403
416
423
454
389
415
390
439
393
393
416
377
393
403
438
446
415
400
392
406
490
385
405
379
402
387
410
385
430
382
378
1441
399
415
557
405
399
385
392
393
436
394
411
397
389
384
414
399
394
389
1553
394
420
387
423
388
403
686
417
380
395
395
394
386
391
405
460
475
389
1517
394
386
566
1419
388
380
403
382
345
357
342
360
349
350
388
372
340
350
356
354
373
360
354
366
348
370
351
368
349
382
351
386
366
361
363
368
337
389
335
358
346
504
360
383
380
347
337
337
337
346
328
372
1505
360
408
343
376
357
340
354
365
362
398
344
346
341
351
365
378
363
415
1425
369
358
361
403
385
403
411
384
371
358
353
372
400
359
389
384
351
359
1368
365
354
361
366
364
411
360
362
359
388
369
361
368
353
387
366
379
353
2162
389
375
394
363
354
349
349
341
364
382
366
376
386
355
344
368
351
339
438
347
371
346
362
351
361
371
407
346
334
354
368
355
383
367
376
335
375
2750
716
502
348
376
341
360
362
375
340
342
368
356
355
338
1511
372
338
351
367
343
339
343
356
350
362
357
356
341
343
363
371
346
345
1544
339
338
338
358
359
344
332
353
393
340
335
355
338
374
424
348
348
336
1554
355
332
347
362
373
340
382
371
360
344
345
362
362
346
383
358
340
334
345
338
340
340
357
344
364
381
347
354
337
349
372
361
353
356
349
3491
540
405
363
369
373
397
373
375
360
378
407
393
436
428
436
399
1584
398
433
413
452
398
438
354
449
408
371
458
388
405
355
350
372
359
362
1561
369
371
355
366
362
375
371
370
363
370
361
370
359
354
387
374
376
353
1601
385
361
376
453
347
392
346
366
351
348
348
387
376
359
347
404
390
420
1663
436
427
429
411
427
410
440
413
454
363
480
441
364
446
427
406
428
350
458
402
440
404
443
395
428
395
393
373
396
346
362
349
362
1384
377
395
460
438
433
396
433
388
359
373
420
382
429
396
377
367
386
345
1360
360
400
367
505
364
357
387
374
360
357
364
338
380
357
376
356
355
381
373
374
376
1575
397
347
345
394
364
344
344
365
341
361
378
359
355
342
336
353
367
337
1418
345
341
355
363
347
338
348
363
413
342
353
355
359
361
355
354
347
342
387
345
372
340
364
335
351
341
365
342
356
347
357
336
341
346
373
339
348
356
375
346
348
351
339
339
352
359
469
385
357
369
442
399
1422
415
430
403
466
340
352
350
374
379
369
352
364
351
439
399
360
373
352
1454
346
356
391
357
358
383
372
388
348
395
428
415
351
384
362
357
434
436
3646
357
382
403
471
353
359
416
355
348
345
385
388
396
360
412
376
397
430
1447
428
411
439
360
381
347
392
378
435
395
462
415
432
401
433
421
429
396
466
399
428
389
439
411
359
405
458
404
425
407
393
351
358
353
376
347
371
363
381
357
361
366
435
393
352
367
348
375
347
363
346
428
1439
426
351
432
413
417
376
420
359
363
350
378
387
439
409
398
388
357
367
1456
355
416
412
448
392
423
413
442
390
418
407
457
340
376
367
363
371
352
1355
345
377
353
375
392
355
390
390
413
357
363
366
364
374
352
2298
332
369
1548
339
333
334
338
331
327
338
363
331
341
356
355
330
344
348
340
357
336
356
332
357
338
341
348
335
356
343
335
323
352
349
359
361
1508
343
328
336
362
372
347
342
347
347
342
362
340
366
347
338
346
345
347
1507
336
345
349
351
345
363
334
346
336
360
346
339
337
348
344
352
339
370
1430
338
344
367
349
334
363
342
353
375
357
340
396
341
367
361
352
354
350
1329
347
335
338
357
375
352
341
353
353
675
434
417
369
399
358
391
348
360
360
381
365
363
362
359
352
355
357
364
383
362
363
364
372
383
364
359
352
373
359
385
373
387
372
363
372
425
378
373
365
418
369
356
1414
396
369
386
359
365
381
387
361
383
362
366
358
390
415
394
397
369
357
1483
359
371
365
366
464
357
355
371
371
353
347
353
360
357
363
375
344
340
1474
353
377
363
360
408
361
380
455
379
355
347
376
356
378
375
360
378
359
2057
366
351
353
365
356
404
375
371
349
366
356
379
340
363
1486
395
355
358
351
571
358
401
410
364
375
354
365
385
353
356
361
356
352
1462
431
353
397
358
382
361
355
358
352
351
378
428
366
358
337
391
400
380
1417
470
373
400
377
348
336
397
346
351
390
378
368
349
361
423
386
349
374
1496
351
375
363
342
353
355
361
370
381
337
343
410
380
357
360
349
373
344
346
360
380
347
347
374
344
373
350
338
353
349
411
349
353
372
355
338
344
365
348
357
348
354
392
357
352
370
361
355
381
357
359
350
1465
367
350
375
390
349
354
354
356
354
352
364
368
353
343
332
348
429
345
1442
343
349
402
353
361
360
447
409
384
353
361
387
486
522
370
422
344
347
1403
341
373
356
358
352
363
363
436
345
351
362
356
456
348
343
382
353
343
1501
377
359
424
354
375
347
351
374
350
467
361
360
345
349
341
362
340
352
366
390
349
343
349
346
358
354
361
372
335
341
358
359
369
356
351
342
343
418
365
371
379
412
344
334
372
409
344
358
354
358
370
425
1633
348
344
380
364
358
362
473
350
497
512
392
401
486
397
369
391
342
370
6052
367
382
349
368
358
402
357
586
356
392
382
376
492
360
374
393
381
660
1482
348
550
354
494
355
397
371
365
346
370
393
378
511
427
355
367
400
374
412
393
353
392
381
353
355
350
384
381
352
382
371
355
550
347
377
406
388
375
350
371
365
367
349
381
361
356
403
354
358
361
379
378
1742
397
374
379
398
346
378
443
367
425
420
489
606
356
499
1215
421
640
356
1527
330
341
325
353
340
345
329
340
339
323
331
349
344
323
346
335
322
323
1430
334
340
340
348
335
341
326
396
541
351
323
340
325
313
319
329
333
322
2073
327
471
312
331
325
361
437
348
344
334
332
345
341
362
341
341
330
319
421
349
339
337
351
331
333
335
327
464
327
337
388
326
356
335
348
330
328
356
327
334
356
338
358
331
355
371
429
353
326
344
337
361
1474
484
330
328
571
347
332
340
414
394
341
336
420
365
322
456
526
399
377
1748
600
368
369
432
668
699
380
427
337
365
389
472
417
387
400
465
411
394
1983
641
324
341
343
389
344
335
339
354
316
332
362
331
327
315
330
347
319
1559
330
332
349
341
330
323
402
495
418
394
400
478
399
415
354
357
402
416
557
366
340
369
369
414
593
362
363
341
375
417
388
345
365
1419
364
339
418
357
416
339
355
354
367
386
345
667
397
342
400
358
343
366
1478
331
407
405
383
472
436
424
497
439
414
411
542
487
435
403
427
501
466
1664
421
440
444
683
889
533
344
549
417
507
452
357
454
430
351
560
353
433
1387
520
505
401
474
349
412
448
351
359
380
324
347
351
435
425
357
363
353
354
355
424
336
543
338
340
342
366
330
442
465
349
344
428
451
576
440
418
573
333
388
439
351
329
343
339
467
408
438
335
349
326
420
1483
344
331
334
553
356
364
512
361
336
401
408
376
428
439
416
530
417
362
2420
349
351
399
349
335
390
416
355
434
366
409
362
334
338
337
361
342
394
1659
347
400
332
359
343
337
392
363
338
336
339
376
437
795
412
355
439
333
423
342
362
342
365
341
343
339
351
330
347
340
408
334
328
471
410
363
1621
360
337
408
369
438
345
341
368
372
352
409
365
344
355
345
360
417
337
1405
356
343
378
364
337
401
415
355
333
370
337
356
338
428
404
371
354
406
426
349
374
405
371
363
338
361
410
333
503
484
352
512
335
387
358
418
350
437
361
402
367
502
415
338
411
351
400
333
411
355
402
346
1554
349
414
337
349
413
338
402
356
423
350
407
387
400
330
444
357
400
336
1508
331
384
330
485
407
369
383
346
412
331
401
359
399
342
403
8608
1464
407
389
413
410
395
496
394
420
390
352
343
420
411
362
369
355
1335
352
400
391
355
338
350
399
366
342
337
401
372
370
392
394
350
412
394
1452
340
341
338
353
354
332
358
357
368
346
391
351
331
406
422
360
336
347
377
340
347
417
360
345
339
398
352
336
337
344
357
334
428
404
356
368
405
538
338
366
350
352
337
365
414
350
426
392
413
358
372
404
1896
331
344
404
547
339
398
413
356
334
478
389
533
353
403
435
553
369
416
1465
523
427
400
521
379
399
422
544
352
404
411
534
567
427
406
526
376
396
1633
518
417
395
543
372
400
367
497
409
342
405
370
413
340
394
348
398
330
420
329
420
333
500
409
354
400
377
409
349
402
348
401
336
429
358
419
340
438
343
411
333
533
408
409
357
369
350
435
439
367
339
338
1372
365
352
437
539
348
345
357
368
386
362
432
352
407
409
423
369
372
444
1457
342
337
339
362
350
416
409
383
342
349
346
366
348
343
397
360
341
367
1408
346
356
402
362
348
349
413
363
344
342
369
364
401
379
399
380
377
399
1717
479
337
409
366
384
401
403
370
388
378
394
361
342
341
385
387
344
380
410
337
427
395
490
437
413
414
457
378
408
419
499
424
397
427
501
421
390
509
397
392
423
359
348
386
415
359
336
388
338
353
356
331
1387
506
366
341
520
328
335
329
345
334
342
402
425
337
397
404
379
339
343
1944
348
413
536
346
332
336
335
351
343
362
333
357
362
333
373
355
358
331
1162008
2034
442
419
414
390
358
341
375
370
327
353
360
347
333
328
358
331
324
363
326
323
326
336
329
327
343
358
328
352
327
349
334
371
325
352
351
324
351
351
332
329
345
326
352
331
346
333
381
362
393
350
348
1479
378
360
395
350
353
360
352
368
359
365
364
373
376
354
348
386
355
353
1662
373
359
434
386
376
359
392
369
356
360
362
388
357
356
365
374
365
380
1462
349
358
385
369
363
351
353
405
353
373
354
366
346
379
351
381
370
377
377
376
351
369
363
355
354
372
360
353
341
347
361
375
361
1447
348
324
322
341
332
325
333
346
340
365
333
342
323
346
330
338
354
322
1323
341
352
333
364
359
364
333
346
351
336
324
360
335
329
327
345
320
328
1396
332
328
357
324
325
324
324
339
359
337
353
340
325
344
320
341
330
335
3531
327
326
357
345
382
384
469
373
376
353
351
387
362
352
363
362
357
375
365
352
355
360
370
359
351
353
353
355
361
352
374
364
376
359
383
356
368
376
384
385
374
366
359
349
370
368
363
380
450
363
355
359
1375
383
361
379
345
357
364
361
370
356
380
362
364
356
353
355
343
362
352
1480
326
352
362
341
384
367
352
342
356
364
360
333
361
360
394
346
328
329
1361
341
337
328
371
415
329
326
366
327
332
331
350
324
344
327
342
325
346
1443
327
323
326
368
334
341
330
344
330
327
322
336
350
327
364
468
331
381
351
334
330
322
420
376
365
363
349
351
375
353
337
354
355
361
347
360
369
373
352
354
385
356
377
378
356
372
356
375
385
355
362
380
1407
348
355
362
357
371
384
365
339
390
361
355
353
380
352
383
347
357
357
1446
334
381
348
338
370
358
361
348
326
358
330
352
331
353
331
360
445
357
1397
394
342
915
345
351
405
364
337
380
331
406
336
437
326
385
386
454
339
399
328
350
374
403
320
374
380
354
339
358
342
355
325
354
404
476
345
366
348
372
327
369
340
344
353
350
367
352
350
360
340
360
337
1427
352
355
362
352
391
412
330
346
352
363
323
355
360
358
340
375
413
464
1747
362
372
488
862
334
345
357
369
938
598
727
1133
342
406
361
1061
528
317
1779
467
324
424
338
333
553
382
506
513
433
349
413
346
393
463
338
331
326
1309
351
324
484
377
355
390
370
360
331
324
327
346
351
382
334
467
329
334
369
362
343
424
362
383
325
353
341
350
346
393
355
374
399
324
340
354
332
339
328
328
332
348
329
352
348
343
328
336
331
342
420
352
1379
359
324
327
346
333
394
325
408
329
353
349
349
327
332
348
338
400
318
2291
452
356
330
431
327
317
318
362
331
349
317
428
377
337
333
344
524
415
1548
349
389
325
441
367
374
334
414
328
330
330
347
371
343
352
357
337
343
1516
326
353
360
452
325
346
331
369
331
358
333
365
329
367
330
374
360
359
381
428
385
356
349
368
363
390
356
382
323
468
362
375
370
1433
398
332
344
351
353
328
388
555
366
324
388
332
370
331
355
339
356
330
1485
355
380
331
375
359
360
351
354
329
351
334
416
334
342
321
395
365
371
1411
339
435
341
361
333
347
382
363
334
366
330
365
438
397
317
413
332
372
1502
349
2486
361
418
372
327
331
341
343
342
382
337
368
322
369
431
353
318
349
328
333
328
361
319
325
321
335
331
327
327
346
377
317
1289
15173
5522
423
307
295
293
300
335
295
294
297
332
293
299
289
304
325
287
1347
369
288
293
319
327
294
306
310
347
296
297
404
296
352
322
335
302
297
1342
302
322
294
320
303
297
302
297
314
299
295
352
303
295
372
323
301
292
320
302
298
342
308
294
291
316
301
296
328
312
308
295
300
428
308
345
303
313
331
296
289
314
297
317
295
305
299
296
306
313
322
306
1608
326
296
327
302
288
310
297
310
456
303
316
325
292
315
339
308
288
287
1320
285
304
311
328
395
287
309
331
298
306
301
350
328
294
397
329
317
290
369
298
363
315
308
325
296
284
313
329
407
331
307
315
359
459
298
310
293
331
323
312
320
303
345
319
339
330
311
317
334
357
318
315
1491
301
356
394
300
318
311
342
306
359
446
308
308
375
319
321
312
316
320
1418
323
337
310
346
319
307
311
311
320
313
311
315
313
374
336
314
310
311
1382
322
302
544
387
308
307
307
314
334
315
310
301
312
359
373
297
306
302
339
289
310
309
305
315
314
313
306
321
311
326
310
335
330
471
306
319
314
327
287
306
