10207
7514
4017
4116
3759
3758
3743
3735
6612
3906
3720
3668
3521
3963
3822
5986
17909
3810
4997
4852
3778
3821
9495
3898
3683
3665
3716
3611
3701
5363
3971
3951
3595
3642
3634
13139
5210
4042
3683
3947
3749
3878
4110
5820
3993
3967
4268
3850
3939
3837
5748
3901
3881
4427
4073
3968
3950
5395
3769
3827
3772
3827
4507
3948
5681
3822
7801
3881
4339
3750
4128
5324
3740
3618
3541
3727
3511
3815
5499
4084
3576
3503
2614487
5391
4117
27744
4016
3906
3901
3700
3545
3598
7757
3669
3867
3822
3566
3759
3669
5110
4177
3603
3605
3658
3512
3663
5056
3481
3542
3719
3746
3603
3955
5037
3653
3635
3754
3701
3661
3648
4972
3482
3703
3567
3393
4181
7607
3690
3714
3492
3672
3653
3636
3565
4481
3548
3648
3652
4067
3585
3496
3664
3704
3534
3630
3656
3502
3574
3489
3536
3527
3498
3691
3656
3725
3559
3690
3646
3681
4427
4048
3867
3756
3564
3659
3656
3538
3548
3807
5450
3646
3978
3743
3629
3747
3574
3499
3527
3545
3531
4373
3581
3474
4116
3670
3681
3665
3673
3587
3624
3601
4070
3662
3549
3586
3531
3581
3622
4110
4188
3574
4676
3638
3697
3802
4267
3767
3655
3726
3647
3632
3666
4079
3594
3671
3623
3697
3768
3612
3670
3728
3582
4021
3606
3539
3625
3660
3721
3642
3716
3689
3554
3777
3837
3813
3553
3717
3584
3952
3590
3593
3652
3741
3809
4075
3534
3706
3705
3672
5015
4128
3669
3683
3558
18601
4339
4354
3855
4016
3751
3591
3564
3452
3526
3667
4349
10137
1843
1739
1707
1589
1849
1784
1729
1658
1684
1870
1801
1871
1675
1681
1778
1858
1795
1778
1777
1835
1880
1752
14638
14986
1869
1758
1774
1619
1684
1842
1784
1674
1700
1764
1614
1816
1743
1736
1814
1727
1792
2055
1862
1742
1796
1752
1728
1643
1732
1978
2083
1735
1754
1717
1662
1692
1697
1654
1681
1731
1709
1583
1649
1790
1613
1694
1686
1690
1594
1756
1644
1719
1589
1552
1553
1758
1671
1718
1788
1804
14985
1824
1646
1708
1741
1884
1811
1619
1710
1652
1741
1689
1712
1792
1696
1561
1596
1709
1811
1726
1601
1560
1730
1626
1718
1649
1706
1705
1557
1646
1594
1727
1462
1733
1753
2307
2221
2088
1829
1623
1529
1630
1654
1747
1654
1784
1800
1694
1625
1631
1577
1721
1797
1863
1665
1639
1673
1762
1687
1825
1672
1635
14648
1659
1750
1674
1869
1712
1571
1846
1688
1707
1650
1680
1863
1643
1678
1695
14628
3466
1809
1712
1616
1732
1703
1591
1602
1634
1525
1460
1606
1583
1524
1415
2917
1427
1445
1497
1478
1529
1570
3421
1718
1562
1563
1563
1497
3282
3482
1518
1596
1396
1511
1405
1470
3327
1703
1425
1476
1649
1726
1698
4067
1601
1719
1863
1735
1838
1632
3424
1679
1468
1525
1735
1560
1543
3251
1824
1701
1736
1708
1738
1746
3048
1755
1557
1680
1667
1503
1807
3389
1792
1699
1583
1626
1741
1541
3189
1679
1523
1565
1669
1609
7670
3788
2272
1876
1607
1580
1460
1568
4016
1443
1455
1412
1422
1538
1533
2854
1517
1614
1412
1481
1555
1522
1507
1473
1397
1408
1363
1344
1395
1567
1524
1453
1545
1774
1571
1747
1473
1571
1558
1780
1658
1689
1681
1626
1500
1513
1530
1570
1682
1677
1494
1609
1459
1400
1394
1454
1401
1596
1489
1622
1416
1496
1837
1729
1749
1929
1931
1846
1763
1951
1849
1808
1770
1806
1737
1595
1743
1622
1571
1599
1669
1543
1525
1467
1513
1576
1667
4384
1749
1601
1490
1617
1604
1576
1522
1595
1534
1470
1500
1567
1472
1485
1437
1505
1656
1459
1420
1467
1374
1494
1465
1480
1419
1530
1487
1545
1489
1437
1485
1391
1439
1556
1593
1536
1553
1485
1462
1524
3963
1667
1590
1531
1494
1517
1500
1580
1473
1447
1458
1519
1477
1480
1508
1558
1439
1520
1490
1430
1394
1647
1477
1366
1440
1448
1451
1406
1495
1556
1540
1581
1521
1504
1624
1522
1538
1463
1483
1492
1456
1486
1475
1455
1449
1411
1506
1463
1549
1514
1441
1439
1532
1459
1546
1467
1548
1408
1488
2832
1511
1486
1625
1549
1486
1517
4191
1518
1456
1472
1456
1423
1426
2837
1512
1433
1448
1451
1448
1473
2877
1433
1339
1474
1434
1445
1506
2878
1426
1486
1509
1515
1483
1521
2942
1411
1523
1463
1526
1417
1406
3026
1434
1371
1411
1390
1429
1395
2729
1429
1368
1429
1424
1487
1475
3672
1474
1484
1428
1430
1437
1421
2903
1444
1414
1385
1371
1374
1892
3979
1968
1597
1653
1699
1631
1565
2957
1569
1555
1637
1641
1565
1534
2919
1457
1523
1461
1535
1517
1496
1525
1624
1450
1459
1565
1533
2875
6780
1484
1524
1536
1540
1516
1540
3645
1460
1502
1586
1449
1447
1505
2815
1557
1525
1486
1435
1513
1483
2822
1611
1468
1479
1470
1436
1515
2773
1529
1510
1524
1569
1529
1517
2783
1512
1514
1563
1528
1538
1571
3527
1595
1547
1479
1453
1523
1522
2863
1518
1505
1468
1576
1487
1441
1524
1580
1615
1509
1561
1499
1539
1558
1597
1678
1422
1706
1611
1928
1704
1694
1688
1752
1763
1741
1588
1676
1619
1757
1673
1604
1568
1532
1628
1992
1631
1616
1599
1618
1574
1654
1540
1513
1469
1685
1537
1581
1560
2363
1911
1742
2505
1238
977
975
1025
1069
1032
1111
1165
1167
1062
1200
1034
1149
1218
1177
1070
1036
1087
1068
1085
1017
979
997
993
848
891
1115
987
854
957
851
902
887
855
947
856
827
854
854
820
827
1043
905
1016
1077
956
990
899
935
921
1019
846
901
926
831
1010
850
829
1021
1053
903
941
1021
920
1046
904
910
1044
898
879
883
842
926
1017
917
891
980
891
870
955
938
1035
938
1031
943
902
982
1032
1053
1072
897
945
1072
932
894
6406
862
785
743
718
803
756
731
756
789
737
766
829
740
738
736
720
734
719
673
792
714
702
848
727
696
699
717
909
750
2285
1192
832
697
713
840
686
2257
1143
813
665
702
688
750
675
810
626
654
702
701
670
700
1362
796
761
775
707
689
695
699
815
750
762
734
746
1929
749
651
694
694
690
677
1933
695
711
694
773
735
795
2478
736
687
731
729
695
696
2022
771
721
664
707
687
659
2185
645
628
594
625
639
734
4850
626
651
585
635
731
650
1894
678
611
610
608
606
652
1899
601
573
612
646
603
583
1841
610
637
619
601
595
596
1822
630
597
618
609
584
576
1762
598
649
601
597
591
580
1858
617
620
587
600
639
582
1880
603
606
600
693
586
662
599
599
654
696
670
616
606
591
654
609
606
625
624
663
596
591
633
635
610
613
711
802
791
755
633
64702
713
667
634
785
690
703
1249
879
720
684
687
691
683
649
697
803
631
661
669
626
653
681
639
611
745
702
866
664
792
835
755
781
651
663
645
634
730
735
696
663
695
763
652
645
631
671
658
698
723
645
683
693
662
653
738
698
729
676
649
720
668
655
634
638
700
688
667
636
669
669
675
686
876
672
670
687
672
672
671
670
691
657
732
645
654
680
700
727
657
642
667
693
666
625
738
2775
912
867
703
690
649
739
662
12518
1438
838
702
655
653
799
651
691
662
632
620
644
643
663
671
666
666
705
679
656
649
828
730
721
680
767
660
647
685
650
639
636
654
611
649
624
687
701
697
610
630
664
892
727
764
732
927
733
672
881
695
672
658
691
705
2500
753
691
684
663
675
629
655
656
621
731
754
921
657
719
625
675
656
718
623
727
707
697
676
644
642
761
782
653
808
640
678
650
648
681
652
690
649
645
642
676
706
674
628
704
752
719
753
702
910
765
704
670
751
720
674
677
722
684
660
713
679
658
667
712
693
754
706
643
667
625
625
685
693
782
703
784
662
681
797
662
649
742
701
668
1919
666
626
683
724
812
750
1897
687
677
666
652
642
792
1996
722
844
642
655
817
679
1910
642
787
673
718
641
698
1989
696
787
674
809
659
671
2007
697
662
656
673
702
649
2198
697
711
692
659
657
727
2134
685
666
662
785
694
640
2039
752
722
788
749
754
702
4378
677
694
669
689
706
2851
3045
830
766
630
597
641
600
1697
601
633
619
602
592
597
1777
620
597
597
614
613
635
609
589
616
578
569
580
550
565
551
574
600
615
624
550
565
562
655
579
602
599
574
563
578
568
1555
637
674
623
589
604
662
583
626
575
572
590
765
584
557
621
591
565
567
607
604
564
555
572
563
568
574
585
589
579
556
580
567
567
623
603
570
583
598
549
600
574
570
569
571
563
558
602
569
560
593
573
578
617
566
564
564
575
546
590
546
561
556
587
562
545
581
606
558
558
569
551
571
563
676
602
757
645
666
602
567
580
552
570
578
564
576
1819
572
575
560
566
591
569
569
650
560
557
626
579
568
607
542
567
567
567
572
574
571
556
580
597
697
600
590
565
574
580
557
532
600
575
572
562
632
602
564
577
572
589
601
594
564
558
571
575
563
551
611
569
561
557
557
555
587
565
571
564
2347
548
565
560
575
546
563
1828
575
623
553
578
566
569
1823
582
556
570
556
557
579
1893
613
579
627
553
560
550
1781
564
568
586
569
566
564
1703
571
572
677
566
560
557
1632
519
559
557
543
538
540
2596
538
540
550
537
542
551
1735
582
568
559
565
538
554
1654
592
547
552
552
534
539
1595
518
656
558
534
590
541
1646
550
1685
5024
948
731
708
1993
622
623
649
634
754
629
630
624
756
605
1058
603
846
804
632
636
645
859
631
596
730
689
622
689
666
701
710
640
649
641
721
650
640
672
657
644
643
628
639
630
652
649
643
632
638
635
704
645
655
633
589
571
595
583
578
579
614
558
562
578
551
552
577
613
583
673
641
565
564
576
577
569
591
566
577
585
580
586
567
576
1181
647
668
698
763
739
764
640
604
633
645
635
614
635
15983
3313
478
428
378
362
356
452
386
378
391
370
424
387
392
405
383
534
368
396
385
383
370
368
440
364
370
370
369
404
378
412
362
401
367
432
369
358
392
543
349
339
350
343
357
388
349
387
341
336
379
358
374
494
359
371
373
356
360
398
359
350
427
344
360
349
394
379
364
382
439
355
375
378
375
355
330
389
334
353
334
388
375
371
366
359
324
377
374
363
345
367
324
330
332
370
326
369
352
332
332
349
349
333
331
342
329
329
353
349
329
336
361
326
349
325
336
329
326
1547
335
343
349
358
361
488
1560
327
363
352
363
324
359
1414
341
379
342
372
329
371
1524
347
364
324
345
326
425
1455
329
325
330
340
332
371
1495
335
325
324
465
365
356
1602
460
323
325
336
452
335
1485
649
385
383
376
339
332
1457
372
329
346
357
346
332
4026
355
465
330
413
364
380
1816
346
346
337
362
388
399
1670
377
359
360
372
346
329
1699
358
347
350
359
391
342
490
371
353
343
357
375
339
495
349
368
382
395
371
351
425
361
377
361
481
356
327
433
412
395
335
354
356
423
392
347
342
333
379
335
334
340
379
369
356
345
341
344
374
351
354
341
351
358
359
371
355
371
339
363
344
321
375
373
365
408
350
333
317
383
372
335
316
356
353
329
382
348
347
331
357
355
363
459
349
312
306
391
309
310
355
344
307
314
377
307
312
365
336
322
309
327
311
316
348
334
398
314
333
319
338
346
334
440
315
326
309
314
493
470
314
305
354
530
464
366
342
308
446
339
335
311
333
422
332
321
350
320
310
348
363
310
311
348
310
306
335
339
309
327
346
310
342
339
366
316
314
334
312
327
326
329
313
307
326
336
321
352
328
319
304
370
321
306
415
325
317
345
363
327
311
307
332
306
310
2306
312
348
309
335
308
344
1543
311
331
306
324
367
332
2371
319
308
327
319
337
303
1484
307
308
336
363
311
335
1424
311
306
348
326
314
309
1480
309
308
372
328
320
333
1554
344
302
330
395
328
312
2162
340
323
345
331
443
362
1759
313
313
350
331
350
316
1612
309
382
330
330
343
307
1878
316
334
311
375
427
320
1594
331
333
310
355
308
339
1890
337
307
382
327
453
328
691
482
353
355
394
349
341
443
391
347
344
385
364
345
462
410
361
371
379
352
338
422
364
328
327
365
319
425
387
402
333
327
367
333
324
337
362
367
336
395
316
346
368
384
337
350
347
314
363
365
536
347
354
485
326
353
404
383
346
327
363
358
12594
362
367
344
322
716
353
340
367
380
338
340
396
344
339
365
368
348
336
372
389
338
375
472
555
361
386
1008
402
422
380
344
351
379
364
360
377
389
355
349
362
364
360
412
371
370
370
374
363
415
390
359
361
361
395
401
367
383
355
375
369
375
368
371
407
402
368
388
396
383
364
414
366
365
385
375
342
378
1523
433
360
401
542
406
363
1734
357
368
363
377
397
362
2399
410
381
369
371
363
376
1623
372
405
395
423
367
472
1739
386
379
373
380
386
392
1564
330
349
355
371
359
373
1548
413
359
369
394
393
364
1608
365
390
370
363
357
359
1570
359
352
356
418
357
359
2520
351
352
356
377
374
372
1771
392
362
364
351
357
366
2641
432
442
354
488
376
404
1700
363
388
361
397
357
359
513
379
378
366
356
362
371
468
368
361
356
373
356
355
428
380
361
453
360
361
356
400
360
372
346
399
371
396
389
351
350
375
363
396
363
355
365
361
367
357
390
351
403
353
354
362
367
351
340
381
370
380
352
364
356
354
420
384
356
357
484
356
360
436
364
364
364
365
388
372
381
364
361
359
372
368
354
382
365
374
357
358
382
359
381
357
371
369
357
358
355
398
361
374
390
365
372
349
378
363
349
340
351
351
353
395
355
356
351
365
374
353
364
363
353
365
365
382
359
367
372
358
381
379
364
365
375
386
364
359
378
371
367
367
363
389
367
372
396
378
371
355
359
360
373
372
366
400
370
366
398
362
380
362
390
360
376
395
362
394
377
363
367
356
365
355
381
363
367
371
371
350
370
388
364
365
377
364
361
1554
389
375
370
418
362
398
1536
367
394
360
399
369
512
1558
466
384
382
420
370
372
1494
392
376
356
370
403
486
1575
368
366
365
359
361
360
1624
400
372
380
371
369
364
1563
364
364
390
389
634
381
1731
372
363
366
367
367
410
1973
412
403
416
372
357
368
1766
351
408
368
363
362
362
1763
359
396
366
368
369
385
1725
365
364
369
375
367
344
2613
398
360
368
385
404
350
500
362
374
366
372
372
371
458
373
363
412
423
354
385
446
371
362
359
370
361
359
487
374
363
442
365
368
387
402
362
375
367
378
383
368
373
374
358
360
368
354
379
438
359
361
360
395
406
362
386
363
379
394
368
357
360
404
378
369
358
357
365
388
426
372
407
356
377
389
364
416
377
352
351
386
358
356
390
381
365
396
383
479
375
397
375
387
356
382
358
367
403
399
385
363
375
375
366
382
365
361
359
386
370
365
395
410
375
393
388
371
390
371
372
365
361
383
391
362
375
408
414
354
410
359
397
359
383
360
363
383
375
360
367
377
364
357
375
386
397
355
393
391
364
382
368
433
362
414
390
355
391
362
391
368
426
376
359
385
361
402
343
369
356
376
1596
378
359
360
369
352
351
1490
358
359
348
358
388
360
1569
357
426
344
350
374
368
1692
367
384
440
367
519
357
1563
363
352
396
418
361
409
1547
367
365
359
368
397
377
1549
370
360
345
404
382
380
1463
357
343
344
387
354
355
1564
348
347
360
347
379
346
1619
391
350
329
351
329
335
1636
319
350
334
382
345
347
1648
345
365
355
371
366
348
1735
357
347
358
341
343
349
500
351
376
385
349
383
341
477
355
344
358
340
343
343
452
370
352
390
400
349
341
373
362
405
354
354
343
343
363
398
350
386
358
374
385
358
369
371
347
358
349
353
392
376
355
356
375
352
357
418
420
333
339
379
366
585
465
390
358
363
410
366
380
374
381
372
363
373
351
347
391
382
351
347
373
350
355
410
374
346
417
377
351
368
379
354
334
329
413
361
365
411
368
356
341
426
349
403
366
366
335
366
361
360
430
357
364
354
343
427
352
416
363
570
348
339
385
398
364
466
362
332
337
368
351
385
332
347
381
340
349
364
325
329
344
322
322
384
319
351
318
338
322
344
340
326
318
319
337
333
322
354
331
350
319
477
359
344
394
325
439
322
335
322
337
1491
386
352
332
410
604
329
428
394
329
328
350
345
339
2374
344
415
328
345
383
336
1522
330
342
432
346
344
500
1504
330
394
358
445
353
346
1566
365
392
332
353
329
332
1538
330
345
350
359
328
405
1568
365
335
335
347
389
368
1554
506
376
368
642
418
378
2307
367
547
370
424
379
377
1572
356
374
379
368
754
375
2028
361
362
360
375
368
392
1671
341
339
324
341
354
364
1556
361
329
367
367
323
343
1765
362
506
376
358
374
362
488
399
357
386
383
383
334
450
359
359
338
363
329
346
409
355
329
333
364
379
330
362
349
328
327
486
328
354
338
362
369
358
343
368
329
325
335
380
322
355
324
334
437
656
703
633
592
468
649
452
654
469
670
431
663
427
693
425
654
409
665
415
656
424
696
657
685
436
659
425
685
425
667
440
671
471
809
683
665
647
642
671
858
669
445
665
441
688
728
443
641
426
691
418
673
425
662
402
686
426
671
406
696
420
643
533
673
409
684
455
663
407
662
428
650
425
673
470
417
673
719
436
661
429
663
408
674
656
431
656
439
667
403
657
426
647
438
678
402
442
638
518
688
423
445
400
411
407
421
408
408
500
769
489
752
440
666
410
685
471
684
427
685
515
648
1609
695
691
405
687
429
671
1600
515
668
423
665
406
405
1555
387
433
455
464
404
398
2632
394
468
406
442
458
415
1459
419
402
406
420
718
399
1838
394
693
436
782
412
696
1608
657
411
755
381
461
409
2658
430
387
363
342
360
365
1486
357
366
354
365
365
372
1708
364
355
384
364
354
380
1725
357
362
370
367
384
377
1593
399
353
378
392
357
353
1667
370
361
369
367
358
376
553
359
359
405
375
392
361
436
355
347
345
366
382
359
449
361
370
367
339
363
371
423
357
352
348
408
358
385
384
380
366
404
472
372
358
359
369
358
353
362
358
391
399
356
376
351
377
366
358
378
371
413
373
370
366
360
370
370
367
363
371
364
363
380
382
355
359
363
362
399
379
359
345
380
371
373
363
398
364
357
360
410
391
389
396
360
354
378
367
369
359
359
364
355
350
438
362
388
379
407
361
378
456
374
366
422
395
359
356
356
357
356
357
362
377
363
363
364
360
357
416
364
356
350
386
358
387
459
358
368
363
355
363
373
450
366
375
384
418
404
388
358
364
359
388
349
361
402
349
353
339
377
343
356
345
366
362
353
349
366
345
386
350
355
353
2304
389
366
357
360
358
353
1504
405
359
386
357
422
524
1596
366
352
376
354
359
379
1557
375
352
374
360
359
376
1477
344
461
367
375
355
358
1598
364
372
398
390
369
368
1485
356
341
333
446
417
374
1496
381
503
378
356
353
392
2674
702
675
673
504
410
395
1938
397
421
734
705
719
710
2586
691
718
708
699
788
959
2173
700
678
687
389
391
380
1849
412
426
430
424
366
386
1711
379
387
420
412
433
389
543
406
402
409
400
418
413
630
427
406
439
386
395
418
466
444
392
389
398
397
401
456
401
398
503
411
412
391
463
393
399
397
404
420
399
414
402
481
412
406
381
399
423
410
396
391
405
391
392
443
392
409
393
398
393
399
451
427
400
391
409
525
391
381
400
531
367
444
467
354
398
537
421
375
378
365
362
471
411
383
542
427
367
362
398
363
356
358
406
401
392
371
414
371
389
472
390
370
374
397
383
378
461
409
353
369
465
357
358
394
376
360
373
419
363
382
477
391
395
453
400
533
365
338
350
348
363
365
357
358
424
501
404
404
397
415
390
408
382
387
428
422
376
397
404
385
420
377
409
442
617
434
623
368
389
491
412
364
436
378
407
366
403
362
373
1621
382
362
360
409
437
383
2658
395
351
361
389
387
349
4734
463
534
448
708
653
651
2939
648
675
663
706
664
748
1871
423
365
359
330
323
349
1555
351
320
347
396
336
403
1527
397
395
366
416
361
355
1421
375
374
385
357
360
373
1567
363
358
351
406
373
341
1679
389
361
376
398
387
346
1723
362
352
351
362
373
345
1705
363
368
366
347
358
375
1730
367
370
364
378
343
352
541
386
407
372
370
353
384
478
370
375
359
361
358
382
444
396
356
396
362
343
385
395
369
354
359
369
342
359
373
367
360
423
379
342
345
360
358
491
446
355
403
340
416
365
364
378
376
350
403
380
354
352
350
361
353
350
440
366
356
358
371
349
364
416
360
346
376
348
322
354
388
338
331
324
332
353
357
356
340
347
382
355
328
340
364
351
328
327
345
325
345
342
335
324
332
355
323
322
481
375
322
328
369
322
367
343
343
337
322
335
318
322
332
330
322
323
334
352
338
349
355
375
338
331
370
337
347
333
324
361
336
332
336
328
373
322
322
330
338
335
330
348
328
348
352
347
323
362
366
338
347
351
352
337
389
354
356
329
391
357
360
359
389
356
355
1436
348
371
358
344
347
349
2290
336
363
352
359
370
409
1471
387
353
362
347
360
374
1437
356
368
363
368
354
368
1366
360
358
361
380
357
360
1812
358
360
332
363
358
381
1418
350
645
363
423
390
388
1453
387
377
388
407
379
386
2263
392
388
381
388
391
427
1591
382
372
381
379
385
404
1487
399
350
385
396
431
370
1515
380
471
392
473
391
416
1622
438
379
415
416
362
398
1555
477
470
423
415
384
471
1692
434
376
423
443
392
396
2684
449
400
464
399
430
394
1630
450
368
413
401
399
396
1858
377
425
405
419
425
440
1645
415
477
423
392
372
379
539
395
412
373
391
364
392
501
443
379
373
426
365
411
461
390
381
424
391
371
372
409
429
382
356
396
356
363
397
396
358
444
400
423
365
371
381
393
372
385
354
394
462
395
363
384
385
452
422
418
382
353
405
389
383
362
404
415
336
400
380
335
449
373
435
365
413
427
406
471
402
681
363
338
362
409
402
409
358
367
353
360
395
376
387
364
358
404
422
482
352
377
505
387
494
355
421
356
385
409
358
361
359
358
407
379
426
360
380
365
373
356
391
361
398
366
362
359
346
399
375
370
353
351
359
403
348
376
345
343
355
338
367
355
370
397
356
362
361
355
369
372
363
395
545
367
365
378
373
360
372
537
373
360
369
370
411
384
375
383
369
369
380
376
1339
1123
428
457
362
365
376
393
1775
343
356
357
386
354
362
1593
346
399
352
388
374
361
1651
341
348
357
380
358
352
1560
376
354
356
358
373
385
1551
362
402
385
353
385
360
1710
354
349
350
381
353
371
1631
351
354
338
359
356
355
1679
360
359
356
364
369
363
1764
373
393
355
363
363
364
1813
506
359
360
468
389
369
1998
355
356
408
345
359
373
1654
438
404
352
364
392
394
516
470
353
341
345
340
385
460
344
344
342
360
352
342
443
344
344
334
385
362
372
394
362
351
341
358
360
351
381
357
350
398
339
386
361
336
359
343
347
362
323
345
357
356
371
350
351
334
344
399
355
348
370
413
351
366
384
348
353
363
390
334
343
380
401
342
347
360
335
347
383
367
353
340
388
342
343
416
359
380
360
362
338
374
461
364
368
348
445
357
350
400
359
335
343
443
399
393
359
361
348
409
408
339
339
349
357
343
352
373
329
344
380
367
358
345
363
339
346
404
361
344
345
367
347
367
352
350
351
495
580
357
429
362
355
353
355
367
371
354
470
362
380
373
431
394
350
353
357
353
357
373
387
367
372
396
356
373
365
461
351
366
350
363
353
381
352
494
385
448
389
387
382
363
383
369
363
349
394
351
359
407
362
348
358
394
361
344
404
359
347
369
449
366
348
350
391
330
326
390
377
457
377
375
377
349
426
374
360
420
352
371
352
415
356
353
405
359
342
344
340
357
329
608
452
330
459
340
353
379
374
366
326
388
358
360
332
347
343
406
329
338
339
329
325
397
329
340
359
338
463
365
370
339
329
345
362
330
330
365
334
402
341
347
364
335
340
335
353
387
344
343
365
570
384
595
403
357
349
353
545
352
362
334
356
348
358
1739
381
342
341
415
369
381
1895
2517
349
347
352
366
337
2620
351
385
365
363
349
350
1579
374
328
346
372
383
345
1650
335
350
331
379
333
329
1687
334
330
328
342
406
332
1568
334
383
432
341
329
331
1518
341
334
327
395
362
329
1560
342
352
375
343
361
388
2684
406
352
372
354
393
383
2050
352
353
349
437
354
364
1866
360
344
365
356
351
401
1780
360
356
381
354
371
361
1634
371
352
355
349
366
437
528
359
351
360
431
354
351
465
372
347
350
387
354
366
433
391
406
362
357
402
353
411
372
347
400
371
364
376
384
618
362
349
367
348
345
364
370
443
372
382
408
379
424
383
376
391
372
375
434
549
361
363
391
346
410
336
378
346
339
377
343
346
338
369
359
337
341
359
351
339
396
358
391
343
359
359
332
371
371
342
339
403
347
351
378
357
337
340
365
355
366
391
389
357
374
354
355
396
393
363
344
339
369
457
339
373
356
340
342
355
364
342
408
354
339
341
356
341
353
350
354
353
338
357
396
340
354
355
344
388
357
343
346
343
358
346
345
567
343
338
341
353
341
338
481
340
334
384
361
342
342
568
357
336
345
351
338
332
487
343
341
360
356
340
352
1570
343
358
349
358
341
343
3871
366
363
363
356
342
355
1565
339
392
340
551
408
341
1587
392
341
362
434
342
384
1555
345
361
395
362
360
413
1628
372
408
339
371
408
345
1447
396
339
366
785
387
330
1758
321
438
399
394
332
339
1748
364
376
359
354
348
345
1703
338
338
415
380
338
341
1822
787
342
341
357
338
396
1700
421
394
554
385
345
344
1575
356
348
336
359
349
347
488
399
333
426
355
340
356
439
353
334
343
405
335
346
451
386
336
336
409
334
342
379
360
331
336
347
333
355
350
362
338
368
356
340
336
343
388
334
649
361
335
441
527
360
428
331
353
357
366
516
367
338
342
362
344
343
365
391
350
371
405
395
329
399
352
337
363
389
357
331
386
356
338
450
365
339
341
398
404
347
340
361
389
339
389
374
345
338
353
335
340
376
407
344
352
363
455
338
367
354
338
424
406
350
337
373
362
339
343
353
348
341
455
346
332
335
346
356
337
346
435
376
338
353
345
365
340
361
370
338
474
356
338
343
358
367
364
494
337
334
339
409
335
352
474
337
350
341
354
353
334
484
353
337
337
416
356
336
465
370
328
335
359
341
336
1595
386
339
346
363
335
672
1674
370
344
334
360
338
593
1556
377
342
350
397
351
384
1805
1318
324
325
368
330
325
1535
325
323
355
372
323
324
2594
328
320
318
341
342
320
1829
340
338
376
340
327
320
1417
331
335
335
397
485
354
1843
321
324
332
348
329
347
1651
324
407
335
346
354
373
1868
332
383
337
341
339
320
5036
326
432
345
421
323
317
2660
347
321
322
342
324
323
1553
346
331
321
338
324
321
468
339
343
325
376
342
320
446
364
322
321
376
368
320
418
348
337
319
346
338
323
388
359
322
320
373
326
322
343
1781
366
408
340
457
354
339
341
337
357
343
335
332
368
339
354
332
363
369
340
382
338
334
351
342
422
384
372
364
330
339
385
333
392
403
355
334
364
337
333
347
381
348
352
362
337
347
334
371
338
354
402
341
333
334
400
342
342
337
367
333
340
353
399
360
337
340
337
342
358
343
339
335
339
560
359
350
400
336
335
343
408
336
447
349
342
340
355
355
420
355
332
332
335
337
336
337
365
352
486
332
337
335
617
345
384
332
345
351
366
383
416
337
347
404
339
331
331
345
399
328
390
344
345
337
365
337
329
331
374
334
334
328
335
331
348
1379
335
331
381
460
300
327
1725
304
409
308
318
323
307
1809
363
316
310
374
311
307
1471
331
310
333
319
303
310
1427
313
309
337
340
310
323
1984
306
309
308
348
311
379
1561
327
301
328
310
307
327
1412
307
358
316
313
308
309
1529
320
305
364
329
365
305
1609
308
370
302
322
346
336
1649
343
336
387
351
336
333
4484
407
338
440
348
334
335
1889
445
330
320
2080
529
394
488
1628
374
321
353
314
416
431
312
307
306
312
328
300
423
310
336
310
313
304
302
400
319
337
313
373
324
337
353
334
311
504
355
311
314
340
315
369
326
314
320
372
543
419
346
310
316
306
302
390
312
310
323
310
360
309
350
313
353
315
317
308
311
343
312
314
374
317
311
321
346
353
309
306
318
323
320
342
312
310
313
312
341
311
363
311
454
310
314
335
311
366
352
309
335
316
323
303
336
317
308
332
362
322
311
322
312
304
503
314
377
356
356
333
307
311
320
337
304
321
305
310
351
313
345
513
329
312
308
405
366
316
335
320
311
313
334
337
308
454
333
317
436
307
539
338
351
330
309
308
375
407
323
363
312
318
315
300
343
306
381
341
311
304
316
1426
339
304
309
360
341
389
1479
314
303
331
340
307
329
1743
311
380
358
380
333
300
1427
334
303
361
312
331
305
1762
312
331
457
374
321
417
1411
311
386
305
349
333
312
1573
323
328
331
318
306
389
1549
334
307
305
313
309
303
1404
338
315
318
310
306
306
1701
374
306
331
336
310
318
1593
302
302
304
438
321
327
1531
310
324
303
312
303
308
1527
310
364
305
318
307
306
461
384
331
305
313
307
305
415
310
312
304
346
311
331
399
437
458
310
312
301
304
374
316
331
304
373
310
310
2750
336
427
321
326
316
330
373
326
375
354
360
319
306
340
317
334
367
324
338
307
321
323
305
304
311
387
311
333
312
303
331
321
349
394
335
331
317
345
307
302
309
356
339
308
304
326
329
308
334
350
310
307
324
337
305
344
310
307
314
345
306
307
371
317
309
330
320
336
327
332
324
308
333
321
303
309
330
316
308
341
325
310
327
326
330
310
309
340
365
309
317
320
340
318
316
404
326
319
313
308
307
310
308
343
325
312
329
301
321
309
307
317
321
364
304
323
313
340
308
410
307
307
348
315
312
305
319
331
362
323
308
322
366
343
309
310
323
304
366
397
345
363
306
340
324
366
306
561
328
361
348
379
359
322
379
347
355
1577
349
327
387
412
411
353
1555
332
372
324
407
402
470
2036
392
357
307
347
357
323
2256
331
302
345
345
332
1285
2235
356
443
335
372
330
350
1689
345
343
360
342
364
328
1669
331
325
365
345
337
334
1694
360
348
332
350
360
324
1577
331
323
325
351
334
329
1578
371
329
334
348
335
336
2496
327
363
325
360
321
361
1665
352
364
336
332
366
328
518
336
333
327
412
355
352
454
344
326
376
338
330
324
447
335
338
811
337
361
337
377
327
339
321
336
347
324
352
361
333
334
335
345
337
336
330
330
391
339
324
362
358
343
350
356
332
331
369
359
326
398
455
339
339
356
356
390
327
330
348
365
334
401
409
331
330
350
333
364
372
349
336
389
369
338
329
390
354
357
338
365
330
336
358
352
352
339
351
335
336
351
353
353
329
348
330
355
405
345
329
324
386
488
360
400
387
323
325
365
318
372
375
377
324
328
355
320
331
341
349
347
327
363
328
330
343
387
325
336
351
353
323
335
351
332
356
344
336
336
348
392
326
363
371
323
326
343
363
334
338
377
353
331
392
351
363
329
370
327
354
326
349
364
335
365
331
315
352
344
341
331
3558
323
324
349
387
339
332
1566
328
373
327
352
328
331
1562
346
334
347
355
332
326
1443
328
334
330
367
424
324
1547
352
338
342
389
373
334
1460
330
347
364
369
338
331
1488
340
376
338
379
362
346
1519
334
350
347
383
343
359
1508
371
326
339
344
335
366
1628
359
335
332
374
351
351
1678
325
348
329
400
333
349
1700
356
326
324
351
393
333
565
355
326
380
366
359
323
480
353
334
368
363
367
335
426
1204
386
350
411
324
346
372
326
315
318
348
335
318
338
328
332
325
329
319
330
332
336
317
320
319
311
333
341
327
342
335
357
310
314
357
342
319
314
322
330
324
374
329
323
321
347
325
351
382
323
316
339
326
323
341
369
325
317
331
328
322
324
375
327
340
328
326
349
319
349
359
325
320
363
393
356
356
333
324
317
325
360
328
362
328
318
350
327
319
324
354
333
321
336
331
336
313
384
343
322
350
328
304
311
412
335
324
339
327
313
326
335
327
343
316
324
321
324
342
322
328
313
325
318
319
359
327
366
315
324
319
322
322
328
353
327
321
334
323
329
322
350
321
352
337
326
322
345
328
318
323
315
311
392
363
324
319
348
380
341
320
368
358
308
381
348
441
310
327
320
315
1466
323
386
379
376
320
328
1423
325
385
320
325
315
371
1417
318
313
322
330
325
324
1420
317
319
318
339
406
325
1550
322
334
323
342
384
340
1592
350
328
385
329
316
317
1440
368
356
322
326
325
322
1505
327
327
343
725
419
339
1827
345
335
322
346
329
333
1808
330
351
326
346
383
316
2089
320
321
355
362
335
376
1607
346
346
335
368
366
366
1616
352
332
352
339
329
327
537
371
332
326
349
330
331
428
349
324
354
347
326
341
415
357
323
321
352
326
324
385
478
323
357
350
397
372
340
351
358
328
346
343
359
373
337
352
361
359
362
325
375
333
326
323
375
323
334
372
340
339
328
335
334
327
353
370
326
347
340
349
323
376
335
327
335
342
351
324
352
349
331
344
381
349
334
396
344
324
350
361
315
343
367
349
352
322
361
325
319
389
336
408
335
348
320
326
389
379
325
338
349
318
495
337
347
326
325
353
326
317
385
327
321
384
341
355
323
386
388
370
324
350
329
324
351
348
326
347
343
353
334
396
361
355
308
342
323
305
336
346
309
310
378
357
305
520
321
336
333
376
410
348
323
365
333
325
347
363
327
327
397
328
329
1660
340
329
354
352
378
385
1649
443
324
346
349
331
343
3992
494
420
395
333
309
303
2399
310
307
326
306
326
318
1466
328
306
322
313
312
300
1390
311
303
306
329
326
321
1842
339
325
322
315
307
400
1461
316
316
306
316
307
334
1473
564
352
346
329
304
308
1566
312
358
406
335
346
309
2441
335
310
314
348
306
307
1904
313
319
331
364
307
311
1634
334
494
369
385
364
338
499
349
334
327
344
328
333
431
412
326
329
391
327
331
404
347
385
328
360
322
331
390
342
337
326
442
337
353
354
354
339
334
379
333
327
349
340
328
345
350
368
331
372
394
346
334
362
355
376
381
361
348
327
343
328
349
395
352
340
354
350
331
338
363
351
366
360
446
324
327
358
350
323
332
346
325
355
357
370
331
320
353
404
326
377
352
336
403
351
331
348
363
346
332
334
343
328
463
357
346
321
367
654
358
410
341
349
355
332
351
326
330
402
389
335
331
373
329
360
352
352
363
330
404
351
358
391
358
406
344
413
339
328
360
344
536
335
415
360
332
344
585
361
342
500
419
323
331
376
355
375
351
325
351
337
355
346
340
349
329
332
342
350
348
330
372
329
329
378
387
325
326
355
327
347
322
350
331
344
1440
329
365
354
386
332
350
1398
328
351
341
392
383
334
1390
353
330
330
342
334
330
1381
338
332
331
374
329
331
1544
395
332
328
344
371
338
1436
383
329
327
433
358
322
1463
331
331
331
365
618
333
1608
327
333
341
346
339
359
1446
330
377
329
340
340
338
1700
331
329
362
395
330
331
3920
346
374
337
344
344
315
1625
454
315
371
373
337
357
1593
340
345
318
352
368
363
492
339
400
403
334
349
321
438
369
319
317
339
339
319
402
340
319
511
385
315
366
355
328
328
311
329
311
341
349
349
377
329
336
310
371
348
328
306
312
335
361
334
452
336
334
314
404
309
309
372
323
327
352
329
307
307
362
326
324
308
356
308
310
355
331
338
306
382
308
313
341
335
333
312
332
312
332
359
330
315
313
331
313
314
345
352
306
316
393
312
345
371
344
312
327
335
331
312
339
332
313
315
332
337
310
326
333
308
329
329
335
392
323
327
313
339
329
313
310
327
330
311
312
342
310
314
333
377
350
315
347
333
311
333
331
315
331
349
319
316
327
330
316
330
326
313
312
348
331
331
345
337
316
344
319
335
315
314
330
327
315
321
329
469
331
1442
314
313
347
326
309
311
1504
316
333
367
330
310
308
1480
369
375
465
335
327
311
1430
340
393
329
339
311
329
1507
314
355
406
410
312
308
2448
405
327
311
460
313
315
3066
381
411
317
332
456
476
1891
311
454
311
328
309
392
1806
313
332
316
339
349
366
1673
324
313
314
331
346
317
1733
1302
1142
411
355
376
375
346
362
411
352
344
371
391
362
343
342
453
365
377
378
343
340
348
390
343
343
382
362
366
350
350
344
362
363
363
363
345
490
367
343
409
370
349
364
348
365
349
357
379
345
350
353
349
343
361
348
343
343
364
463
348
369
363
350
347
365
350
427
408
355
353
373
355
364
473
376
358
349
345
352
365
344
374
357
341
349
366
349
340
338
351
348
346
1474
350
364
344
347
386
461
1730
348
369
349
403
361
373
1505
349
345
365
352
356
343
1524
380
358
364
366
345
342
1448
396
359
365
359
348
411
1479
363
342
367
382
358
398
1523
366
344
347
372
363
343
1691
346
367
345
359
346
345
1443
348
361
357
346
346
347
1647
346
346
401
366
385
356
1743
433
364
368
348
343
348
1979
399
347
432
357
379
346
4884
367
346
353
347
426
344
516
444
369
306
356
327
465
1645
326
305
325
350
303
308
459
377
308
343
327
332
330
412
426
405
368
346
339
338
568
345
347
443
354
375
358
411
589
374
343
347
344
338
525
390
346
366
349
418
361
357
416
368
357
377
394
394
390
370
348
358
413
342
345
375
399
385
392
380
355
346
377
384
352
384
365
352
382
408
401
339
345
457
370
460
382
342
460
436
362
357
383
410
435
428
417
344
364
365
413
416
467
368
376
374
373
413
357
398
359
375
393
326
347
354
378
323
339
339
351
339
344
320
373
348
381
317
361
343
318
321
392
319
358
340
344
351
370
337
353
353
363
344
376
366
355
350
334
343
348
327
360
351
323
356
379
343
322
337
397
322
356
363
478
375
360
376
356
327
320
411
327
323
342
323
323
361
366
371
341
1595
333
327
454
369
335
327
1365
334
343
379
344
392
319
1504
320
322
340
348
320
328
1541
357
358
326
338
345
370
3640
320
319
314
353
322
320
1470
335
339
323
349
322
318
1486
348
320
326
340
326
339
1513
316
316
347
336
317
317
1427
352
321
327
341
316
331
1777
315
342
321
342
356
365
1673
314
391
318
339
341
324
1923
355
321
320
343
319
324
1673
369
324
324
398
327
337
509
346
365
425
402
416
381
481
400
372
380
382
379
367
454
369
359
389
365
357
359
412
372
361
357
373
423
358
381
381
375
389
378
384
380
378
434
369
378
366
360
359
392
397
384
360
376
365
365
415
368
377
372
462
359
369
405
363
385
425
359
359
360
384
366
369
393
361
355
388
409
355
426
359
370
366
375
415
386
361
365
367
421
384
400
378
388
354
362
359
357
389
356
429
362
350
369
322
341
355
320
319
337
322
316
363
347
332
370
346
609
382
326
328
319
314
331
309
310
317
397
349
383
372
351
353
376
362
343
340
361
420
344
346
359
357
375
376
341
449
482
347
687
379
368
345
481
374
350
452
345
355
311
437
337
326
348
329
338
368
355
330
331
321
312
1483
317
333
1228
358
308
326
1491
312
307
313
383
347
327
1999
303
332
316
367
346
311
1554
308
342
326
343
309
308
2590
316
310
330
411
367
307
1458
306
306
340
325
431
329
1622
313
365
337
370
333
318
1402
347
333
359
972
338
320
2684
325
312
338
336
311
318
1654
321
307
313
327
359
321
1659
309
358
330
332
337
314
2679
340
335
313
385
308
308
1574
328
302
311
334
317
313
474
385
344
380
392
332
335
478
425
336
335
349
379
329
418
349
430
321
350
350
347
363
380
349
330
349
327
323
345
352
338
332
369
326
392
385
354
354
325
356
334
329
378
345
324
359
350
333
371
376
345
380
333
352
345
357
362
361
339
674
446
321
326
401
364
377
359
341
328
323
352
340
331
384
343
341
325
368
370
328
319
368
340
349
346
344
329
325
344
337
374
352
348
352
356
477
328
408
364
349
328
326
369
330
344
342
350
357
350
343
336
327
330
347
351
316
350
338
351
328
347
324
343
355
341
330
351
340
326
341
351
358
325
330
343
332
323
345
350
358
381
370
356
345
350
329
330
320
347
335
323
340
331
343
333
352
341
320
345
327
321
321
340
328
331
346
346
375
351
352
359
341
341
343
317
322
382
348
349
1489
314
318
355
339
317
315
1477
320
319
327
335
404
336
1553
324
317
339
333
358
332
1524
360
325
313
452
332
314
1482
352
328
322
345
327
364
1420
385
332
318
345
321
356
1405
322
324
326
349
318
317
1425
320
330
335
370
325
325
1465
325
340
341
345
325
569
1803
303
305
305
326
325
303
1642
327
306
351
364
370
309
1563
320
328
304
503
311
329
495
363
301
350
354
304
320
446
324
305
335
323
310
301
406
360
306
310
328
301
300
391
325
306
302
321
300
302
356
321
321
309
337
308
362
317
362
326
367
321
363
305
334
350
310
307
326
306
302
335
980
945
370
376
365
349
369
348
374
390
374
341
374
365
423
337
363
346
335
335
365
336
338
360
341
336
338
366
367
340
366
340
367
334
357
345
333
338
348
334
334
360
347
340
336
398
347
391
360
346
362
336
368
334
337
367
338
363
371
346
357
338
369
343
343
335
320
338
357
350
449
346
333
368
305
364
370
411
353
321
489
450
303
307
384
303
323
321
310
300
331
323
302
308
326
311
348
307
320
302
42311
765
316
322
325
323
302
303
318
304
304
321
319
308
305
328
306
330
299
318
306
303
329
360
307
306
328
333
312
4330
314
306
300
335
351
324
1571
306
327
301
318
299
341
1411
305
337
303
355
305
347
1860
306
323
308
320
304
321
1427
354
301
324
455
550
306
3229
800
306
439
330
332
306
1452
333
327
298
322
374
296
2562
830
296
304
338
328
307
1524
297
422
298
630
295
424
2554
416
585
298
317
368
329
1599
325
510
450
351
294
686
1907
418
294
319
339
321
298
1971
381
293
391
423
294
296
456
331
301
320
312
301
7055
592
258
204
203
202
204
201
286
201
206
205
202
202
203
258
206
206
207
203
210
206
215
207
206
210
210
203
203
212
204
205
202
286
272
239
243
210
208
211
210
209
208
241
207
210
210
209
209
205
226
266
214
210
217
220
213
254
226
218
213
223
213
211
251
232
211
210
230
231
213
252
233
210
211
237
250
215
255
226
216
210
228
229
250
250
1622
217
216
229
230
221
252
231
212
220
227
211
214
265
232
216
213
228
211
216
226
230
216
219
225
210
217
238
230
214
218
229
219
212
227
230
217
212
224
211
219
225
231
301
216
224
210
216
227
229
211
214
288
218
214
210
261
213
209
221
213
228
212
235
243
215
253
212
221
227
226
210
216
217
213
214
213
221
248
215
224
230
214
219
222
217
218
2005
217
211
215
225
215
208
1309
214
244
218
215
221
207
1392
209
207
208
214
209
202
1336
210
219
208
216
207
206
1369
206
208
206
211
232
210
1268
205
202
204
213
205
208
1203
206
205
204
220
204
209
1981
221
207
205
212
203
208
1421
218
207
205
213
211
236
1586
214
231
205
215
201
213
1523
228
204
202
211
207
201
1501
215
206
200
216
205
208
363
216
201
231
212
209
203
337
215
204
198
214
205
214
347
237
214
208
217
209
208
268
327
214
311
215
203
216
240
221
208
302
214
201
248
220
213
207
234
221
205
216
226
220
208
213
214
206
206
254
214
206
204
211
257
209
232
211
213
204
209
201
203
232
205
202
201
234
202
203
228
201
205
204
202
197
202
237
203
201
200
224
214
204
236
221
203
241
217
209
203
239
277
252
201
221
239
202
236
220
211
206
219
207
206
215
215
241
205
233
219
206
227
229
212
209
214
206
208
222
214
204
206
263
227
194
1395
204
196
198
204
195
194
1336
202
195
201
207
205
232
1230
202
197
223
211
199
197
1271
196
198
197
205
197
193
1247
195
194
204
206
193
199
2116
218
195
197
210
207
198
1439
215
195
232
209
205
228
1453
215
197
199
213
203
195
1457
207
197
194
225
197
205
1568
209
196
197
237
194
204
374
206
197
204
212
244
201
328
209
232
194
207
196
198
432
218
197
196
206
208
194
274
208
195
195
205
199
195
227
220
195
194
205
197
278
218
220
202
194
210
196
197
261
220
256
195
206
232
202
242
259
229
193
217
195
193
225
307
233
227
248
214
196
260
245
199
203
213
198
198
267
215
232
197
244
201
197
245
213
199
199
211
218
201
252
216
199
201
213
202
200
260
215
205
200
216
210
200
238
221
199
203
209
232
197
231
275
270
208
293
205
203
238
246
248
210
225
222
210
210
216
205
202
249
205
206
213
219
203
200
248
203
203
206
213
218
208
212
211
205
203
222
205
202
214
202
210
241
218
208
237
242
209
212
207
223
205
205
215
208
240
207
230
201
209
215
199
209
210
223
205
198
1677
204
205
201
215
202
207
1286
210
200
205
218
208
204
1392
206
238
209
251
222
209
1303
226
203
207
214
204
202
1423
213
202
203
214
207
234
1213
244
205
219
259
333
209
1231
209
206
210
220
207
204
1218
225
205
209
218
239
222
1312
225
207
205
219
202
204
1440
221
203
202
217
204
208
1575
225
205
210
216
217
200
1535
219
206
206
217
204
205
1411
221
206
203
218
198
200
386
218
205
203
213
198
201
340
231
200
201
215
205
201
309
234
200
200
218
256
274
318
234
200
205
332
204
237
256
220
204
207
273
203
204
312
249
205
257
218
204
206
227
196
197
227
210
200
204
210
203
201
238
215
196
200
212
194
200
240
219
227
196
210
198
200
235
213
201
200
215
201
205
235
216
277
194
211
212
202
238
233
197
4101
312
239
215
232
209
199
208
221
197
201
229
211
201
199
213
238
205
212
236
200
205
211
211
203
219
222
200
200
211
205
236
201
213
206
198
211
201
204
208
213
198
206
209
203
198
204
214
200
205
212
200
203
201
221
198
206
215
200
204
200
250
211
200
217
239
196
229
205
204
231
197
196
197
200
201
433
211
275
296
197
198
197
199
193
1250
188
190
191
226
198
194
1312
192
193
192
195
192
191
1253
198
195
226
198
230
189
2352
202
193
195
229
196
195
1342
192
191
205
195
198
192
1201
194
275
196
197
198
191
3963
197
193
195
198
197
194
1817
197
195
195
199
197
197
1646
197
195
212
203
201
197
1530
229
196
196
195
198
194
2620
224
215
234
221
206
201
1463
200
199
201
224
210
211
378
225
206
202
227
206
207
334
224
213
215
231
210
207
300
224
212
208
221
206
205
265
226
208
209
230
208
213
249
222
206
214
232
209
209
237
221
204
207
225
210
209
226
226
212
204
257
210
210
235
261
209
201
215
205
203
252
213
205
198
214
196
200
236
225
198
201
466
204
203
244
218
204
214
211
273
249
249
231
211
211
259
203
206
241
225
208
209
216
208
205
292
263
205
208
223
268
210
229
224
208
206
223
216
214
