19583
5534
6036
4783
4853
6098
4650
8713
21139
5246
6424
4489
4284
4719
4676
4510
4723
4670
5106
4671
4940
4682
4595
4871
4669
4725
4631
7966
4547
4668
4704
4613
4584
4642
4490
5905
4552
4630
6214
4699
4600
4996
4704
4456
4598
4738
4719
4905
4562
16808
4533
6145
5348
4683
4632
9139
4573
6204
4595
4379
5999
4738
4361
11580
5004
4613
4562
4535
4485
4757
4664
4623
5237
4417
4481
4426
4853
4447
4531
17803
5157
4405
3206292
7438
7932
4755
5289
4627
6306
4520
5070
6272
4374
4553
4150
4397
4344
4527
4279
4519
4369
4657
4254
4783
4281
4257
4480
4666
4504
4638
4381
4412
4226
5853
4765
5512
5934
4873
4484
4466
4422
4303
4242
4435
4278
4294
14180
4392
4735
4241
5009
4398
4356
4499
4705
4368
4349
4272
5720
4363
4384
6611
4309
4369
7262
4342
5214
4730
4535
4539
4533
4360
4621
4399
4412
4509
4535
5038
4529
4691
9072
2014
1974
1941
1956
1807
3175
1984
1919
2099
1897
2143
1900
1909
1946
1950
1918
1807
1776
1812
1915
1849
2147
2163
2007
1827
1800
1962
2000
1984
2011
3786
1964
1866
3116
1895
1859
1788
1873
1919
1870
1920
1892
2039
1900
1742
1854
2368
1888
1822
1804
1807
1956
2081
1883
1800
4380
1741
1763
3277
1763
1833
1882
2030
1874
1962
2095
1725
1762
1833
1783
1736
30390
1863
1943
2035
1977
1884
1908
1937
1986
3405
1839
1812
3258
1799
1822
1927
1903
1782
1703
1826
1941
1890
2497
2081
3378
1990
1505
1503
1559
1633
1613
1587
1576
1454
1620
1505
1727
1558
1395
1455
1486
1514
1410
1669
1331
4266
1438
1520
2897
1363
1356
1431
1399
1403
1439
1436
1404
1480
1460
1418
1396
1344
1385
1616
1497
1323
1319
1417
1288
1488
1378
1455
1328
3072
1404
1414
1373
1355
1351
1638
1432
1403
1562
1395
1461
1362
1379
1438
1492
1420
1502
1460
1520
1379
1522
1560
1471
1575
2750
1671
1648
3249
1450
1371
1423
1402
1638
1354
2095
1373
1438
1415
1405
1449
1418
1400
1362
1471
1420
1436
1452
1462
1319
1403
1414
1308
2624
1365
1294
1285
1258
1305
1280
1358
1399
1388
1322
1377
1345
1396
1387
13633
1390
1325
1262
2668
1403
1362
1506
1235
3041
2938
1890
1388
5524
1524
1525
1366
1350
1341
1392
1439
1409
1439
1329
1214
1397
1404
1395
1295
1343
1316
1394
1435
1433
1275
3793
1313
1356
2709
1330
1313
1371
1437
1389
1333
1315
1378
1412
1448
1356
1357
1572
1408
1487
1412
1248
1386
1292
1360
1238
2648
1581
1408
2985
1466
1297
1195
1144
1139
1120
1039
1125
949
1261
1119
1255
1126
1111
1156
1115
955
1023
1128
1141
1002
2335
1112
1043
2561
1169
1042
1044
1065
1079
1377
1068
962
1031
1043
961
929
942
1065
1023
1182
1072
1081
1375
968
1008
1096
979
961
2894
1035
1010
1089
1017
921
981
1524
1115
1017
1048
1030
1150
1089
998
1095
1014
1034
1046
1050
1155
1132
1125
1004
4593
2797
1357
1187
2558
1069
1054
1002
1115
1065
945
1018
1065
996
946
938
982
983
928
945
969
941
931
983
1010
1044
2236
1074
953
2395
958
986
948
1000
963
959
975
979
893
897
1185
945
1076
884
906
1142
1021
976
1021
1206
1013
2628
952
1034
2251
919
1208
946
1133
990
1018
1024
985
1042
1019
994
1020
1146
999
948
1031
1139
1041
1027
1019
991
2244
1093
993
2841
1080
998
1074
962
1147
984
1000
1002
1053
1140
970
1009
1128
969
1001
968
991
1026
1129
2017
955
1008
993
988
2490
1149
992
1073
992
970
1002
998
1122
1189
1137
1029
1172
1070
1061
1104
1018
998
1062
1037
981
1181
1098
940
1233
2433
1083
1147
3482
1026
996
1098
1136
1166
1221
1040
1115
1092
1142
1085
1159
1133
1103
1103
1144
1038
1099
1172
938
1082
2420
1135
1093
2311
1132
1030
1038
1140
1093
1287
1085
1022
1076
1022
996
996
1064
1044
982
956
1001
1021
954
976
978
896
973
1052
2383
984
1182
2682
1152
977
939
1069
961
944
1096
1084
1026
1036
948
1086
1092
1018
1001
1033
1012
1047
1029
1030
985
1052
1004
1040
2292
943
966
996
1079
1173
1123
1048
972
1054
975
941
990
945
1117
977
1039
998
979
897
925
941
1031
936
975
2527
988
944
978
1001
971
971
1033
941
941
1011
873
908
987
928
977
1034
1102
1070
1075
906
1100
1085
1029
1024
3580
1128
990
2503
986
879
914
841
952
919
979
899
890
1044
852
844
1014
970
1004
955
13885
1015
910
859
854
2167
830
875
2258
831
830
877
844
929
852
806
890
822
851
871
971
933
922
845
895
863
855
932
1149
865
2580
928
879
2131
919
950
943
938
903
2572
942
840
895
928
913
858
1095
916
896
887
843
10576
900
909
881
934
940
926
1042
906
886
2159
974
944
3492
905
892
933
940
944
948
985
1017
905
1020
1064
981
1017
993
1111
995
1018
1161
1006
979
917
1023
972
938
2213
907
984
2157
935
917
1029
1024
1057
973
962
943
878
1016
919
1115
941
974
905
894
915
801
950
848
908
935
806
817
2127
860
859
889
807
844
805
6166
1004
809
710
710
768
721
773
750
788
697
677
713
653
698
673
691
703
4662
690
644
2023
705
655
693
686
673
669
707
669
800
755
665
669
731
673
691
679
698
678
689
631
675
1903
702
646
1809
733
660
683
665
620
632
627
628
703
741
689
626
797
641
696
664
626
654
819
719
684
2092
661
654
2878
694
670
654
685
668
701
655
753
662
662
664
631
717
709
737
738
710
691
693
717
663
2074
688
663
2031
730
679
681
637
711
745
807
675
701
745
692
720
768
702
782
722
762
656
819
698
695
637
790
728
1933
767
667
652
689
655
644
640
627
637
648
668
694
640
638
629
652
609
745
823
641
630
641
639
619
1995
713
719
2087
636
620
621
661
719
695
657
649
3266
657
678
661
646
647
768
645
616
652
648
666
733
267892
699
763
9143
813
641
642
654
616
620
868
971
813
815
818
810
866
817
820
834
798
806
832
963
720
2252
912
935
3294
957
904
890
881
860
871
1115
852
832
833
826
840
920
856
922
854
834
851
904
831
852
848
893
839
2120
873
815
845
835
852
857
844
861
844
760
1090
820
2414
1375
1088
1094
992
985
919
878
866
964
872
848
2163
1054
887
2066
921
898
1923
7211
1438
1236
2125
893
786
698
695
724
690
779
645
666
667
680
677
653
655
1988
639
628
1867
660
623
701
724
639
624
727
650
647
641
699
638
650
637
629
904
798
684
645
955
714
1951
650
649
1930
639
639
648
683
789
647
651
676
648
833
810
838
1116
927
934
947
841
1177
795
764
892
2047
807
782
2077
756
750
757
908
752
844
760
744
665
1112
844
830
841
843
902
918
879
1176
1131
961
981
995
774
788
2076
919
770
771
962
772
795
906
773
924
811
760
828
809
3409
1149
3219
1566
1007
880
724
872
965
877
1084
2515
995
983
3553
966
860
836
951
878
829
1091
935
4105
821
829
874
956
796
822
861
861
896
1044
993
822
2134
919
865
2166
728
918
829
695
892
914
872
885
848
861
934
882
892
908
818
886
822
858
862
962
943
2328
972
849
2337
809
780
911
923
930
855
943
836
980
860
837
892
927
886
963
732
657
686
946
780
770
2071
653
646
1911
657
635
641
775
654
628
958
665
626
632
681
638
714
620
688
654
637
650
657
618
617
658
627
628
1880
634
626
1859
639
829
657
701
719
641
646
658
668
713
686
668
643
720
645
664
646
709
774
697
643
1895
704
648
1974
635
641
748
652
644
631
716
670
655
727
722
715
660
646
719
727
715
647
653
633
698
1926
653
680
1785
642
721
653
652
715
646
670
657
659
1355
671
661
683
661
638
663
647
720
731
649
658
1774
654
681
1839
699
684
648
641
681
640
728
657
708
626
667
635
643
644
639
711
680
658
633
659
635
670
718
642
1953
672
642
650
645
637
656
715
632
646
658
657
651
695
668
12125
740
636
2037
656
632
635
634
622
619
619
624
637
607
733
669
664
620
671
638
626
705
1953
670
700
2011
635
650
1791
630
621
622
623
640
741
610
614
637
636
669
636
7949
4132
520
493
572
514
526
468
505
1693
477
470
1734
465
467
489
474
460
473
467
458
557
475
436
445
462
436
448
439
448
439
484
502
447
451
479
447
2445
538
487
558
505
459
496
549
451
500
464
5229
1186
731
481
436
457
452
450
440
425
590
482
455
463
1718
462
472
551
434
546
507
455
446
434
442
447
471
514
428
526
435
442
544
442
437
454
498
428
506
1576
415
482
2850
430
451
478
458
433
417
500
434
436
618
435
473
452
441
432
442
431
443
449
413
454
1795
494
438
1843
495
454
467
468
455
480
463
443
442
446
441
436
446
438
488
443
439
431
465
453
440
1565
455
474
1721
442
436
503
444
438
473
463
437
446
455
494
432
441
434
443
513
441
435
448
444
442
451
443
438
1614
471
503
531
466
465
469
454
553
435
441
438
435
540
449
450
455
460
458
446
441
541
459
437
442
1632
438
443
565
440
436
529
451
441
423
466
435
443
440
433
456
452
437
650
461
442
444
457
440
440
1745
445
433
1840
453
476
458
458
446
441
445
433
702
439
425
449
443
442
429
472
425
426
520
457
561
2163
423
568
1895
437
462
452
438
445
437
435
938
440
425
423
481
440
508
499
469
433
547
570
453
437
2836
431
431
1834
459
437
481
458
431
549
447
501
443
431
475
512
480
433
455
450
440
479
526
513
482
475
430
569
1836
622
455
535
435
437
520
456
500
453
491
460
477
451
471
468
470
449
455
461
459
452
457
439
452
1691
561
444
584
502
452
476
633
477
459
440
446
474
475
441
462
474
443
566
440
440
451
3313
697
581
546
460
465
1908
469
450
582
458
454
480
459
453
466
445
445
449
468
451
451
457
451
446
458
449
458
459
461
481
1824
449
442
2756
462
458
482
447
454
457
458
458
478
542
448
457
452
451
462
464
467
449
461
450
458
1679
522
455
1874
455
455
499
457
452
450
472
456
500
460
465
509
483
451
509
568
449
444
459
463
466
1717
481
454
1818
502
519
497
440
473
442
453
462
455
448
433
461
465
460
465
492
457
464
578
463
443
1680
481
453
1596
436
467
506
490
477
463
502
439
433
433
480
464
457
432
430
458
437
434
444
466
458
480
450
441
1605
473
434
563
440
449
469
462
439
538
540
481
455
447
448
471
459
459
430
518
474
474
448
466
486
4014
445
485
1862
445
445
481
516
440
477
435
482
434
431
454
440
454
447
494
483
445
431
442
458
473
1599
535
439
1890
440
435
490
454
441
435
441
494
422
482
436
437
452
457
515
479
448
445
441
453
483
2409
449
457
1712
524
443
466
436
444
455
457
437
447
430
438
458
444
434
425
442
432
431
438
605
443
1677
469
452
1657
450
454
494
482
439
471
451
440
493
439
443
443
433
430
482
447
490
450
444
444
458
444
449
432
1621
551
449
550
567
443
474
443
431
439
531
481
487
507
440
511
441
447
432
428
434
437
493
430
438
1634
430
451
1778
440
447
514
458
458
433
451
488
440
468
430
427
504
440
429
424
445
457
490
445
539
1650
515
520
1807
449
446
470
462
465
438
443
445
486
427
432
480
442
427
424
439
419
426
437
433
433
1569
431
450
2346
454
626
542
441
450
443
436
462
435
434
441
441
493
440
434
457
449
456
460
458
460
1587
436
447
1698
450
465
514
469
450
460
462
471
447
454
477
458
540
429
432
509
427
457
455
444
448
454
459
454
1818
455
456
572
461
456
492
435
496
502
431
438
448
434
437
485
443
450
438
536
489
476
485
456
452
1693
448
442
1726
429
439
451
447
454
463
470
462
453
610
484
494
439
444
446
444
460
433
446
444
435
1614
442
442
1796
437
451
475
451
447
463
459
457
449
478
494
460
454
450
446
454
477
441
437
441
429
1544
461
434
1743
513
437
457
446
433
431
429
424
55010
872
473
434
429
431
436
447
435
434
466
460
443
449
444
422
1606
448
444
560
454
456
464
445
447
441
444
478
445
495
447
454
447
445
441
455
442
440
596
512
457
1733
471
473
1813
460
452
481
504
457
464
456
453
461
506
458
452
446
445
529
475
444
582
492
499
450
449
450
442
466
542
472
455
455
445
1628
462
446
1855
469
447
523
486
460
468
456
483
451
437
450
449
441
529
453
494
502
454
496
451
483
1714
455
499
1632
448
441
524
457
446
480
468
1356
534
466
468
493
446
453
449
455
494
457
463
457
465
483
472
480
1895
454
465
569
494
457
541
558
468
464
453
453
449
446
439
463
460
505
501
569
463
559
475
459
437
1665
491
441
1844
455
452
452
461
454
496
458
478
507
450
455
458
447
441
498
456
459
451
460
506
452
1601
453
435
1879
473
433
542
456
440
458
790
535
510
524
440
482
474
455
555
481
472
426
457
449
448
1591
444
458
1908
446
446
473
484
431
462
452
442
495
448
441
526
468
441
441
437
457
439
450
490
460
1688
469
446
1664
454
447
551
444
465
468
471
452
457
475
496
481
449
442
451
461
457
446
470
448
444
468
456
443
2346
464
464
585
461
467
530
473
458
454
437
489
439
464
439
537
517
437
431
441
501
432
452
453
453
1572
529
482
1785
472
444
478
444
431
429
434
458
433
438
447
496
431
436
478
494
428
458
459
534
441
1634
526
522
1828
433
420
454
431
424
446
447
486
441
441
447
437
444
484
466
435
483
427
497
447
442
1663
504
434
1716
448
442
469
450
452
440
472
433
435
447
491
472
431
450
448
431
431
423
446
459
436
1732
498
423
3703
452
487
502
442
431
438
458
443
435
437
489
432
471
422
520
460
440
574
450
507
457
508
525
450
1672
527
453
590
455
459
498
468
451
470
519
437
444
443
441
438
438
448
431
439
458
441
451
462
454
1565
462
474
1871
455
458
479
469
450
448
444
483
444
547
498
461
456
634
456
504
436
460
462
451
455
1687
507
445
1987
465
446
475
451
442
469
451
464
710
778
731
645
709
702
707
747
704
640
754
670
804
2096
753
709
2025
666
624
691
769
749
759
790
748
828
668
740
627
731
706
694
862
765
759
818
880
765
2310
673
482
1724
457
448
532
458
467
535
460
452
495
457
480
482
460
462
470
460
464
457
464
460
450
464
499
459
2390
466
465
578
465
468
507
460
477
457
450
456
486
449
446
447
455
450
436
460
459
461
463
454
463
1563
460
450
1796
465
441
551
459
441
438
446
431
429
488
456
470
446
448
503
470
476
438
439
448
437
1557
450
479
1705
446
454
471
444
440
446
468
442
428
446
442
493
438
431
443
470
458
447
442
440
446
1639
443
476
1566
454
457
510
448
432
468
509
449
429
439
452
431
436
427
437
459
472
438
438
490
441
455
459
442
1728
456
465
564
467
439
477
583
455
442
440
451
437
452
479
469
497
503
452
443
456
435
506
453
433
1760
451
479
4686
447
441
480
456
441
456
496
458
447
450
471
456
527
474
459
454
455
465
456
447
427
1670
475
469
1828
461
429
456
459
449
452
467
520
441
453
441
466
485
444
444
445
442
445
453
456
449
1950
453
448
1565
444
470
492
444
438
440
448
533
463
456
434
441
483
439
446
506
433
433
467
463
445
1571
451
451
1500
445
445
515
442
442
458
460
456
434
442
442
442
522
433
460
460
459
442
459
458
498
481
498
447
1665
457
453
567
455
475
474
475
452
456
460
442
447
456
478
462
495
439
446
472
455
465
469
505
436
1647
469
453
1962
456
461
517
456
446
487
460
568
457
459
444
467
441
469
439
451
440
435
471
447
471
1673
1441
472
1823
464
429
466
455
443
440
455
441
477
453
437
458
447
442
429
453
435
483
519
500
460
2431
480
435
1597
445
427
475
445
467
441
483
431
428
493
423
442
495
432
450
436
435
487
439
438
529
1563
444
429
1823
432
419
509
443
442
503
432
424
416
517
424
534
438
423
458
442
463
423
441
447
431
446
452
444
1633
447
432
576
518
444
465
447
453
435
431
428
427
448
420
444
448
433
428
443
449
435
449
450
427
1647
447
439
1751
491
435
475
448
443
557
449
433
430
477
459
485
449
444
442
516
436
428
447
466
435
1910
459
444
1712
448
434
454
451
459
456
499
481
451
497
431
432
549
478
429
437
431
426
437
510
449
1636
454
438
2565
431
446
487
442
429
441
495
475
577
459
509
461
465
452
451
443
442
440
453
447
460
1693
501
425
1532
488
468
503
430
436
450
440
433
441
434
452
441
471
432
446
441
431
452
486
466
439
453
445
441
1549
462
430
567
452
484
456
444
429
435
440
449
503
549
435
456
442
506
441
478
584
450
467
454
434
1703
447
438
1855
440
454
474
471
441
453
491
470
467
645
441
502
501
454
485
439
444
5702
464
436
442
1722
453
723
1714
479
453
486
462
449
481
442
1156
551
454
456
477
443
458
497
441
440
437
448
446
447
1597
458
460
1621
453
435
499
538
437
447
454
454
439
428
449
467
455
486
438
437
901
454
442
443
439
447
480
440
1649
462
801
580
451
443
480
456
462
465
506
562
583
464
447
447
447
482
450
459
522
522
460
449
450
4384
483
437
1775
457
449
471
544
1580
470
455
447
445
453
446
459
461
448
480
484
492
462
458
508
459
1856
447
446
2043
453
443
521
447
442
438
443
460
445
476
430
453
467
439
480
504
450
511
461
436
459
1661
443
486
1754
473
435
457
448
441
471
449
467
455
465
448
450
478
438
485
440
427
432
435
439
443
1590
461
517
1623
454
438
487
440
439
447
830
484
607
461
451
448
485
439
449
451
443
475
452
449
464
491
458
454
1849
462
440
540
452
458
482
465
446
449
466
452
450
570
443
440
454
451
449
448
450
455
549
454
448
2358
449
446
1864
454
449
461
439
437
452
446
460
446
446
434
436
466
492
456
436
450
448
440
436
438
1705
449
459
1921
490
545
468
481
439
445
445
453
501
482
460
452
477
448
446
576
435
442
446
482
438
1735
452
458
1750
450
439
466
486
447
475
449
452
672
466
443
452
448
442
448
515
440
438
489
449
445
1789
572
444
1704
449
568
483
489
465
573
446
457
438
454
430
441
449
454
436
444
436
436
452
441
503
449
445
614
1675
445
449
568
468
444
469
459
497
445
449
462
450
500
443
457
448
451
449
441
447
444
505
444
444
1787
447
443
2586
453
461
478
445
434
453
484
459
438
439
444
450
445
464
448
445
503
440
446
452
443
1812
532
448
1863
442
529
483
505
441
443
446
456
445
462
456
474
438
481
485
542
501
434
455
447
443
1636
458
448
1762
446
480
464
443
447
471
454
440
486
447
447
448
450
483
466
449
486
443
485
481
459
1719
441
427
2346
445
440
516
447
447
455
1473
784
656
2545
715
520
463
439
434
443
437
434
443
444
451
464
445
448
1662
459
516
536
440
479
461
571
441
443
453
429
436
441
437
452
542
506
430
479
441
441
439
450
446
4097
451
524
2607
465
517
461
452
442
448
522
454
462
451
462
460
502
520
478
450
456
449
566
493
444
1754
459
475
1893
466
495
466
449
444
444
442
460
456
535
437
448
535
437
435
441
468
435
446
455
436
1633
443
460
1622
463
471
547
450
482
461
448
442
441
453
443
458
448
434
489
445
450
438
439
470
450
462
455
448
1630
476
467
545
505
496
490
447
444
495
490
442
450
438
482
439
509
443
444
461
540
437
450
479
454
1756
462
455
1834
462
457
468
448
443
447
486
463
481
441
439
448
438
454
443
549
443
441
461
444
466
1668
664
443
1978
439
453
457
547
492
436
447
459
451
454
445
439
547
443
452
449
450
498
448
456
453
1767
449
500
1909
444
438
495
443
525
470
461
454
539
447
439
477
457
439
486
453
477
448
433
442
498
2447
486
453
1694
499
442
479
536
497
500
455
449
440
450
434
457
555
462
449
465
441
505
445
451
463
461
490
444
1532
459
450
544
566
444
466
491
453
449
436
437
431
435
435
430
430
437
432
448
506
439
468
495
459
1719
453
442
1713
438
445
459
441
453
437
486
432
459
440
449
443
434
437
491
442
430
440
504
443
432
1683
477
440
1795
454
440
475
435
496
582
448
427
432
469
444
436
516
421
448
482
462
464
439
454
437
1651
447
438
1760
476
477
465
435
488
521
441
532
478
441
452
448
447
444
521
501
449
428
443
445
438
1524
452
489
2456
443
510
588
463
497
507
458
453
445
448
448
452
449
438
491
538
484
449
446
467
525
449
543
445
1903
446
434
589
529
439
506
443
491
442
484
488
433
440
442
437
488
444
456
446
434
475
450
556
440
1691
457
501
1848
443
431
488
458
457
499
450
484
546
455
441
441
488
494
544
447
486
450
454
450
454
1833
448
441
5733
435
459
470
461
447
450
450
445
429
460
444
448
452
457
439
452
438
461
451
443
450
1638
444
441
1724
450
456
474
448
447
473
450
507
513
479
438
442
446
448
459
456
476
448
532
563
444
1577
450
432
1635
443
442
484
447
435
486
434
443
441
536
446
445
568
451
441
541
445
485
438
449
454
458
438
451
1728
442
496
543
429
445
584
445
442
681
455
484
447
457
441
438
447
446
461
444
443
492
671
443
435
1615
458
626
1755
534
787
494
442
433
440
439
431
427
474
458
491
539
458
436
502
443
445
463
562
451
1638
543
462
1649
496
463
496
453
443
444
441
454
457
551
432
435
468
531
443
474
438
430
453
513
443
511
437
486
1750
504
503
554
491
511
475
457
449
452
449
452
444
1156
443
465
436
441
454
439
434
443
516
484
449
1750
461
505
1834
442
434
462
436
460
447
494
488
460
444
444
454
443
442
454
442
446
460
441
440
465
1637
460
434
1594
445
433
474
461
454
467
436
437
441
439
552
426
436
543
468
440
451
452
431
442
447
2389
453
457
1667
446
528
551
513
454
460
440
476
470
448
427
448
442
444
432
438
437
423
442
432
513
477
424
423
1752
434
432
557
431
1408
505
424
428
420
450
450
427
439
516
439
429
417
420
425
524
435
442
430
445
1647
444
448
3776
512
446
451
485
436
500
445
439
436
449
446
444
436
478
541
495
424
434
483
477
447
1639
445
434
1802
450
505
468
433
437
447
453
448
444
441
451
428
547
448
446
463
456
451
443
504
441
1726
520
485
1749
499
433
470
924
464
516
454
446
445
443
442
498
455
445
449
443
432
434
438
480
427
1624
483
440
2277
437
468
521
481
439
463
437
438
440
520
452
455
435
427
423
468
425
430
594
500
439
462
464
529
1720
442
434
587
431
429
471
446
469
497
433
438
431
439
475
446
428
486
473
436
450
448
440
456
434
1755
434
448
1856
463
441
463
445
446
454
453
456
485
446
453
548
447
436
437
446
429
553
502
450
430
1633
435
513
1757
444
441
500
460
440
503
453
441
514
639
433
457
443
437
438
454
430
501
501
514
479
1648
459
442
1895
445
441
574
560
461
453
478
438
445
452
444
453
483
448
488
451
437
440
443
442
452
4744
441
445
1734
536
440
516
451
441
544
459
491
482
433
431
562
453
440
440
445
473
432
574
446
429
447
447
439
1677
446
439
573
449
453
527
445
551
485
456
441
455
444
444
441
467
439
430
439
444
445
458
448
438
1552
511
440
1868
441
440
457
447
572
436
462
463
448
520
450
628
479
439
457
444
436
433
443
447
451
2381
463
444
1743
448
450
456
436
442
447
445
521
445
444
458
460
441
480
442
459
504
475
454
448
444
1578
459
440
1889
462
511
512
439
471
607
584
452
452
443
455
480
444
442
1740
439
560
558
449
447
470
483
482
451
440
459
440
472
456
432
648
454
454
545
454
452
444
483
476
1642
445
430
1958
441
526
481
459
442
626
445
451
437
438
438
543
429
435
436
483
762
429
443
462
440
1941
444
447
2328
435
442
472
699
458
442
3742
599
490
457
445
445
460
427
431
444
425
434
439
471
446
1728
464
502
1723
456
460
466
556
525
473
458
447
454
457
508
446
448
434
421
459
432
443
456
514
486
448
440
442
1867
446
438
524
448
434
472
444
434
434
438
432
441
518
435
425
442
430
429
462
444
423
443
438
427
1836
583
445
570
500
432
807
510
427
425
434
437
429
450
452
432
534
411
416
436
458
416
446
477
426
1762
461
436
1836
447
449
454
443
423
446
439
441
450
441
521
450
434
446
420
425
423
431
454
6420
553
1698
261
273
1519
329
268
309
283
278
260
274
285
287
277
287
265
275
303
281
269
292
286
267
287
273
1411
285
269
1376
284
274
309
285
307
287
324
279
268
289
265
279
268
313
269
283
305
279
270
297
274
270
274
267
2199
260
279
346
280
265
319
267
280
289
288
303
275
264
316
276
282
342
284
265
277
298
295
293
279
1454
291
268
456
276
278
303
323
274
284
265
279
269
273
289
362
331
330
272
331
267
280
270
279
284
1383
292
479
10322
316
279
339
276
294
376
292
299
274
291
293
288
279
289
267
284
271
282
268
280
269
1448
283
278
1575
317
266
318
273
278
372
279
264
313
279
279
268
283
276
273
318
295
284
282
288
291
1397
294
264
1452
272
313
345
286
281
370
276
273
282
266
276
270
290
304
280
271
285
269
281
300
283
311
284
274
4220
334
310
395
277
303
412
280
370
265
279
271
284
285
368
267
282
273
286
272
286
323
293
267
278
1417
280
264
1621
309
281
286
282
268
304
298
415
272
312
283
270
289
271
282
277
368
308
295
336
278
1741
347
278
1659
390
265
308
312
273
268
287
268
333
314
271
276
280
282
267
281
279
284
315
277
340
1364
288
279
1411
327
288
305
277
283
272
281
268
277
273
313
264
319
307
272
274
323
272
296
268
280
1706
283
275
1432
283
287
341
292
310
295
269
287
270
292
269
286
275
302
271
281
275
287
264
296
275
276
283
270
1542
322
290
396
291
274
300
268
278
270
275
277
293
271
279
338
291
286
269
338
270
284
280
313
269
1484
270
278
1823
288
268
314
280
283
290
287
332
283
285
315
271
289
274
278
344
284
325
297
282
281
2182
290
264
1547
278
278
297
298
270
273
269
285
266
281
270
286
343
282
272
283
280
277
266
330
272
1447
281
282
1388
289
278
291
285
288
286
334
329
318
276
341
278
269
282
349
280
269
280
268
658
265
1421
278
269
1386
283
286
344
302
277
303
275
281
272
278
272
288
284
279
305
282
272
278
279
276
266
333
272
282
1564
321
265
1654
271
277
306
326
271
282
266
278
263
281
576
281
280
281
285
277
269
277
277
282
264
1483
273
275
1490
284
330
313
376
333
330
285
353
316
276
280
288
283
269
273
272
285
317
292
274
285
1481
317
285
2272
275
291
301
275
320
273
281
266
277
346
276
1071
314
261
277
270
283
268
284
270
285
1395
327
276
1463
280
278
355
317
287
321
295
272
285
317
278
265
285
304
280
269
277
269
278
268
276
268
282
271
1416
273
284
391
295
282
296
294
304
283
278
285
274
286
278
287
282
322
271
289
267
311
266
276
347
1501
304
312
4135
292
322
300
277
342
276
270
278
266
292
268
273
292
281
268
285
271
278
267
294
270
1385
285
275
1610
267
375
284
280
271
279
276
315
353
288
267
277
299
289
331
278
269
281
284
279
266
1445
288
313
1384
289
288
305
282
300
268
293
268
278
311
283
270
292
264
284
282
286
272
288
325
353
1617
292
270
1435
279
283
335
276
309
362
266
277
322
285
263
296
291
278
281
262
312
263
331
268
315
282
335
264
1345
363
281
397
287
270
401
271
287
270
325
281
282
313
276
300
284
290
284
268
280
263
284
313
317
1467
282
271
1633
277
287
300
276
285
303
355
270
279
269
274
265
281
271
334
279
281
269
399
305
278
1375
279
268
1612
283
279
292
328
271
281
269
279
266
284
286
278
283
280
266
283
265
330
267
286
347
1504
271
276
1538
284
266
344
296
3717
270
281
270
282
280
280
265
280
264
271
295
276
289
286
270
280
1330
325
271
1386
276
288
340
282
265
323
282
280
270
329
269
277
351
277
269
275
263
295
284
268
277
267
286
266
2381
290
278
398
298
264
337
275
337
288
283
275
294
287
276
285
275
285
272
374
288
312
292
277
283
1480
282
267
1780
284
304
331
301
308
353
309
306
307
302
308
313
300
275
300
305
300
307
302
1196
413
1512
301
361
1506
322
302
339
309
304
297
318
299
355
303
308
298
311
303
308
339
333
300
312
317
309
1390
348
298
1440
302
309
342
366
303
681
299
305
297
319
298
311
299
357
298
344
302
306
463
308
299
1424
307
312
1404
319
297
369
332
309
321
310
335
304
308
304
295
315
301
303
302
303
304
308
297
306
302
306
302
2251
299
307
1661
316
299
334
302
308
310
309
298
305
301
314
315
307
301
307
302
305
304
314
301
342
1522
319
301
4525
303
309
316
314
365
342
303
345
298
310
301
312
315
368
299
315
306
313
301
316
302
1424
359
312
1446
318
302
340
392
309
316
311
301
319
302
305
310
306
299
305
297
309
301
359
297
472
1475
315
302
1448
312
306
348
313
305
312
305
316
349
283
311
278
291
283
343
288
338
281
270
290
270
334
283
283
1370
344
280
382
283
265
294
274
292
270
291
270
321
273
285
291
289
270
283
269
276
271
350
291
278
1463
277
306
2694
280
278
286
275
264
316
263
276
264
276
273
277
270
273
266
296
319
289
345
345
276
1601
278
283
1736
289
279
287
283
275
283
270
289
290
286
272
287
273
282
276
318
285
283
331
276
271
1415
266
278
1444
287
287
309
295
286
292
287
275
276
272
278
270
343
271
280
279
284
274
292
270
338
1746
294
273
1554
271
288
314
293
330
290
458
286
412
287
271
285
284
282
265
293
286
272
274
287
269
267
273
261
1391
270
274
389
282
268
334
342
273
266
292
309
271
285
262
310
302
273
266
272
333
278
269
279
266
1425
280
270
1515
286
265
311
265
272
364
287
286
277
263
282
314
279
264
281
311
289
269
290
291
289
1359
286
271
1867
307
285
310
345
269
622
274
320
286
275
285
428
473
388
344
339
267
278
272
282
267
3071
276
286
1584
285
326
305
269
278
291
280
292
282
275
285
320
317
266
277
288
280
262
282
285
287
1440
283
276
1582
276
277
312
279
264
284
270
273
264
330
266
276
284
286
301
278
269
281
268
283
300
283
267
283
1510
303
278
382
277
281
299
286
271
282
273
355
265
286
273
285
266
275
265
334
266
283
266
295
274
1506
286
315
1536
285
268
311
269
283
266
278
268
275
273
286
272
306
267
279
274
337
323
298
280
282
1444
285
272
1624
282
284
339
293
288
313
265
281
266
279
278
281
310
293
270
286
274
279
265
285
268
1685
281
285
2298
324
290
305
284
279
290
294
277
302
285
314
279
264
279
274
293
275
267
284
276
275
1521
278
271
1483
367
280
310
281
302
278
270
281
377
290
272
280
293
349
285
279
268
283
270
282
284
288
268
273
1450
295
266
366
271
278
329
282
270
279
270
278
266
277
275
331
280
268
277
279
317
260
293
285
306
4041
274
279
1681
280
267
299
267
278
266
278
265
273
269
277
270
283
262
281
274
286
273
298
285
271
1512
278
281
1626
282
282
305
269
280
298
291
278
291
279
271
326
275
288
277
298
268
278
263
284
267
1606
292
308
1358
277
284
314
300
264
413
321
279
267
289
270
281
276
311
266
287
269
283
278
291
270
280
276
278
1467
375
268
379
265
280
296
281
269
335
276
284
1133
291
294
280
278
278
270
280
269
283
278
302
266
1600
278
279
1597
304
367
303
299
289
282
262
314
298
280
270
279
273
281
266
277
267
294
293
284
281
1479
311
266
1709
283
277
323
286
289
397
267
289
271
288
266
280
282
310
266
275
268
280
263
284
299
1475
267
281
1553
312
318
295
291
267
290
272
277
311
283
301
283
300
278
262
314
264
336
269
290
270
1466
294
333
1498
281
264
332
270
331
277
282
268
279
270
281
272
279
263
280
276
292
335
273
275
273
294
277
280
1394
282
266
398
270
286
323
276
266
282
259
278
305
275
269
278
289
353
282
267
280
272
285
282
282
2330
319
286
1617
283
274
295
279
268
280
293
280
266
282
267
286
281
278
262
285
286
280
261
290
266
1376
266
277
1874
286
263
299
269
293
279
290
274
274
284
271
283
276
280
269
391
307
319
273
343
320
1483
271
318
1617
283
266
296
381
285
329
335
272
283
269
279
264
283
271
280
264
273
267
283
281
375
1351
276
267
1525
369
264
322
284
288
279
279
270
323
264
275
264
282
287
276
284
289
268
279
283
275
270
314
267
1483
268
280
371
277
266
296
278
285
343
286
264
277
267
276
279
275
366
314
280
276
265
291
337
331
1550
332
285
2269
271
279
318
291
269
284
281
282
269
279
316
285
272
283
318
373
266
293
324
268
278
1540
278
270
1624
279
277
292
326
271
282
267
277
297
279
272
293
274
279
303
331
290
279
261
330
270
1526
286
268
1563
271
279
295
279
335
339
277
280
307
286
266
280
292
313
267
278
271
284
272
331
274
1508
292
265
1399
302
279
323
340
273
290
275
277
270
283
267
279
264
327
264
279
261
308
263
289
301
286
274
290
1474
269
277
366
293
271
311
286
272
281
319
278
274
284
268
285
287
300
282
277
279
266
285
289
290
1409
321
270
2604
287
280
287
287
275
416
266
283
270
352
266
285
276
315
303
292
270
279
265
328
263
1542
302
314
1498
287
266
309
339
281
299
276
268
276
274
282
268
282
289
280
271
278
269
283
270
278
1455
277
265
1413
331
314
294
274
264
285
279
277
313
277
284
285
284
286
270
282
271
277
278
291
265
1404
327
263
1421
270
274
332
369
302
427
320
312
303
307
328
1925054
1015
334
290
261
263
251
285
251
298
288
250
257
1435
258
249
1544
245
254
280
285
250
260
271
258
400
290
247
256
255
254
248
272
252
254
264
261
245
1447
286
272
1515
256
277
283
269
272
249
293
258
268
261
293
279
278
255
276
267
270
265
290
257
260
1494
266
263
1507
266
270
297
280
260
323
271
267
277
274
252
265
275
293
270
277
310
259
261
255
247
2275
254
268
1462
249
259
309
254
246
274
262
256
266
269
268
263
260
257
271
313
249
262
259
260
359
284
254
250
1372
329
254
379
273
251
435
251
310
272
261
251
260
267
264
260
281
256
266
279
258
247
279
249
258
1357
268
253
1614
271
253
293
300
257
255
278
253
266
272
256
244
315
272
261
266
254
270
285
251
263
1676
268
250
1742
268
262
283
308
250
262
307
262
275
358
245
260
259
256
250
274
257
305
860
293
290
1546
249
259
4113
293
251
288
391
262
262
277
247
275
273
403
320
285
282
282
284
320
278
288
282
276
1409
281
268
2246
304
298
314
278
265
291
265
263
261
287
276
267
274
273
270
267
275
266
276
267
268
266
309
263
1461
261
293
384
279
260
281
269
263
273
268
270
354
272
264
298
266
259
282
270
249
271
260
269
287
1400
262
266
1853
274
264
299
274
261
271
271
277
295
277
262
273
256
260
284
270
268
281
277
264
275
1398
271
268
1554
291
321
283
276
348
275
306
286
270
272
270
266
264
335
262
281
268
278
269
280
272
1409
280
283
1366
255
318
294
302
265
301
265
272
266
273
286
279
270
267
267
278
266
297
272
336
266
1503
274
264
1616
261
278
321
269
259
262
304
271
322
268
260
264
267
327
280
270
246
320
251
261
265
282
346
269
1425
266
249
389
278
260
291
264
272
261
283
266
271
263
255
300
318
277
272
260
297
263
278
250
311
1517
306
263
1558
259
316
278
276
422
273
315
265
252
273
267
264
265
490
310
272
248
335
257
272
260
1359
281
270
1528
266
267
288
260
254
303
286
260
268
263
274
264
345
318
256
255
303
264
282
293
269
1373
3984
320
1452
270
308
312
273
273
311
339
290
259
267
286
276
256
271
264
270
343
305
288
300
276
282
261
267
1375
269
266
394
268
303
283
275
280
270
249
255
264
269
261
277
264
272
265
315
311
266
350
325
267
1466
261
306
1486
280
268
326
280
273
259
258
263
261
281
270
264
257
279
289
260
264
283
272
274
282
2326
325
280
1589
309
272
304
310
279
287
278
300
1315
289
278
274
279
272
321
269
284
281
277
269
334
1389
284
274
1465
286
352
337
282
292
300
268
282
266
275
269
295
254
306
249
288
273
268
278
267
270
1320
281
308
1353
265
454
317
332
475
297
311
273
279
257
276
265
266
279
274
272
280
267
276
313
280
322
276
267
1390
268
276
365
291
271
333
278
272
277
271
266
299
286
262
275
272
275
265
312
271
274
266
313
262
1478
302
272
1519
279
267
293
259
272
268
261
263
293
282
274
272
305
264
273
267
291
257
278
274
268
1312
269
255
2456
260
287
286
294
278
268
303
270
342
316
278
262
274
263
275
265
270
264
279
265
271
4125
275
270
1484
260
272
286
271
263
286
250
270
266
295
298
301
264
277
258
299
258
272
269
262
274
1363
275
259
1442
260
287
321
271
274
267
281
266
274
262
272
264
265
259
279
270
283
270
274
255
281
270
323
270
1440
268
309
397
307
270
297
274
273
270
279
343
317
265
274
266
306
271
294
467
280
275
265
276
297
1363
255
283
1493
306
271
308
275
270
265
256
280
283
280
259
275
265
274
261
308
267
272
273
268
253
1375
262
307
1794
288
244
293
269
275
284
302
267
273
292
303
276
285
284
313
286
276
266
285
264
278
1429
268
253
1519
296
266
295
272
254
322
282
274
262
278
262
277
269
276
263
274
303
274
270
275
269
1342
281
268
1442
268
277
311
277
355
284
270
277
272
282
267
291
274
271
269
318
282
268
273
279
291
368
267
283
1403
282
269
375
288
279
285
283
269
281
268
315
265
279
298
272
271
278
266
278
262
308
298
277
264
1329
311
277
1602
279
264
323
271
275
272
303
261
260
307
273
266
274
262
271
266
331
262
311
266
331
1412
257
313
1714
270
266
285
275
303
272
320
271
279
315
276
278
261
272
266
342
304
312
282
273
325
1400
262
270
1406
277
337
281
266
270
363
272
354
291
327
275
252
272
261
258
437
272
257
274
260
270
2542
264
273
1433
265
261
369
260
264
285
267
270
258
271
261
270
297
266
263
270
264
268
263
264
247
280
272
258
2084
386
263
1558
259
280
289
334
267
256
254
273
264
268
248
270
304
264
355
261
572
361
249
346
259
1955
258
255
1453
256
318
294
316
288
261
279
316
263
268
272
271
268
261
273
259
266
289
293
246
273
1256
269
273
1359
256
263
468
266
269
262
286
280
310
307
271
285
388
300
315
258
267
259
298
264
594
5300
314
252
1393
259
300
311
258
310
269
265
312
253
514
255
278
274
266
288
249
271
304
259
295
259
264
270
263
1971
265
255
362
271
260
284
258
258
258
269
246
270
281
270
294
269
246
262
264
256
277
276
259
268
1960
267
266
1820
281
268
283
269
546
269
261
274
259
277
257
264
251
274
257
273
257
275
254
275
271
1298
273
262
1617
283
248
307
280
261
262
323
272
310
265
274
261
286
268
275
271
268
247
280
263
272
1325
270
248
1297
267
269
298
270
253
277
770
325
263
273
249
276
253
271
259
271
259
336
271
254
266
1445
785
270
1346
271
277
376
248
253
263
269
290
274
253
299
264
276
260
273
267
272
259
257
281
275
266
274
258
2118
262
270
359
274
246
294
297
2413
473
333
293
262
309
293
316
261
265
256
271
248
267
280
265
261
1497
270
258
1612
273
251
320
281
267
301
271
269
278
301
260
268
277
270
278
270
271
264
299
273
273
1713
272
264
1755
266
298
295
271
281
273
268
263
269
267
252
272
299
282
272
288
273
283
311
324
252
1497
263
261
1531
305
251
290
270
272
266
305
300
317
272
264
276
319
263
302
274
299
274
269
283
285
1464
286
282
1555
275
297
330
278
269
285
328
285
271
278
320
283
293
273
283
284
258
273
267
273
268
399
272
290
1447
267
276
417
277
265
323
267
272
268
276
281
276
267
298
295
275
272
274
253
334
315
303
280
262
1712
328
315
1832
326
266
310
265
274
279
309
266
262
264
272
262
255
271
276
299
271
250
272
253
338
2128
280
275
1597
262
275
285
274
269
285
295
273
263
288
255
288
261
273
262
251
278
271
276
274
277
1462
278
481
1661
464
278
325
280
305
334
280
279
303
278
264
311
269
268
254
275
267
263
268
273
254
1466
279
269
3356
253
287
327
277
271
279
291
276
270
277
278
270
307
270
277
271
491
1936
275
284
327
318
255
291
255
276
259
287
507
264
280
270
324
271
273
270
307
283
291
284
283
275
1357
274
285
1608
285
277
309
278
286
264
287
275
273
304
370
308
360
284
285
395
307
275
364
307
290
1624
314
247
1469
268
291
324
323
264
310
276
330
272
419
268
279
319
273
266
263
269
276
278
279
262
1443
260
258
3459
278
273
308
292
283
273
274
264
292
262
282
269
277
266
274
15629
348
265
427
270
284
287
256
280
2146
319
275
371
275
271
352
268
275
275
309
268
275
278
272
256
300
253
279
285
282
292
303
282
260
1282
265
270
1551
276
253
303
266
259
249
277
265
278
269
261
269
275
254
282
270
290
312
257
278
284
1475
274
271
1523
274
270
304
266
278
268
287
283
285
270
265
272
281
265
282
319
280
281
278
266
311
1397
280
301
1466
297
298
309
283
268
278
263
276
250
275
269
279
262
279
284
266
264
274
279
277
269
1360
274
263
1401
271
300
322
272
253
279
268
260
301
276
269
259
271
273
269
261
248
277
274
277
254
291
274
272
1438
274
270
375
272
275
284
274
269
280
299
267
279
343
275
319
280
264
280
269
279
269
276
255
261
1323
284
305
1444
257
277
289
331
251
289
253
278
269
283
269
288
281
251
278
272
261
255
288
267
276
1268
280
265
1493
279
256
295
268
269
276
280
273
268
270
264
254
256
270
265
283
296
271
280
281
281
1285
281
280
1677
278
270
286
309
256
268
271
282
448
334
258
273
269
270
250
275
255
276
269
278
301
1427
275
272
1303
270
273
357
275
268
281
269
259
290
278
271
280
255
278
369
276
279
270
285
282
284
281
298
264
1380
285
309
394
257
262
275
284
252
262
271
273
271
260
255
283
266
274
269
315
272
280
276
253
298
1629
273
360
1441
271
276
293
287
269
266
284
273
268
288
303
278
326
265
358
292
266
277
273
273
275
1306
287
266
1605
270
292
290
276
272
279
269
327
265
276
280
298
266
264
258
274
275
292
308
278
267
1263
264
290
1417
275
274
370
268
277
268
277
272
299
274
273
294
287
256
257
445
329
269
280
263
274
1402
281
259
3954
271
280
315
277
254
283
270
276
273
282
282
267
320
266
317
263
268
267
275
279
265
276
270
280
1389
269
262
391
273
280
292
278
304
272
254
271
266
276
283
273
264
260
316
265
325
281
271
265
256
1271
268
276
1592
292
269
314
282
267
274
277
286
273
281
262
267
287
286
319
273
276
285
267
283
319
2030
264
280
1413
274
300
299
276
261
282
267
271
271
267
279
279
283
339
12053
4497
309
259
265
252
286
273
258
250
1752
261
256
349
257
260
258
262
244
305
242
265
258
263
278
264
256
265
255
297
254
288
263
268
254
1461
261
263
386
251
257
277
260
260
256
262
256
264
256
262
289
262
240
261
253
290
257
300
282
259
1361
268
259
1689
253
254
279
254
242
260
253
312
252
264
250
250
267
259
255
248
253
251
248
252
258
1395
257
263
1508
266
253
285
258
259
254
295
239
246
242
248
261
264
260
265
252
283
264
258
280
256
1316
253
240
1984
286
310
284
266
251
272
258
265
257
271
257
268
258
250
247
265
269
258
266
244
270
259
253
255
1475
240
266
342
262
259
284
248
265
259
264
260
253
269
248
243
260
254
266
261
247
255
269
241
264
1284
264
243
394
268
262
268
270
257
301
405
255
272
469
256
260
247
264
258
267
248
251
256
265
257
1513
244
267
1559
264
244
291
312
246
238
262
253
265
257
251
256
251
261
266
258
381
259
276
260
256
1336
258
251
1483
274
267
342
284
262
255
288
252
265
261
391
257
265
261
287
262
255
261
258
284
271
1633
256
260
1361
262
268
298
269
338
278
258
267
283
275
261
270
265
257
261
298
256
269
258
288
242
257
237
261
1287
283
254
349
249
313
257
256
245
250
257
263
254
261
361
266
256
249
266
264
258
252
280
261
241
1462
259
270
474
316
240
271
244
246
1425
253
250
347
262
246
290
258
247
245
287
244
250
259
247
243
285
265
270
265
271
248
266
259
262
1310
247
261
401
261
316
273
285
253
279
270
267
263
264
262
254
369
253
316
276
332
257
312
258
264
1422
252
271
1588
266
288
297
262
240
248
309
250
253
253
238
265
254
264
282
263
260
264
256
267
265
1976
316
269
1475
268
261
292
273
254
336
259
248
251
261
256
264
255
261
257
264
252
303
252
360
246
1270
264
265
1360
277
279
298
272
265
265
344
257
250
261
268
274
252
257
267
440
293
261
277
258
268
277
258
255
1299
251
265
357
354
297
253
269
280
269
401
256
272
279
275
293
292
261
277
278
275
263
350
289
382
1888
252
257
392
271
250
275
263
255
252
273
249
309
269
255
251
272
250
264
273
258
253
277
257
258
1390
262
269
1486
276
278
290
279
258
262
299
276
345
290
249
257
269
254
256
271
251
257
262
276
251
1429
253
259
2140
267
256
318
288
323
272
270
251
260
264
268
266
335
268
260
265
328
264
258
263
268
266
269
265
1380
304
279
377
261
248
281
271
277
264
271
255
295
259
268
262
270
264
321
272
301
273
281
248
272
1372
278
256
1552
264
296
291
275
264
256
265
268
263
269
269
254
268
267
262
273
264
257
272
272
265
1306
262
269
4146
261
255
291
273
265
267
266
256
253
270
254
275
270
276
263
269
321
271
261
253
264
1385
264
275
1395
257
345
284
277
259
280
303
271
265
267
268
258
263
277
250
270
254
275
279
267
257
1932
274
274
1559
270
264
326
264
326
280
255
321
256
278
256
266
308
262
256
266
266
269
246
271
252
278
265
273
1612
267
270
362
357
264
286
268
274
267
270
266
258
599
269
304
267
265
258
264
257
263
301
277
254
1461
263
269
1458
306
274
280
267
254
299
264
272
265
274
258
288
319
272
264
271
253
272
268
274
256
1508
264
287
1562
305
274
283
270
263
270
278
255
282
268
263
367
280
317
263
256
262
271
269
270
249
1493
251
256
1394
256
276
280
262
249
267
269
257
261
254
260
256
252
258
269
256
298
300
340
308
401
1493
271
322
1370
274
274
317
528
264
329
259
289
291
278
262
290
255
271
264
271
254
269
271
267
258
252
275
317
1415
257
254
371
276
266
291
265
266
262
298
249
265
251
267
289
267
250
282
388
265
276
287
303
265
1335
250
271
1512
256
282
305
251
267
250
271
249
297
258
271
298
265
303
327
255
268
264
297
264
319
1453
269
278
1488
268
299
300
267
261
302
266
263
268
270
268
261
280
271
268
268
263
270
251
279
272
1342
249
273
1468
271
268
292
267
267
271
267
268
253
275
265
307
274
267
247
312
254
255
248
275
252
1366
271
270
1299
286
270
327
277
389
289
269
293
266
271
278
290
269
301
265
270
328
268
266
273
260
358
269
