8565
7046
6569
6822
6213
5429
9012
6206
5960
6223
6496
6141
6662
9830
6809
6318
6414
6173
7225
6013
8119
6218
6272
6398
6175
6014
6254
6507
7080
5656
6220
6176
6313
6095
7865
6129
6206
5895
6075
6278
6175
6311
6513
6096
5871
6130
5855
6063
6942
6093
7642
6075
6233
5962
5826
6164
6260
7238
6009
5540
5992
6320
7593
6170
6452
6223
5910
5665
6190
6342
5750
5876
7091
5905
6079
5436
7276
6145
5884
6032
19183
7068
3311532
25365
6149
18605
8266
7390
6548
5835
5854
5957
5818
5925
5320
5844
5944
5981
5887
6033
5611
11140
15777
5795
5790
5826
6078
5801
5983
5782
18866
5848
5952
5792
6281
8222
6010
5969
18881
6346
5762
5850
5956
5994
5949
5936
21585
6128
6084
7618
6914
5816
5882
6074
6002
5735
5846
5571
6373
5718
5710
5558
5582
20215
9732
5815
5740
5652
5902
6154
7051
6580
6109
6205
5479
6280
5929
7442
6110
5922
6038
6133
5986
6151
7949
6160
5895
6148
7756
5988
6228
6098
6068
6055
10965
6140
5878
6464
6223
7176
6282
6132
7876
6262
5878
5618
5903
6471
5857
5932
5910
5876
6255
7080
5857
6023
6749
8683
2372
2281
2341
2210
7952
2891
2279
2474
2233
3605
2288
2320
4337
1942
1622
1609
1716
1566
1669
1706
1574
1640
1695
3063
1646
1537
2917
1629
1608
1592
1539
1656
1688
1506
1557
1639
1630
5440
1651
1745
3203
1656
1607
1667
1616
1643
1562
1553
1533
2000
1751
1683
1619
1674
1823
1591
2883
1773
1919
1847
1710
3307
1702
1781
1804
1572
1586
1624
2703
1573
1749
1790
1568
1452
1542
2707
1462
1493
14507
1778
1816
1631
1705
1690
1600
1704
1739
1870
1587
3246
1593
1711
2100
1749
1615
1652
1612
1612
1553
1574
1619
1640
1574
3381
1599
1769
1770
1869
1795
1734
1740
1615
1687
1601
2824
14509
1571
4519
1535
1607
1866
1721
1764
1728
1628
1713
1630
1597
2940
1667
1635
1797
1600
1675
1595
1631
1639
1849
1614
1684
1573
1512
3354
1701
1527
1756
1593
1859
1670
1551
1609
1619
1517
1570
1642
1596
4056
1510
1584
1946
1672
1610
1597
1628
1670
1527
1505
1613
1713
1499
2969
1625
1685
1932
1538
1618
1719
1524
1612
1676
1580
1572
1722
1729
4713
2685
2247
1794
1592
1589
1595
1554
1523
1621
1511
1580
1583
1507
2938
1547
1521
1633
1585
1567
1527
1523
1591
1618
1695
1758
1669
1489
2958
1431
1491
1596
1701
1627
1618
1543
1517
1545
1663
1537
1461
1504
2918
1469
1520
1697
1489
1548
1561
1504
1538
1549
1552
1415
1682
1534
2890
1431
1684
2097
1611
1639
1585
1684
1468
1382
1619
1412
1384
1300
2722
1320
1441
1537
1510
1403
1480
1379
1499
1412
1397
1416
1402
1302
3176
1384
1331
1636
1311
1321
1434
1208
1218
1264
1268
1325
1426
1289
2859
1294
1308
1337
1279
1377
1403
1385
1340
1261
1250
1175
1234
1191
2808
1354
1303
1264
1252
1188
2281
1227
1319
1269
1162
1278
1283
1225
3419
1433
5727
1753
1773
1578
1360
1294
1276
1309
1294
2493
1323
1309
2623
1302
1252
1339
1210
1314
1296
1297
1488
1547
1322
2562
1309
1326
4991
1253
1431
1432
1305
1298
1273
1275
1310
1318
1455
2722
1338
1336
2584
1281
1347
1209
1242
1354
1308
1338
1355
1302
2342
3532
1317
1277
2597
1305
1315
1354
1315
1329
1304
1283
1255
1354
1235
2826
1441
1254
1306
1271
1240
1242
1205
1234
1377
1246
1229
1286
1269
2594
1203
1342
1266
1245
1235
1302
1266
1215
1255
1313
1371
1240
1302
2534
1246
1250
1189
1192
1201
1161
1292
1165
1184
1263
1359
1262
1341
4354
1251
1268
1363
1322
1425
1230
1315
1280
1257
1252
1230
1426
1238
2512
1299
1223
1212
1188
1420
1258
6105
1143
1177
1160
1111
1224
998
2264
1157
1019
1014
1102
1020
1050
951
968
996
1002
960
1053
1048
2554
980
946
990
979
932
997
966
1002
1050
973
980
1012
964
2271
1042
1008
1058
1047
1000
1003
1078
1103
1063
1050
1053
1051
1020
2348
1087
1335
1166
1034
1063
1067
1155
1116
1038
1003
1092
1043
1127
2307
998
1021
1030
1023
1003
1045
1064
1039
1156
1149
990
1056
1084
2401
1019
1071
1111
1016
984
1056
1003
1246
1011
1543
980
1017
1161
2630
1096
1002
1043
1041
3225672
2250
1677
1361
1172
1078
2342
1077
952
966
914
927
967
966
959
963
917
949
941
920
2197
1055
970
961
1008
973
962
944
973
1013
909
907
976
928
2837
958
1003
1025
952
929
970
1040
932
988
932
1045
1011
952
2394
949
932
944
899
963
1011
1028
993
968
925
932
960
931
2476
951
905
950
946
965
959
950
928
956
946
926
971
958
2898
1040
927
968
899
948
1117
1008
1124
994
935
2093
992
961
2428
986
955
1045
999
981
1025
1015
944
1151
968
2548
950
1057
2182
975
1003
989
942
995
947
977
967
980
960
2297
2713
897
2392
911
1062
990
968
979
968
938
940
957
924
2087
906
908
2165
907
965
944
914
984
952
964
930
943
951
2065
933
946
943
961
975
970
993
964
987
958
944
993
982
3051
947
921
1012
982
978
990
923
916
916
912
929
974
940
2021
964
950
953
927
904
932
931
943
924
949
926
952
918
2187
995
882
941
967
904
962
900
889
992
998
917
914
893
2200
930
989
922
908
980
951
915
933
972
911
898
922
879
1995
942
879
935
896
896
932
903
907
904
892
922
896
915
2037
925
886
896
882
904
3086
940
904
1768
937
900
955
985
2085
920
962
922
896
891
929
948
901
925
903
917
923
912
2168
892
911
940
907
901
913
888
904
982
941
897
905
910
2721
925
894
913
901
899
906
927
907
5051
1415
1142
1031
963
2214
944
918
937
971
940
927
1022
926
941
953
929
944
975
2134
947
916
977
947
1013
981
939
911
976
920
930
1057
910
2149
939
1174
990
998
933
1011
1037
939
992
946
945
947
913
2169
919
920
938
908
908
941
915
921
928
1010
2127
1017
946
2151
949
908
940
964
951
1032
922
906
943
5864
2299
961
919
2073
968
917
957
910
968
967
939
931
966
941
2185
944
938
4538
1027
912
969
930
929
948
954
958
954
1010
2171
1037
986
2096
929
932
1080
1002
973
999
962
970
978
1000
2138
951
952
937
980
902
1040
908
928
947
923
902
972
925
2066
938
915
1063
928
935
949
946
977
943
946
932
1047
934
2291
955
979
983
941
943
981
929
1039
1099
941
996
959
943
2928
1008
966
928
888
1400
11221
956
960
975
945
966
923
901
992
921
957
964
925
4553
923
920
938
959
905
949
946
955
950
978
925
959
26928
2570
969
975
980
942
971
957
918
934
966
928
944
965
921
2126
904
918
959
901
891
938
950
933
934
950
937
979
921
2188
921
937
944
912
914
1023
942
917
931
911
932
942
1091
2390
947
953
929
961
969
979
906
935
980
911
902
938
957
2167
907
919
1007
916
927
931
926
962
1025
916
900
927
924
2238
921
925
943
937
932
971
967
972
1051
944
999
940
921
2848
937
918
968
944
929
971
930
955
971
963
972
959
1044
2111
927
913
977
952
905
961
909
937
927
947
2085
972
953
2219
921
972
927
1858
990
963
916
926
950
933
2768
961
939
2072
920
913
919
918
913
927
909
960
950
915
2144
926
910
2020
900
914
928
909
924
1020
894
932
948
899
2016
941
886
2097
936
962
941
924
918
958
912
904
998
919
2049
951
872
937
928
919
955
908
940
939
902
930
932
1810
2149
1112
6048
4046
1042
892
973
881
883
919
933
881
870
843
1931
912
851
881
894
886
888
905
864
926
914
850
902
899
2220
933
979
919
927
1023
941
894
899
906
878
895
952
864
2044
883
982
895
851
885
874
857
906
893
853
17176
941
928
2150
895
944
902
869
960
889
881
862
873
924
881
842
819
2778
998
873
885
859
924
1095
976
948
1003
851
1001
868
897
3232
903
891
877
916
924
899
859
880
910
857
850
911
862
2022
883
848
1040
862
875
892
845
864
921
1069
892
962
852
2105
889
924
884
857
948
906
882
985
988
910
877
936
874
2182
864
882
900
911
914
923
842
903
878
996
859
900
869
3172
870
882
875
861
884
895
926
856
951
892
943
902
864
5314
985
895
927
910
874
905
920
897
919
872
1942
871
843
2061
941
2300
875
1330
866
897
889
907
924
887
2977
904
881
1973
897
890
871
861
830
862
893
870
879
903
2201
874
843
2033
901
847
870
886
877
872
855
865
988
936
2309
869
833
1950
870
838
916
925
881
903
992
849
847
1001
2096
826
899
964
877
855
880
907
893
882
889
858
909
862
2046
874
891
870
936
865
918
883
884
901
857
877
887
857
1944
861
856
915
888
953
910
854
861
882
852
894
925
853
2019
865
841
850
912
841
999
854
856
863
857
890
897
955
2026
982
943
899
911
919
983
918
906
902
2302
931
932
909
2051
887
896
884
937
925
925
893
938
965
894
898
935
899
2115
869
962
919
913
911
1235
908
925
920
898
912
942
906
2092
881
906
1005
878
901
970
893
869
924
1000
850
909
961
2090
976
1189
887
919
916
879
870
875
957
877
894
914
888
1976
978
870
924
888
900
958
891
888
897
890
910
949
1022
2144
825
849
954
879
901
888
880
893
920
947
907
994
928
2929
854
890
889
882
856
909
12560
908
902
899
1994
913
855
1961
859
866
892
923
868
897
857
844
906
877
2139
848
855
2079
1805
890
901
858
952
927
911
891
955
920
5226
880
931
1925
954
904
930
905
907
978
895
919
899
880
1974
899
868
880
882
923
964
863
852
4282
1257
1030
933
884
2364
913
1015
920
907
948
923
898
895
912
893
922
931
949
2271
1457
2118
996
945
936
927
1378
892
882
863
974
874
941
2182
1065
1652
937
866
898
906
880
887
893
880
875
888
875
2183
929
915
1424
876
896
1003
898
953
893
902
909
905
896
4646
895
878
1051
1745
1182
1054
927
905
897
879
860
871
890
2034
879
883
891
932
862
900
879
2206
913
902
902
917
877
2179
863
893
907
909
902
886
848
870
894
855
861
876
862
2337
905
891
882
874
894
874
842
842
852
858
861
899
862
2058
877
895
899
880
877
883
893
842
890
855
878
904
1258
3210
970
885
898
942
866
905
871
879
910
864
874
955
884
1918
904
865
941
875
1689
998
919
914
930
928
910
894
878
2141
865
836
1013
974
865
901
859
856
915
898
887
974
917
2216
852
875
880
857
872
912
870
947
905
868
2144
891
875
2039
864
881
1144
874
867
910
883
858
886
892
2025
851
27175
2405
871
883
884
815
853
888
792
877
846
821
2068
835
863
2132
850
815
831
819
845
834
880
879
940
827
2049
827
856
1044
837
895
903
887
879
888
862
865
913
1742
2765
951
884
925
883
874
887
921
859
888
880
884
948
903
2111
902
889
900
906
878
921
930
902
906
904
889
912
898
1995
884
863
889
904
863
972
883
912
888
1001
904
944
942
2083
903
875
868
875
900
963
904
915
928
1041
897
918
905
2192
921
914
1057
892
909
937
882
873
904
871
927
908
931
2244
900
878
1132
891
1056
936
28346
1012
903
881
832
893
854
2294
862
856
1410
896
853
903
985
908
904
892
911
945
918
2075
876
906
899
888
881
893
911
910
896
863
880
936
886
2158
883
888
882
884
858
896
962
901
935
880
887
905
896
3545
895
885
890
1030
917
937
911
992
873
939
2231
875
894
1343
931
902
884
919
856
900
882
1985
894
887
2191
988
876
857
881
892
914
954
866
874
891
2157
911
875
2782
890
873
895
873
891
895
960
900
893
872
2045
892
925
1982
883
852
877
877
878
940
920
854
875
849
2029
900
893
1961
1818
1054
884
841
928
906
914
880
907
863
3255
861
862
892
918
952
891
860
916
897
869
881
914
870
2216
870
920
882
864
914
903
864
845
1021
876
900
1040
886
2359
964
887
988
863
846
905
899
875
900
927
899
979
858
1981
935
886
899
857
850
931
858
858
974
889
987
883
1480
2612
854
850
878
869
867
876
894
869
1194
893
869
890
869
2093
840
858
885
862
870
910
866
944
883
858
841
892
868
2092
868
840
876
866
855
932
863
847
879
865
855
870
868
2180
899
873
874
864
879
879
867
2226
917
850
859
885
845
1998
871
863
964
853
893
896
1002
876
902
862
868
910
878
2072
1004
853
888
852
883
865
893
924
894
849
888
865
828
2021
887
847
900
864
862
883
886
871
907
859
913
865
926
2099
927
863
879
844
872
880
896
867
876
896
881
884
885
1993
916
865
878
887
892
862
850
911
879
896
860
874
841
2200
852
869
876
844
851
937
872
849
907
838
1967
897
829
2799
870
857
867
843
844
870
858
846
860
848
2020
866
953
2059
899
847
865
897
842
864
852
855
873
846
2025
839
23385
4972
885
823
2225
927
892
880
846
867
864
859
3032
837
825
847
831
822
847
844
816
833
848
807
837
834
2017
833
810
849
874
821
819
805
870
851
817
867
851
812
2024
853
913
856
849
820
844
840
821
843
863
867
876
814
2045
843
828
841
828
857
855
850
815
833
837
822
897
826
2019
841
852
808
828
888
2010
954
940
888
874
844
879
855
2117
820
851
889
850
1141
859
882
834
871
869
845
874
875
2014
833
851
949
848
927
881
856
877
931
865
878
871
847
2177
972
838
877
877
834
872
19541
873
10023
899
845
875
813
2046
850
824
867
824
862
847
852
800
856
862
840
835
815
2054
817
830
880
834
857
868
836
897
917
895
1995
811
792
2071
821
815
856
814
916
824
837
819
876
821
2038
825
812
1961
793
878
856
830
1083
871
894
903
900
843
2026
1049
931
2276
850
828
875
838
845
877
870
835
860
895
1979
901
859
2165
845
926
877
873
883
1140
889
944
915
906
1980
858
841
896
889
857
917
886
912
903
851
827
925
844
1938
876
867
923
879
864
916
879
861
906
831
854
1059
862
2169
20701
966
913
871
867
967
843
894
931
824
844
890
834
3137
835
833
875
840
850
883
841
932
866
832
856
893
848
21548
1060
848
895
858
837
930
847
830
868
818
853
868
847
1963
863
837
879
864
866
875
883
905
899
887
849
967
885
2049
1001
863
929
844
941
880
856
865
875
843
862
875
843
1987
893
843
876
862
902
929
876
897
917
876
888
913
889
2014
859
874
914
945
849
1579
951
916
854
858
845
923
866
2028
886
906
863
914
865
884
877
861
894
848
853
977
903
4471
853
897
860
855
2127
895
950
921
871
856
2002
878
919
2067
866
881
870
852
851
861
866
856
893
852
1960
884
846
1952
867
1321
860
835
839
875
898
902
1056
879
2167
869
902
1960
961
882
890
978
842
926
843
853
875
892
2032
852
842
2724
874
848
876
869
926
897
871
868
881
846
2052
844
857
876
863
868
914
805
833
921
907
958
894
879
2045
903
858
1168
884
826
926
842
838
882
1134
859
907
881
2937
859
850
868
856
877
906
833
893
878
867
889
985
878
2227
849
835
893
871
885
873
881
859
901
874
875
907
2209
1892
851
1109
940
861
843
954
931
861
1915
1089
949
878
846
2228
829
844
866
867
855
920
1020
929
879
856
851
856
856
2074
851
841
846
867
837
874
849
863
877
864
840
906
843
2010
839
875
918
872
901
1024
887
874
908
887
875
890
912
1988
920
876
897
949
896
912
910
898
924
861
854
914
886
2130
889
889
923
898
869
986
888
880
953
863
2231
899
883
1995
885
993
904
905
906
1063
871
890
925
906
1917
940
831
1994
839
832
856
880
834
862
834
834
950
860
2367
850
864
2294
836
839
3761
880
950
971
906
825
886
962
2101
893
881
884
896
879
898
899
902
872
895
890
883
876
4897
913
878
996
887
903
902
893
886
905
879
873
904
881
2180
943
881
957
880
888
1157
865
853
867
839
883
869
840
2409
884
932
842
849
809
868
847
884
866
843
830
863
824
2228
907
882
908
886
870
895
865
900
900
874
885
918
880
2471
878
893
888
893
882
893
878
927
911
867
890
915
877
2801
869
1058
939
834
834
858
827
833
932
879
822
870
841
2231
829
836
884
868
833
909
874
881
913
938
916
2363
852
2083
895
880
883
881
937
909
861
901
934
879
876
921
907
2197
846
853
880
880
840
893
879
880
929
892
848
874
879
1911
858
885
885
935
885
1469
852
829
856
829
859
866
897
2152
886
893
898
958
864
922
882
876
913
927
872
913
879
2838
908
849
865
881
840
900
828
835
1035
846
830
891
855
2047
826
862
964
916
843
907
855
834
904
883
2153
907
1508
2753
814
822
869
887
849
960
855
863
899
893
2699
834
838
3140
869
995
881
850
838
882
850
855
1153
847
2868
917
828
2220
885
835
2773
833
2060
895
848
834
852
840
1919
832
825
1979
932
858
885
832
898
887
15026
6583
825
649
1833
725
670
625
794
589
628
607
630
626
604
734
692
599
2016
613
634
654
612
604
655
585
628
630
617
589
631
603
1668
581
608
579
611
585
616
589
622
604
597
643
618
676
1963
599
625
602
640
693
747
681
604
623
608
576
693
609
1843
624
609
627
610
588
612
600
588
610
698
609
620
592
2394
591
587
601
605
582
616
578
595
608
592
632
673
594
1959
622
599
714
685
567
616
605
602
633
656
642
636
573
1938
588
593
603
603
598
636
580
634
630
672
619
648
627
4245
585
620
601
597
591
638
616
618
597
626
649
648
577
2103
649
623
618
619
621
739
610
1857
645
590
705
600
610
608
589
582
666
594
607
637
586
2654
596
590
615
600
587
681
599
580
613
590
622
612
590
1801
601
594
634
601
610
609
671
604
621
615
614
636
650
1817
606
608
596
608
598
606
602
582
764
606
652
1386
612
1683
595
593
587
596
603
604
582
720
671
600
1760
606
607
1665
592
590
612
597
593
614
635
613
625
661
1780
614
602
1746
635
597
639
586
590
627
649
595
621
609
2178
611
620
1770
614
669
599
584
604
618
645
708
617
579
1985
599
588
1679
600
597
612
589
609
612
601
672
615
651
2086
856
648
988
660
606
684
653
631
633
611
622
652
610
1847
894
638
647
621
607
644
599
611
644
632
628
744
601
67526
776
602
646
573
606
642
611
588
601
643
590
621
572
1758
611
597
583
671
583
608
743
699
596
575
580
587
580
1829
584
571
617
570
572
600
619
571
604
590
578
615
579
1899
589
592
583
620
572
587
613
595
612
586
579
623
589
1843
567
616
557
564
574
612
597
615
589
611
612
603
568
1808
591
569
593
582
593
689
631
570
594
577
587
615
595
1723
568
584
597
591
668
615
589
561
601
591
600
597
594
2557
571
570
575
666
617
606
564
572
590
572
596
617
593
1831
561
611
751
607
583
583
565
603
664
583
687
659
564
1795
576
616
579
634
679
592
573
698
606
581
669
644
684
1721
591
656
609
636
589
608
684
577
671
593
2109
631
568
1902
579
608
614
599
611
595
571
571
617
579
1869
650
579
1724
572
596
597
598
571
632
596
576
609
1229
2485
570
572
1722
563
604
603
601
565
590
590
613
609
580
2016
607
579
1831
557
592
636
570
583
592
576
586
593
577
1839
584
587
595
600
573
617
576
635
621
567
569
594
573
1809
660
665
647
606
576
617
573
591
623
1301
672
695
587
1812
566
575
612
583
629
597
552
640
796
574
582
649
572
1896
569
619
588
583
586
586
551
584
610
598
571
614
597
1769
574
633
584
583
555
597
602
596
611
599
598
605
632
1796
591
590
605
570
573
603
563
575
631
580
554
608
609
2389
598
648
573
565
561
613
575
568
617
594
565
603
579
1808
579
593
570
573
595
602
581
580
621
598
648
609
578
1844
583
583
611
607
570
592
560
580
586
593
589
594
552
1839
588
583
573
592
585
595
559
597
716
544
586
599
580
1813
580
605
623
598
578
593
594
611
626
588
653
598
572
1696
602
584
613
572
591
599
576
593
616
585
614
1932
571
1831
575
598
591
571
577
600
580
615
612
564
2031
579
583
1762
600
651
579
578
563
602
597
611
606
597
2055
603
566
1705
573
571
592
580
579
589
559
569
606
577
1995
553
566
1731
558
567
597
606
578
622
569
604
599
577
1897
573
589
601
586
606
592
593
585
616
582
644
601
575
1783
593
574
586
610
569
589
585
625
593
595
591
593
586
1800
579
578
614
569
681
617
617
619
621
594
613
599
593
1695
588
571
596
571
579
611
595
590
604
585
581
598
562
1764
575
580
600
622
570
611
617
570
615
557
617
622
585
1697
579
592
676
572
558
627
586
569
599
571
569
588
541
1739
598
600
579
574
574
613
572
594
600
573
644
638
585
2434
584
576
575
576
556
596
577
593
607
571
678
582
570
1748
583
595
601
581
576
600
585
580
634
580
593
595
650
1655
567
607
595
593
564
595
608
604
606
585
608
619
601
1664
579
606
614
595
603
591
564
578
620
615
606
617
579
1734
615
579
625
609
583
611
601
601
594
593
658
597
579
1749
600
578
578
575
577
605
583
581
610
574
666
643
568
1684
559
613
608
576
566
597
610
584
593
575
1790
606
574
1719
600
582
593
578
576
593
559
573
602
651
1849
598
571
1731
575
578
593
563
562
605
589
574
602
574
1970
595
594
1684
639
556
642
589
639
610
557
615
642
561
1878
608
574
1855
574
602
605
591
609
604
562
563
603
619
1919
570
568
576
574
586
652
563
613
594
566
581
611
602
3998
582
569
587
607
588
598
569
656
599
646
586
589
636
1749
592
563
611
589
627
588
570
580
607
586
574
611
587
1929
707
592
551
572
601
625
568
598
606
761
645
649
628
1818
568
570
569
567
539
595
561
578
588
673
578
587
564
1633
625
572
581
559
559
594
601
561
596
571
548
572
552
2372
560
548
578
720
627
602
581
571
626
567
570
602
555
1771
577
100813
1030
590
605
724
611
588
618
753
672
615
577
1931
620
627
637
596
592
597
586
606
618
573
669
607
588
1892
596
592
604
600
599
597
589
561
601
558
617
608
618
1857
589
585
655
580
629
672
625
618
629
617
631
701
592
1891
663
587
630
613
615
581
589
649
669
588
1964
593
598
2036
568
563
614
615
602
622
595
586
617
613
2070
584
625
1778
612
624
633
584
590
593
601
693
687
668
2186
672
666
1927
591
596
586
600
602
626
551
589
709
599
2148
552
589
624
583
582
577
601
608
584
646
590
617
584
1961
595
599
594
567
595
639
606
594
686
624
610
600
591
1886
644
714
621
658
584
615
605
611
611
616
601
607
589
1857
6953
587
619
788
658
613
541
552
562
543
545
586
584
1856
564
576
543
566
545
635
557
549
560
578
541
649
612
1887
568
575
589
545
611
625
537
578
573
602
569
579
591
1927
545
563
609
592
548
574
589
710
587
559
552
571
548
1956
568
570
560
558
590
597
564
536
570
603
624
558
543
2559
828
850
645
564
1881
528
573
617
543
583
605
636
550
596
553
1758
590
608
1844
558
581
609
623
634
561
596
578
8621
567
2018
444
423
1734
438
445
451
421
421
439
1040
839
394
784
2797
428
371
1701
462
398
429
399
415
401
382
382
411
381
1790
409
382
1658
407
379
399
402
388
438
411
405
398
391
1709
391
390
404
399
390
411
495
399
466
384
391
397
407
1604
419
414
399
377
388
408
393
439
405
394
394
398
390
1571
406
452
445
418
387
409
396
402
396
386
384
413
399
1494
383
387
426
10980
4077
550
418
385
388
375
377
428
394
3876
389
372
380
377
370
382
391
449
386
391
396
389
383
1436
384
382
411
380
367
375
391
412
397
407
400
381
407
2292
403
385
398
388
383
386
387
397
382
390
433
399
418
1557
435
437
371
387
464
406
377
408
568
411
415
397
389
1554
398
389
380
381
382
386
390
407
385
383
403
404
374
1517
385
387
400
381
429
400
391
464
388
384
419
389
414
4083
382
384
376
393
365
386
396
388
363
392
471
387
385
1436
419
387
370
379
380
382
377
406
507
387
484
383
388
1514
373
373
411
396
374
377
389
387
371
371
1594
392
372
1542
385
382
364
389
451
404
371
436
408
395
1570
378
380
387
386
370
377
396
387
379
385
397
388
379
1442
384
395
375
380
381
385
374
415
410
395
388
390
416
3707
409
399
380
397
390
383
377
392
385
401
385
381
381
1438
373
382
384
390
385
385
381
466
378
395
409
389
377
1489
403
390
383
381
480
380
379
384
407
388
381
384
384
1517
382
401
397
392
383
376
471
395
380
382
406
388
405
2246
421
380
369
384
388
440
375
368
431
388
394
400
382
1501
384
389
415
399
376
386
383
400
377
377
400
385
373
1436
385
381
371
382
395
427
381
405
396
382
504
382
383
1504
376
379
375
389
430
389
386
380
400
376
449
370
376
1520
398
390
454
373
394
471
378
389
391
384
475
380
395
1421
386
383
384
383
380
386
409
380
384
374
1553
382
393
1450
376
391
379
380
390
370
378
385
389
391
1588
381
377
1414
357
369
383
415
375
455
383
383
391
385
1702
394
375
1543
413
377
379
377
378
398
430
372
428
376
4316
458
378
1427
383
374
389
388
383
400
387
371
434
383
1596
388
374
385
406
386
385
388
395
384
430
379
381
393
1651
380
386
383
374
378
380
388
380
420
389
447
379
375
1459
391
384
382
392
376
399
381
405
428
383
406
387
375
1551
377
378
368
371
385
385
376
383
386
401
372
377
382
1471
379
380
385
379
383
418
415
369
370
370
372
382
394
1444
390
425
376
375
370
381
377
377
616
455
418
375
432
1456
370
372
407
382
409
411
381
392
394
372
373
453
385
2240
383
388
384
382
378
492
405
384
389
388
390
377
366
1369
357
377
374
400
371
380
401
375
380
388
385
385
390
1512
425
390
363
372
387
387
362
377
386
393
415
377
379
1539
388
423
479
405
414
365
381
388
412
416
447
381
398
1478
390
389
380
372
375
389
358
412
390
466
458
420
416
1522
362
378
402
390
380
414
389
430
379
375
466
385
382
1567
377
380
364
380
430
435
389
382
397
391
490
370
385
1525
371
383
379
381
358
424
413
415
372
381
1688
437
365
1373
377
377
397
379
421
381
378
376
370
380
1596
374
375
1365
390
358
381
397
414
384
434
400
395
377
1623
382
466
1346
386
386
377
377
387
392
385
376
398
388
1676
377
380
1515
445
394
392
388
370
400
380
385
378
420
1527
386
403
381
386
392
381
407
383
390
390
377
372
389
1455
391
382
494
390
381
378
386
427
409
374
484
393
403
378
384
384
398
375
1562
393
391
365
385
384
621
389
415
395
399
385
386
438
2151
445
389
710
467
431
425
453
400
398
389
496
431
396
1420
419
407
383
404
429
410
393
404
402
398
440
415
399
1448
516
405
393
407
436
423
410
408
419
402
410
426
396
1575
405
412
384
408
431
422
417
397
395
401
428
454
398
1641
398
417
380
411
385
397
407
433
387
398
423
423
378
1479
405
404
378
393
403
398
403
460
405
404
423
404
406
1489
393
407
384
415
405
403
396
406
410
404
450
414
401
1510
446
406
379
409
389
406
415
409
404
409
468
397
403
1660
397
405
442
412
398
423
414
541
401
405
515
411
401
1625
403
405
375
421
384
403
461
407
412
412
520
400
404
1466
426
403
424
415
401
400
481
406
389
432
1536
412
399
1469
397
401
384
404
472
413
461
407
504
416
1759
415
418
1506
429
431
406
426
400
377
399
405
398
468
1679
403
384
1522
400
412
379
407
402
424
400
433
412
412
1665
446
405
2280
394
400
374
420
398
393
391
398
427
398
1741
404
384
385
400
403
401
407
406
399
397
431
399
413
1548
409
403
398
400
404
401
455
416
402
407
405
410
404
2351
409
391
395
396
390
426
397
412
432
447
416
434
404
1544
412
404
389
397
399
465
415
417
420
401
388
386
390
1573
408
405
386
406
412
391
403
403
404
404
393
417
410
3808
396
406
422
476
407
409
458
404
388
400
428
400
402
1563
594
392
401
456
408
395
399
409
415
441
403
408
399
1395
386
400
382
397
398
409
408
435
406
395
437
404
435
1587
398
412
384
399
391
469
397
406
407
403
398
409
407
1457
399
427
389
394
391
452
404
400
394
393
420
424
403
1536
467
388
380
456
427
411
395
399
397
394
435
409
422
1507
379
404
393
400
380
391
425
399
403
398
471
397
421
1464
411
388
381
405
396
404
403
396
384
408
483
385
402
1551
424
397
380
398
393
397
405
399
394
676
1667
393
382
1542
401
412
386
397
417
393
387
422
404
391
1524
420
408
384
387
387
399
398
414
401
398
440
391
390
2195
400
403
413
423
441
398
445
424
400
414
410
458
437
1560
406
388
383
398
391
396
399
389
409
405
432
397
412
1588
389
407
396
380
458
401
408
400
395
399
401
403
413
1526
433
390
412
405
418
389
387
399
406
399
407
398
414
1502
398
446
1210
452
381
388
381
402
377
380
389
409
367
1536
381
380
368
412
389
378
375
365
400
384
393
402
378
1407
375
392
372
390
377
382
384
416
379
376
408
399
385
1527
415
409
369
399
408
494
420
401
379
381
391
375
385
5576
420
385
431
433
382
387
386
385
480
385
447
378
372
1432
377
390
426
382
377
386
371
379
381
376
495
379
388
1493
392
379
371
414
373
400
376
381
372
380
1507
447
402
1671
385
388
371
384
428
448
370
436
409
371
1875
381
392
1425
404
377
381
395
389
375
386
387
404
381
1728
411
385
1649
380
519
373
388
423
390
392
388
1198
687
4932
544
475
3047
517
519
450
432
427
438
424
410
525
447
1671
416
416
490
419
448
418
426
435
488
416
462
411
511
1732
423
407
403
395
403
392
403
406
407
408
403
396
390
2205
418
402
420
408
408
399
437
400
403
391
405
446
389
3475
414
400
369
375
529
386
453
377
389
388
449
461
442
1642
394
394
373
387
367
456
466
401
374
386
369
392
375
1456
381
385
396
406
412
394
378
377
454
418
434
395
383
1531
396
416
410
378
440
426
378
388
424
389
383
452
685
1618
399
403
381
390
440
962
411
403
437
421
439
424
462
1615
431
420
417
425
442
522
425
431
426
420
446
434
431
1663
489
422
687
453
442
406
444
403
402
403
468
2128
649
2630
484
455
403
420
428
404
404
421
478
412
436
418
405
1438
475
476
459
395
487
399
397
401
394
419
456
397
414
1588
466
401
388
408
406
395
390
438
429
400
478
426
401
1538
405
430
377
463
400
468
424
416
404
400
517
397
396
1481
405
399
396
405
414
406
399
383
414
405
1580
549
400
1536
403
405
402
400
408
429
401
468
404
425
1715
400
402
2230
404
404
376
411
389
395
400
398
408
393
1779
401
387
394
392
394
439
388
398
398
379
451
402
403
1505
437
403
380
387
409
390
404
424
400
410
393
389
387
2088
401
397
382
416
404
392
476
403
489
390
400
404
400
1519
392
407
377
382
390
387
382
383
439
393
389
393
416
1526
412
392
385
404
389
407
424
386
407
403
473
417
466
1557
416
407
399
415
440
413
397
403
407
410
396
433
412
1562
392
462
405
404
390
420
393
412
395
411
405
402
393
3965
408
405
388
395
410
400
388
403
452
408
461
391
396
1585
386
416
396
403
414
462
398
412
398
405
433
427
395
1550
440
407
483
416
438
422
383
434
403
401
409
401
410
1501
403
417
392
396
404
398
408
413
402
414
447
411
399
1539
398
414
386
395
398
427
391
401
393
404
458
402
416
1459
406
401
409
408
411
456
464
413
399
402
489
400
422
1527
577
406
388
402
411
414
439
398
448
415
505
399
404
1569
398
399
398
411
398
399
405
407
394
395
1666
405
403
1502
407
406
389
445
393
421
399
395
389
402
1775
409
399
2704
411
403
452
400
428
393
404
555
456
404
2121
412
507
1527
494
416
398
405
407
407
428
398
757
551
1722
403
412
1869
411
417
403
451
415
399
404
493
408
469
2568
416
399
398
390
407
397
394
510
412
399
417
401
439
1540
471
436
416
409
401
478
403
390
394
402
399
406
395
1562
412
420
403
404
412
403
408
392
396
445
397
399
400
1770
392
407
404
404
403
403
447
436
448
396
402
455
399
1521
408
406
407
401
415
406
465
402
405
407
400
426
400
1545
394
484
405
406
395
418
415
402
399
391
404
403
437
1461
498
406
390
401
403
402
430
470
409
405
403
408
404
1527
433
403
1226
467
406
397
415
402
393
390
431
400
438
2235
393
389
391
390
387
449
387
404
403
450
428
388
425
1563
411
384
397
416
370
418
405
402
392
396
429
382
390
1764
431
396
375
409
416
398
411
412
400
399
404
387
404
2326
427
417
391
405
399
396
394
408
388
402
447
401
374
2177
400
426
387
425
391
387
381
381
389
383
474
391
398
4443
385
383
382
387
395
402
385
387
378
402
1689
398
388
2284
2333
389
397
417
382
392
396
390
395
440
1749
382
384
1479
472
512
572
397
378
395
391
410
397
399
1560
391
389
1520
400
393
430
404
383
388
385
398
403
398
2210
415
383
386
377
386
397
396
373
400
384
400
387
383
1558
390
373
376
397
373
375
379
382
390
382
387
400
389
1480
390
517
388
478
404
442
385
391
397
377
381
381
386
1553
380
384
385
383
379
394
407
379
400
390
399
394
374
1657
376
388
374
422
399
388
366
388
467
389
383
393
387
1762
403
385
395
390
399
385
381
382
379
703
412
382
384
1812
395
422
387
382
397
384
379
384
394
390
387
411
391
1475
370
400
413
393
378
397
438
447
401
390
426
477
380
1496
407
384
372
393
402
384
384
383
418
386
419
464
396
1585
393
393
387
498
383
402
392
396
388
388
837
400
388
2284
383
383
406
393
418
398
398
391
407
416
415
402
414
2135
386
468
414
422
399
398
448
398
394
419
463
382
394
1703
400
422
390
392
390
441
391
378
396
383
521
397
400
1429
379
381
483
396
391
395
418
396
400
393
2187
390
456
1436
481
419
415
429
386
387
390
390
394
420
1602
389
388
1584
384
388
446
449
394
450
383
388
391
438
2130
490
392
1584
425
403
413
447
400
395
386
379
461
386
1624
448
394
1580
389
394
393
402
397
406
405
396
426
451
1735
388
405
394
402
391
400
399
415
398
389
391
402
413
1541
396
397
392
399
394
404
418
389
389
418
398
388
396
1433
431
381
381
394
371
395
426
396
413
385
405
405
390
3997
447
480
374
381
394
428
372
463
413
396
378
387
384
1519
400
397
390
418
391
388
390
402
399
383
387
408
409
1545
414
389
408
383
385
391
378
418
404
384
375
410
415
1641
386
399
397
417
397
390
407
390
396
417
384
394
383
1403
401
428
376
467
389
395
410
384
395
390
433
394
387
1430
411
381
384
395
376
411
396
389
392
374
432
390
397
1732
461
391
395
453
400
402
376
393
423
381
388
385
381
2100
412
441
388
403
450
388
461
398
402
389
434
393
392
1543
401
403
383
386
396
403
370
436
400
391
427
431
587
1893
427
445
420
392
574
483
396
405
393
411
2878
677
460
2630
389
460
404
450
374
400
386
402
392
395
1736
397
401
1476
391
386
377
395
442
386
423
380
417
397
1740
385
391
2200
410
396
475
397
387
426
392
392
388
407
1665
446
441
1497
396
424
387
418
371
402
394
387
392
446
1632
397
384
385
390
388
393
466
404
409
396
389
401
405
1534
394
417
446
430
390
393
403
417
431
385
391
429
433
1509
395
387
389
377
389
399
395
401
399
389
412
397
387
1515
392
391
388
407
386
410
394
402
409
395
394
409
407
1573
398
416
390
422
435
407
387
397
405
396
389
394
449
1525
392
382
395
406
394
393
397
416
385
397
395
515
391
1533
395
405
390
391
398
398
390
448
405
385
438
391
390
1556
388
389
389
455
434
397
405
445
402
391
425
403
387
1471
396
393
381
411
405
492
427
388
393
396
405
399
393
1440
397
385
411
396
389
395
390
427
385
402
574
468
660
2324
462
485
379
393
393
410
454
388
399
422
409
391
403
4202
402
402
405
398
487
395
470
396
397
384
444
388
379
1539
489
392
440
408
395
506
378
386
390
391
473
392
381
1468
386
394
397
397
393
386
418
395
393
384
1600
399
390
1461
407
388
382
377
397
384
386
408
394
406
1743
439
394
1690
445
395
380
369
379
409
429
390
386
391
1704
423
437
1545
394
392
387
390
393
387
378
428
402
405
1640
412
1084
2079
448
388
383
442
394
404
418
397
396
409
1659
386
459
389
380
388
412
396
566
393
392
418
399
1801
391
386
1521
415
395
385
394
403
398
408
401
390
396
1698
409
413
2686
394
401
387
377
374
406
398
388
387
413
1740
389
379
1524
401
404
413
486
433
398
388
390
428
386
1620
391
398
383
389
405
426
393
385
393
405
388
623
405
1599
470
396
405
396
441
440
404
396
386
387
402
408
385
1443
399
388
401
387
436
393
394
389
394
385
388
391
385
1535
454
397
382
387
382
389
401
380
418
460
418
398
393
1496
410
408
408
390
400
423
378
392
404
397
391
391
380
2262
404
400
385
383
405
393
388
396
389
399
400
458
387
1487
400
391
387
402
462
482
400
383
413
390
413
418
381
1614
435
387
435
377
376
390
390
391
391
387
488
421
388
1584
396
383
376
390
405
426
390
395
396
410
490
400
388
1512
395
400
385
394
402
392
384
423
425
395
469
439
389
1539
401
386
381
386
388
405
386
393
395
392
505
394
383
1445
407
397
380
375
394
394
385
385
390
397
1567
430
396
1506
400
389
398
390
383
398
371
444
387
378
1689
384
382
1496
397
378
396
387
406
396
391
390
417
387
1694
398
403
3718
406
397
391
375
380
394
405
391
421
406
1688
390
399
1402
411
394
375
384
402
382
377
382
384
386
1648
396
388
383
404
386
423
395
414
398
385
389
396
397
1722
388
393
388
373
384
425
386
400
388
546
399
395
399
1422
398
392
379
399
385
396
392
402
398
396
397
394
387
2359
396
419
401
393
420
396
390
391
388
401
390
413
410
1410
403
437
401
414
392
400
390
395
396
386
389
390
390
1504
405
404
396
406
398
402
399
399
400
407
401
424
402
1546
413
402
434
403
427
410
389
399
405
400
407
394
411
1535
405
404
409
402
419
404
400
400
407
393
449
413
388
1579
395
390
442
414
402
407
395
392
407
405
433
405
384
1486
407
424
378
388
386
412
385
425
385
388
428
404
439
1569
406
393
384
387
392
401
389
390
394
401
436
412
412
1537
401
395
385
426
388
395
391
395
393
385
486
407
408
1508
401
471
484
505
398
397
394
475
488
402
458
399
386
1515
528
377
378
394
377
444
401
387
394
391
1656
401
387
1564
392
391
492
389
379
398
397
399
389
370
1694
535
396
1509
396
399
375
391
414
400
397
391
452
395
1773
390
438
1543
391
384
453
394
386
395
390
385
397
387
1697
388
384
2199
400
437
384
390
394
392
444
393
433
407
1593
401
380
423
445
392
395
404
413
388
413
382
453
400
1610
395
459
389
449
390
393
394
389
481
391
415
388
405
2259
407
389
392
397
395
391
383
448
385
395
399
404
387
1455
394
417
1589
411
392
393
394
390
389
425
399
377
389
1562
402
395
385
391
403
391
385
416
395
388
387
403
389
4230
394
389
365
411
400
389
397
391
397
422
430
395
375
1522
387
389
389
382
415
445
398
385
399
390
432
393
401
1559
383
380
383
392
698
437
409
414
395
394
441
415
389
1478
438
460
383
389
392
397
410
429
431
400
477
387
430
1485
402
407
388
387
405
415
394
451
401
380
1602
416
385
1502
436
423
394
391
401
395
391
408
393
394
1843
401
497
1534
394
388
378
394
386
382
404
416
410
438
1755
424
405
1523
406
402
381
414
401
400
391
398
404
396
1676
397
478
1503
400
381
387
388
416
395
396
416
402
387
1626
415
418
385
402
389
400
391
390
396
384
420
406
395
1607
412
389
389
376
392
390
382
395
390
389
389
379
401
1529
394
397
377
410
390
391
390
388
412
403
390
447
399
2334
501
389
375
383
394
391
399
396
424
393
399
459
400
1592
417
398
395
399
419
400
392
442
404
401
419
399
474
2144
480
403
385
399
404
397
389
401
403
397
398
404
395
1468
393
392
453
407
388
394
398
401
403
398
401
411
393
1626
410
404
376
386
407
398
377
383
392
404
422
399
383
1623
410
879
395
412
447
476
431
425
423
415
442
441
425
1509
418
419
485
428
422
422
421
426
419
474
455
422
423
1509
427
428
423
433
424
465
421
423
428
411
453
420
416
1547
419
432
414
418
422
473
415
420
426
467
466
419
423
1588
412
415
419
483
429
418
405
398
403
385
506
398
417
1578
398
396
370
381
421
408
390
380
383
372
499
403
392
1636
387
380
378
403
388
437
401
396
416
439
1656
397
415
1442
395
387
403
379
385
410
397
386
398
388
1771
416
381
3803
406
393
389
395
425
458
397
408
409
389
1996
379
397
1475
379
464
396
381
392
402
406
405
445
398
1637
399
381
1487
398
396
390
403
399
414
389
388
416
455
1648
403
384
491
459
403
406
376
389
400
389
391
397
400
1472
811
406
437
404
401
397
397
403
399
447
426
400
386
1549
389
395
381
389
397
409
392
391
440
390
388
378
483
2279
395
383
395
391
392
394
418
388
397
386
420
538
382
1643
477
389
386
516
400
737
434
422
406
390
377
396
401
1445
410
386
392
402
406
390
385
389
393
395
420
476
406
55615
767
567
492
518
444
414
544
444
404
405
424
420
392
1411
433
394
373
398
381
402
371
364
389
376
428
1002
600
50657
846
592
527
568
475
541
390
477
392
437
1562
424
400
1657
407
405
385
393
401
387
413
384
399
393
1649
392
405
1640
390
391
377
395
447
399
399
397
397
420
1697
401
448
1453
417
392
410
414
384
422
403
395
399
446
1731
478
440
1517
400
412
449
392
405
420
434
389
388
423
1669
407
383
395
384
391
391
427
399
395
391
383
415
407
1544
413
384
396
407
480
411
494
399
397
398
408
396
393
1530
442
434
391
399
396
382
392
392
390
735
380
390
421
5135
426
441
386
419
430
417
387
420
471
399
404
414
393
1498
401
390
385
393
390
389
387
389
399
389
398
393
389
1636
429
403
410
383
399
390
409
386
383
401
394
387
425
1647
433
416
426
455
469
429
418
419
395
397
387
399
417
2039
409
386
433
389
409
398
391
383
393
376
403
395
382
1434
401
394
380
380
391
418
431
396
389
402
395
388
388
1509
441
381
393
388
408
395
388
424
370
387
400
395
448
1455
583
463
403
450
407
410
410
412
422
406
432
412
431
1429
419
408
410
413
405
420
417
412
462
424
467
415
415
1590
428
412
419
469
421
423
408
421
481
457
502
449
412
1520
425
413
407
421
412
608
423
468
417
422
530
415
409
1585
528
411
416
420
416
461
488
406
413
421
1845
431
435
1565
537
413
457
424
406
494
419
419
422
476
1653
432
427
1712
418
454
414
466
419
499
422
424
478
418
1721
433
423
1506
442
417
420
415
411
432
413
482
409
435
1593
408
398
2784
407
408
681
475
454
747
415
630
422
419
1688
420
428
419
443
415
418
452
444
416
416
471
415
421
1447
421
438
422
459
472
413
412
518
419
506
479
417
411
2298
442
465
415
412
408
422
408
381
448
464
389
391
398
1476
400
387
382
409
371
378
382
402
389
393
391
397
398
1511
512
433
401
397
390
397
405
390
399
428
380
384
442
9963
535
448
399
462
388
487
398
462
380
405
380
395
395
1524
464
438
388
378
377
460
377
382
460
437
385
452
775
1510
391
395
409
401
387
388
408
391
392
499
396
410
396
1418
396
383
412
388
393
382
433
382
387
459
406
395
381
1454
403
396
425
377
382
395
383
384
417
397
415
431
381
1506
410
381
387
397
380
712
394
441
392
455
468
403
385
1417
444
393
386
391
492
415
396
387
397
403
473
391
424
2214
415
397
395
380
402
399
388
391
506
395
1912
408
403
1580
389
387
374
403
378
383
385
397
429
385
1593
399
389
1418
393
377
386
403
395
417
402
402
400
402
1761
395
391
3920
403
424
383
378
386
390
441
388
404
404
1634
420
385
2169
417
389
399
393
389
403
386
388
440
441
1739
399
377
386
409
468
416
450
379
382
389
397
382
423
1624
419
365
371
438
380
397
388
381
389
389
382
383
439
2142
378
373
372
383
379
392
376
378
382
378
377
383
387
1441
392
390
367
401
373
380
382
374
428
393
415
382
378
1400
397
391
379
441
386
400
390
376
400
378
396
406
392
1487
376
387
366
383
385
383
363
391
383
384
378
398
376
1495
467
373
461
403
506
385
371
370
380
405
402
389
450
1527
440
459
398
377
368
388
452
368
385
386
416
377
392
1452
373
369
362
442
387
391
394
386
429
376
392
386
391
1423
396
376
352
383
440
409
377
377
382
384
398
380
385
1373
391
391
370
435
469
389
400
380
402
434
484
388
382
1443
383
378
358
370
376
400
372
373
396
433
444
389
439
1474
411
387
399
384
388
381
437
401
424
386
473
401
394
1402
412
386
362
379
388
445
385
425
435
379
498
401
384
1423
396
392
387
395
388
378
382
389
397
425
1619
404
400
1457
440
376
378
382
394
440
402
378
388
383
1653
392
373
2403
397
376
392
386
394
400
378
382
391
398
3028
387
389
1414
377
382
390
374
377
421
403
384
388
404
1550
396
412
1545
373
425
398
388
388
389
401
382
442
393
2196
397
391
387
403
384
390
384
384
408
396
387
409
377
1522
382
408
396
388
400
400
380
386
386
377
380
477
408
1390
431
385
375
398
398
389
379
378
459
477
399
386
394
1602
378
360
382
382
373
380
396
396
425
431
381
390
392
1379
422
409
385
382
375
401
393
506
461
444
448
394
397
1424
392
382
382
436
399
394
383
442
395
380
455
479
459
1558
398
392
365
378
387
393
373
383
385
367
485
431
404
1704
364
450
367
391
395
401
598
397
403
570
1616
389
407
1583
380
497
383
389
386
474
378
378
389
382
1796
417
390
1444
397
392
405
401
389
481
385
481
452
453
1609
396
392
1524
442
437
395
378
446
398
375
375
382
377
1704
394
383
1449
393
411
376
397
409
395
371
373
396
365
1491
392
406
401
431
410
401
447
406
540
395
377
585
395
1727
387
372
401
514
405
382
391
393
388
411
383
389
429
1401
396
371
481
405
386
376
396
377
403
448
385
431
378
1451
414
377
376
403
378
395
448
385
388
660
483
388
379
1385
529
433
483
374
378
384
455
402
396
401
401
486
385
2203
390
380
441
452
380
445
416
385
382
416
378
397
403
1432
429
371
427
427
441
391
387
449
382
627
378
451
380
1482
371
385
447
399
427
381
386
396
405
435
484
392
392
1424
451
395
385
391
394
401
395
391
396
463
398
397
400
1615
484
388
394
451
376
402
471
420
403
385
434
459
427
1567
393
400
375
383
391
385
389
381
392
393
399
397
394
2859
392
387
386
432
380
506
377
376
391
389
434
454
393
1492
401
393
397
392
389
393
385
385
387
391
469
385
388
1445
403
393
395
392
379
498
405
421
441
386
1527
466
383
1464
389
384
379
388
392
391
384
372
401
388
1553
425
384
1656
382
385
366
385
428
471
404
416
394
396
1667
402
394
2202
387
370
357
364
380
390
377
461
390
405
1684
398
543
3014
399
395
382
383
390
404
403
401
440
398
1610
387
441
381
408
394
412
444
407
379
388
372
390
384
2442
385
408
384
383
385
406
394
386
386
383
396
429
382
1540
395
397
401
408
388
389
389
380
465
437
377
415
401
1596
572
391
428
409
387
393
441
412
396
395
380
453
380
1505
385
383
379
394
385
383
382
382
383
381
387
448
408
1541
443
390
393
378
411
404
391
430
395
393
382
389
392
1568
394
380
423
397
398
401
393
384
381
385
450
417
379
1493
393
419
375
431
400
385
379
392
412
380
403
411
394
1553
415
392
378
387
393
394
385
394
390
397
406
387
369
1457
391
377
388
379
390
380
414
379
453
433
402
396
396
1509
389
395
383
414
385
442
388
394
407
378
492
393
393
1471
400
414
380
384
391
499
460
397
