11518
8962
9950
9002
9075
13392
8950
12952
8944
8522
10111
9018
8746
9034
8230
8752
9211
8282
9374
9158
8747
8760
9953
8553
10629
8632
8468
10760
7718
8342
7714
7610
9356
9541
7566
7333
7559
7808
7665
7780
7633
8632
8215
7517
7331
7607
7914
7784
7718
9002
8531
7786
8074
7676
9989
7944
7964
8392
7787
8693
7790
7513
7927
7746
7656
8283
7654
9289
7651
7700
7989
9040
7782
7460
7656
7637
10090
7380
7817
7557
7549
11370
2459537
23112
7955
9851
7696
303086
20720
7901
29498
7820
20613
10006
7029
20496
7339
20067
9099
7272
7590
11351
11319
7801
7262
7537
6896
7654
7480
7134
7949
6778
7428
7176
6470
9544
7839
2147
2125
2029
3444
1914
1819
2036
1901
1925
2997
1883
2066
1886
1898
2095
3485
2110
2014
2036
1940
3653
1825
1836
1880
1898
5985
1888
1820
1856
1849
1924
1865
1761
1776
1863
1921
1908
1803
2033
1887
1877
1947
3270
1811
2042
2040
1934
3517
2051
1897
2043
1841
1923
2013
2086
1979
3098
1898
2158
1893
1928
1870
1864
1877
3282
2153
1900
2061
1845
3493
1841
1883
1985
1810
3192
1885
1844
1877
1882
1928
1813
1780
1855
1877
2153
1969
5823
1878
1869
1837
1873
3204
1917
1907
1892
1930
3275
1863
2083
1945
1871
1865
2017
1818
1849
1887
1764
1970
1870
2014
1863
1932
1818
3312
1856
2283
2108
1777
3085
1574
1558
1560
1562
2919
2971
1622
1594
1596
1619
1624
1546
1616
1661
1651
4004
1567
1499
1827
3721
4184
1736
1622
1708
1785
1621
1654
1613
1621
1610
1535
1523
1585
1517
1520
1636
1481
3951
1501
1577
1518
2846
2860
1601
1442
1493
1518
1680
1581
1503
1574
1469
1638
1458
1504
1701
1490
1605
1575
2899
1517
1551
1546
1588
2937
1578
1499
1605
1519
2883
1499
1548
1528
1479
1540
2435
1709
1540
1505
1523
1449
1471
1536
1519
1621
1504
2877
1517
1487
1534
1508
3584
1444
1578
1589
1629
1638
1573
1503
1563
1598
1594
1625
1639
1520
1525
1684
1543
3009
1626
1618
1504
1562
3054
1458
1551
1606
1523
2851
1631
1561
1484
1547
1510
1475
1415
1531
1440
1650
1525
2684
1511
1498
1519
1422
2818
1526
1560
1625
2425
3656
1502
1513
1583
2373
1641
2369
1570
1649
1520
1553
1498
1515
1537
1488
1557
1486
2950
1533
1517
1527
1629
2942
1497
1491
1569
1475
2787
1410
1427
1546
1512
1553
1431
1488
1444
1469
1540
1414
2622
1459
1504
1562
1565
2740
1524
1516
1706
1615
2885
1486
1467
1522
1495
1531
1474
1492
1533
1466
1527
1476
1537
1637
1465
1675
1534
2766
1461
1472
1448
1412
2751
1570
10605
1627
1545
1463
1500
1482
1517
1540
1562
1501
2728
1526
1457
1459
1478
2959
1510
1580
1489
1442
2772
1420
1446
1438
1508
1487
1439
1530
1424
1382
1418
1499
1405
1481
1443
1550
1391
2798
1384
1407
1466
1384
2630
1367
1368
1443
1410
1415
1448
1400
1398
1334
1591
1377
1456
1424
1363
1377
1395
2734
1426
7990
1730
1945
2930
1456
1462
1400
1440
4241
1510
1298
1510
1334
1385
1328
1361
1359
1342
1359
1345
1319
1486
1356
1445
1404
2733
1378
1394
1387
1399
2698
1318
1322
1460
1328
1407
1436
1544
6148
1344
1393
1204
1279
1316
1249
1255
1193
2430
1259
1254
1278
1228
5354
1191
1210
1218
1235
2618
1198
1212
1246
1258
1285
1280
1212
1238
1158
1236
1249
2462
1211
1162
1273
1186
2431
1189
1202
2353
1224
2533
1309
1231
1375
1446
1344
1251
1217
1242
1235
1305
1216
1173
1250
1202
1229
1239
2463
1231
1215
1265
1190
2501
1203
1204
1241
1202
2405
1225
1201
1219
1245
1257
1252
1187
1267
1227
1265
1250
3191
1256
1230
1330
1258
2641
1280
1285
1404
1291
4792
1244
1283
1298
1306
1310
1232
1245
1359
1233
2113
1322
1249
1277
1259
1330
1246
2453
2084
1349
1230
99577
2990
1245
1276
1269
1194
2462
1255
1257
1205
1180
1310
1354
1435
1217
1210
1224
1206
2482
1210
1193
1240
1206
2571
1215
1269
1267
1300
2667
1254
1246
1258
1453
1244
1196
1209
1248
1262
1294
1197
1192
1229
1235
1331
1312
2621
1259
1286
1359
1273
2587
1240
1227
1260
1215
1362
1252
1254
1265
1224
1429
1260
1271
1326
1262
1302
2462
2651
1323
1248
1289
1357
3374
1274
1224
1440
1213
2763
1323
1166
2475
1865
1649
1315
1266
1266
1253
1240
1172
2553
1223
1188
1223
1202
2502
1234
1175
1255
1182
2661
1180
1180
1238
1177
1232
1155
1219
1241
1226
1419
1273
1208
1169
1174
1203
1201
2446
1225
1178
1281
1210
2641
1231
1211
1228
1194
2494
1232
1244
1227
1209
1354
1322
1189
1254
1216
3532
1173
112779
2882
1695
7580
2003
3932
1415
1308
1497
1428
2620
1212
1223
1236
1187
1242
1203
1232
1260
1284
1295
1254
1161
2427
1652
1541
1367
2639
1403
1250
1463
1327
2517
1258
1340
2754
1868
217022
1654
1408
2541
1932
1605
1371
1348
1311
1267
1280
1201
2524
1245
1215
1344
1205
2583
1266
1209
1363
1341
2554
1318
1267
1275
1188
1359
1358
1220
2908
1282
1502
1146
1204
1205
1215
2895
1911
10726
1313
1264
1388
1249
2570
1358
1182
1241
1234
1238
1216
1178
1242
1227
1269
1163
1156
1161
1175
1176
1222
2493
1380
1286
1221
1257
3449
1256
1244
1243
1245
2542
1181
1185
1373
1211
1197
1276
1194
1234
1200
1300
1320
2575
1197
1141
1151
2458
2578
1211
1204
1327
1333
2509
1380
1196
1287
1318
1284
2318
1197
1195
1174
1227
1305
1246
1267
1257
1313
1194
2601
1361
1263
1212
1238
2588
1259
1216
1233
1227
2388
1259
1300
1242
1213
1265
1205
1233
1202
1200
1377
1262
2330
1121
1137
1286
1184
2453
1165
1170
1216
1120
2484
1218
1179
1161
1166
1253
1149
1183
1194
1203
1263
1199
1219
1284
1111
1210
1144
2444
1172
1165
1210
1185
2458
1143
1158
1243
2521
3102
1176
1187
1200
1206
1261
1210
1180
1268
1278
1277
1231
2483
1289
1165
1230
1231
2455
1253
1199
1241
1334
2572
1297
1259
1268
1220
1318
1229
1214
1222
1188
1252
1192
1176
1225
1209
1264
1213
2518
1243
1182
1233
1194
2411
1194
1261
1268
1227
2292
1218
1135
1229
1304
1281
1168
1172
1258
1219
1287
1172
2454
1217
1145
1264
1174
2377
1223
2195
1277
1161
2439
1235
1173
1209
1182
1229
1156
1179
1148
1190
1222
1216
1168
1184
1190
1220
1132
2539
1212
1100
1141
1145
2404
1147
1911
1265
1199
1249
1157
1245
1174
1101
1232
1176
1182
1186
1129
1274
1212
2433
1198
1209
1215
1171
2442
1168
1160
1211
1243
2487
1175
17563
1206
1192
1733
1222
1263
1164
1113
1227
1164
1248
1281
2356
1266
1154
2307
1188
2612
1246
1154
1177
1150
4563
1152
1167
1183
1152
1311
1249
1182
1278
1162
1228
1205
2272
1192
1182
1228
1198
2533
1235
1467
1233
1149
2432
1267
1258
1220
1207
1254
1243
1183
1237
1142
1237
1163
1198
1202
1206
1196
1199
2428
1189
1217
1181
1185
2416
1163
1129
2037
1232
2496
1163
1125
1205
1140
1223
1133
1160
1186
1114
1201
1180
3132
1977
1204
1248
1164
2394
1165
1169
1280
1145
2418
1167
1189
1237
1156
1219
1157
1196
1188
1156
1207
1205
1111
1179
1130
1187
1156
2416
1159
1172
1194
1126
2509
1175
1187
1197
1143
2350
1184
1203
1217
1180
1297
1144
1171
1232
1210
1981
1276
2389
1153
1146
1160
1113
2394
1168
1136
1163
1202
2458
1175
1119
1182
1180
1207
1118
1207
1214
1178
1271
1975
1199
1254
1157
1149
1220
2414
1160
1123
1244
1166
2394
1180
1159
1193
1150
2232
1136
1174
1158
1136
1232
1188
1124
1206
1126
1196
1149
2407
1177
1198
1303
1154
3163
1166
1217
1179
1199
2399
1199
1156
1252
1268
1289
1210
1233
1240
1490
1307
1210
1218
1656
1333
1240
1176
3002
1324
1290
1284
1218
2606
1194
1410
1259
1233
2509
1211
1232
1193
3225
1324
1231
1220
1249
1177
1354
1196
2507
1197
1190
1233
1188
2646
1279
1186
1194
1220
2454
1179
1156
1176
1257
1284
1154
1140
1207
1211
1251
1178
1174
1222
1240
1294
1250
2493
1228
1296
1238
1253
2646
1327
1372
1295
1269
2493
1283
1199
1259
1229
1298
1254
1287
1289
1222
1292
1266
2491
1216
1276
1261
1277
2635
1199
1224
1297
1212
3378
1155
52607
1378
1268
1317
1281
1208
1245
1217
1214
1237
1218
1186
1205
1374
1205
2645
1213
1176
1182
1188
2539
1210
1179
1208
1166
1257
1209
1190
1219
1197
1228
1185
1181
1212
1174
1232
1283
2551
1167
1213
1208
1160
2580
1214
1158
1201
1170
2609
1203
1189
1238
2474
1213
1240
1150
1172
1149
1216
1136
2433
1196
1123
1157
1169
2679
1117
1136
1135
1147
35098
1330
1219
1178
1211
1228
1155
1188
1174
1214
1225
1145
1112
1179
1129
1219
1159
2453
1240
1162
1200
1218
2595
1189
1186
1191
1220
2522
1178
1197
1238
1132
1301
1230
1174
1159
1134
1415
1154
17264
1252
10883
4709
1397
2903
1222
1175
1208
1181
4270
1114
1255
1124
1078
1300
1122
2293
1145
1163
1145
1135
2510
1166
1171
1140
1016
2566
1067
1055
2844
1087
2362
1126
1063
1085
1069
1097
1048
1036
1087
1055
1087
1058
1055
1055
1022
1096
1061
2369
1081
1044
1083
1008
2394
1086
1043
1072
1179
3270
1110
1048
1113
1221
1125
1142
1081
1140
1067
1126
1062
2372
1076
1077
1068
1080
4573
1091
1069
1103
1068
2336
1075
1086
1191
1082
1197
1075
1070
1088
1066
1079
1126
1052
1072
1064
1124
1074
2336
2051
1075
1248
1190
2538
1098
1176
1202
1107
2381
1108
1118
1146
1195
1181
1101
1160
1437
1113
1129
1083
2252
1116
1206
1154
1171
3316
1157
1147
1157
1114
6641
1117
1083
1301
1158
1157
1073
1129
1138
1065
1192
1111
1064
1095
1148
1118
1112
2399
1044
1109
1114
1112
2426
1072
1087
1133
1104
2248
1101
1122
1142
1114
1133
1280
1107
1125
1083
1119
2771
2341
1156
1116
1142
1118
2471
1104
1101
1121
1121
2401
1107
1119
1122
1192
1151
1099
1094
1132
1178
1194
1074
1090
1188
1113
1174
1193
2449
1181
1064
1119
1071
2358
1120
1089
1120
1129
2372
1072
1062
1163
1081
1129
1114
1172
1135
1091
1126
1097
2189
1168
1109
1112
1066
2377
1074
1176
1131
1074
3202
1082
1100
1104
1054
1132
1092
1100
1175
2263
1123
1087
1142
1154
1099
1162
1086
2362
1160
1115
1176
1112
2441
1114
1108
1132
1123
1157
1107
1074
1153
1123
1134
1120
1098
1114
1157
1195
1129
2294
1135
1122
1158
1055
2362
1083
1086
1155
1077
2371
1092
1077
1125
1063
1138
1087
1173
1108
1059
1133
1109
1042
1107
1106
1126
1066
2282
1115
1115
1121
1117
2272
1096
1088
1102
1062
1186
1076
2251
1188
1096
1180
1085
1087
1111
1126
1150
1089
2274
1098
1086
1119
1088
2461
1104
1074
1207
1132
2526
1087
1088
1130
355818
1871
1324
1140
1123
1104
1230
1070
2410
1072
1108
1089
1209
2711
1087
1059
2864
1085
2330
1106
1043
1137
1071
1086
1108
1035
1148
1134
1162
1049
1124
1066
1069
1100
1073
2288
1054
1091
1073
1074
2230
1060
1065
1082
2084
4114
1103
1116
1093
1074
1111
1108
1071
1121
1091
1092
1068
2267
1065
1207
1119
1046
2318
1061
1048
1122
1157
3081
1129
1096
1092
1056
1165
1078
1088
1092
1071
1110
1031
1041
1073
1047
1080
1158
2214
1094
1038
1134
1053
2459
1051
1017
1070
1140
1123
1060
1124
1091
1066
1094
1109
1057
1107
1063
1147
1065
2197
1056
1049
1062
1082
2207
1036
2023
1088
1041
2174
1013
1141
1071
1052
1121
1039
1063
1108
1043
1181
1044
1099
1083
1029
1106
1085
2332
1086
1083
1083
1060
2294
1133
1097
1096
1086
1135
1061
1031
1116
1048
1109
1167
1069
1041
1050
1126
1035
2166
1105
1146
1129
1077
2303
1056
1083
1114
1117
2164
1060
1054
1151
1067
1128
1072
1056
1077
1078
1101
1048
1020
1047
1280
1078
1086
3867
1073
1088
1080
1088
2204
1045
1035
1085
1085
1165
1229
1085
1104
1038
1084
1067
1063
1082
1047
1123
997
2903
1057
1082
1228
1038
2193
1043
1053
1093
1170
2135
1039
1068
1066
1128
1227
1141
1062
1072
1051
2644
1138
1139
1150
1047
1110
1094
2248
1094
1035
1116
1100
2243
1044
1010
1100
1101
1146
1126
1069
1093
1048
1099
1263
1077
1077
1041
2292
1070
2279
1048
1070
1075
1067
2378
1131
1113
1082
1085
2159
1045
1054
1039
1090
1158
1022
1010
1091
1060
1113
1033
2231
1050
1006
1094
1082
2226
1058
1069
1090
1094
2299
1068
1054
1230
1094
1111
1071
1090
1099
1054
1198
1081
1026
1563
1070
1092
1063
2182
1043
1106
1053
1094
3012
1075
1048
1073
1037
2200
1092
1105
1138
1057
1119
1006
1053
1105
1919
1121
1029
2239
1061
1037
1121
1038
2220
1032
1067
1095
1073
2239
1055
1069
1093
1038
1092
1040
1016
1081
1064
1069
1059
1075
1087
1081
1065
1036
2144
1039
1056
1020
1155
2163
1047
1046
1264
1043
2145
1054
1034
1057
1062
1165
1052
1042
1050
1059
1142
1040
2144
1116
1131
1046
1081
2356
1048
1047
1106
1048
2300
1050
1025
1092
1041
1135
1041
1936
1087
1043
1116
1164
1065
1065
1072
1073
1142
2205
1059
1085
1094
1111
2286
1109
1077
1069
1070
2803
1057
1057
1094
1078
1153
1114
1032
1077
1115
1095
1042
2137
1058
1031
1601
1083
2399
1131
2966
1101
1018
2292
1058
1061
1161
1040
1108
1172
1155
1151
1035
1475
1053
1087
1063
1174
1233
1045
2375
1097
1031
1068
1073
2196
1036
1060
1069
1104
2092
1062
1063
1081
1059
1125
1028
1033
1073
1051
1067
1095
2161
1059
1060
1101
1061
2222
1060
1103
1106
1082
2230
1066
1037
1135
1096
1102
1072
1089
1074
1065
1081
1060
1244
1071
1063
1085
1049
2217
1052
1071
1073
1040
2185
1062
1032
1130
1074
1078
1127
1098
1088
1030
1104
7076
932
978
874
812
851
2026
865
825
863
839
2004
827
876
1858
852
2069
839
835
1171
878
864
834
818
876
838
824
845
859
829
829
870
841
2698
860
877
873
886
1917
826
861
873
831
872
826
836
853
913
841
852
818
842
858
874
914
2213
824
838
904
877
2327
933
898
927
888
2232
1020
937
1010
947
911
845
903
951
925
970
926
890
1011
937
935
929
2113
2322
934
937
954
2158
951
914
941
918
925
942
921
999
912
950
920
956
958
919
939
933
2029
934
908
985
933
3097
970
1000
954
911
2166
930
907
962
932
958
953
939
945
932
927
910
2088
939
1004
934
909
2093
916
932
943
938
2859
912
919
907
918
941
892
946
908
885
916
951
930
1002
909
920
2322
2163
895
918
927
914
2188
951
932
938
912
2064
956
918
912
933
901
929
914
912
976
900
975
2071
922
905
914
904
2113
945
923
935
901
2105
898
912
938
913
943
919
1017
931
990
954
964
969
976
940
1015
962
2158
1014
953
980
958
2237
964
1060
992
977
2116
974
970
1015
954
987
974
980
955
2674
953
944
2212
928
963
917
895
2105
913
958
910
914
2118
946
917
906
898
1058
916
911
909
907
896
956
962
984
877
906
1036
2833
953
945
952
949
2231
929
959
942
875
2169
981
949
962
932
942
891
1029
998
901
976
908
2048
951
910
950
907
2144
929
907
949
937
2180
935
1119
933
932
982
900
3249
961
909
974
906
922
911
919
908
906
2167
915
918
1002
929
2193
945
912
920
908
2284
940
924
967
914
936
908
887
926
920
938
901
3140
898
911
896
892
2074
908
958
1022
923
2176
949
906
934
951
877
896
906
903
895
888
975
892
921
939
931
877
2242
910
922
935
933
3953
927
912
911
883
40698
1193
964
941
903
925
899
883
965
930
936
915
2373
955
937
912
920
2177
903
1005
919
951
2880
961
914
910
931
988
918
928
1025
907
977
936
1991
976
940
937
911
2101
933
928
942
932
2124
920
1054
997
923
956
915
959
966
936
923
944
995
1206
919
940
922
2045
879
909
960
938
2123
914
898
2474
942
2168
923
924
961
956
943
939
951
949
968
977
953
2189
963
1009
952
988
2184
1002
938
1075
913
2225
956
936
955
961
961
951
922
935
913
913
966
915
931
897
962
910
2160
924
958
919
942
2177
894
916
951
920
2111
930
925
941
897
1006
965
940
951
936
964
1001
2149
1035
959
961
955
3352
45190
1125
961
970
994
996
1038
969
933
986
956
990
949
942
962
959
2118
916
991
985
993
14838
983
993
941
3645
3726
946
955
969
925
996
902
940
901
896
1110
854
2458
938
931
972
938
950
956
904
981
996
1000
939
977
969
941
927
951
2205
951
952
949
952
2222
913
942
955
963
2186
952
923
972
3163
986
909
951
995
974
936
984
2174
976
950
963
936
2094
952
946
942
908
2140
960
937
969
973
977
901
943
940
949
1086
940
971
1003
1085
978
963
2317
971
950
987
949
2368
1001
980
1018
966
2172
975
931
989
953
995
944
969
996
962
956
984
1942
958
949
1003
931
2978
969
957
1001
945
2270
945
2780
978
936
975
961
973
942
1023
958
944
936
998
938
979
953
2109
982
1049
991
1001
2124
966
925
1000
952
2883
960
1073
976
963
976
949
997
979
970
992
965
2112
974
943
962
1027
2267
936
952
981
942
2127
953
962
961
982
945
996
921
947
947
1001
933
938
1008
974
981
969
2168
1077
969
1020
1047
29864
1133
983
980
974
2178
969
943
994
968
999
948
968
972
1011
972
964
4210
985
984
1000
968
2348
992
986
960
1051
2462
932
973
901
919
934
950
983
923
1258
992
941
893
908
917
1022
912
2646
903
1047
928
903
3163
943
925
897
921
910
934
893
942
947
946
942
908
937
947
913
930
2027
930
920
25802
1050
2407
925
927
922
919
2120
913
897
918
920
948
918
928
943
916
907
1011
2217
968
935
993
968
2111
990
987
957
977
2118
937
943
961
905
1044
1824
1004
977
980
934
929
976
996
941
949
923
2140
970
916
945
1055
2270
1000
934
934
997
2148
937
941
920
909
941
912
902
909
916
959
958
2389
3609
930
918
915
2111
948
911
921
987
2444
919
918
901
949
927
891
1006
900
879
895
927
921
937
888
917
921
2259
1034
922
991
926
2203
869
1018
1017
1019
982
978
896
930
918
998
904
944
913
945
957
931
2248
1032
932
949
927
2233
947
948
943
921
2112
893
887
985
903
941
923
965
961
945
941
31410
2812
963
922
944
919
2198
906
919
912
927
2167
965
911
968
965
960
909
938
926
910
914
931
900
2364
956
908
943
2216
930
933
902
915
2275
924
887
910
923
968
914
952
927
909
927
919
891
955
920
993
964
944
957
905
969
968
910
939
977
997
908
946
953
2157
947
923
962
938
2200
953
3061
992
902
889
964
938
945
929
895
880
922
944
893
914
896
3466
937
960
930
915
2930
944
921
936
912
2063
1003
962
942
915
995
973
894
929
900
1044
929
893
914
910
945
899
2055
904
913
963
959
2747
903
926
971
929
938
916
889
879
959
886
973
896
928
876
953
931
2156
944
886
981
910
31384
1146
915
968
1002
2105
961
905
963
939
929
971
903
985
1144
1012
1000
2056
906
866
898
909
2220
920
919
906
900
2142
912
926
988
1007
430982
2116
1148
995
883
871
845
843
993
819
837
810
1903
827
807
836
810
2019
829
845
844
829
2057
801
810
846
816
860
808
798
839
833
7478
3679
2252
658
579
563
507
1686
579
472
639
506
1696
508
449
528
464
496
458
456
566
476
524
467
564
446
540
1381
620
1575
465
451
515
485
1622
516
468
437
443
474
464
475
472
472
469
533
446
480
452
471
479
1757
473
452
621
455
1600
442
433
441
464
1535
500
450
515
451
460
460
529
477
476
525
468
1638
581
461
539
453
2206
470
459
449
468
1539
459
453
580
451
473
455
502
478
488
499
482
500
524
477
497
464
1750
468
463
483
463
1594
510
474
483
504
1665
518
504
485
481
507
476
499
457
526
491
464
1632
504
503
473
490
1754
509
487
522
451
1565
487
508
478
488
488
465
487
482
530
459
514
516
495
447
458
470
1735
499
446
463
454
1762
444
498
548
451
1620
507
496
485
440
485
432
467
475
479
451
463
3168
502
438
461
447
1556
486
474
463
475
2164
460
439
476
443
484
450
497
493
467
473
462
474
473
458
519
479
1528
476
462
476
463
1591
442
543
481
508
1493
458
450
442
467
483
517
475
460
437
445
474
1656
502
451
484
470
1602
449
477
449
459
1652
452
478
475
444
460
442
513
459
463
620
449
524
522
467
442
446
3396
512
450
469
467
1621
478
445
482
448
1614
479
443
528
502
469
506
491
540
483
449
484
1757
468
575
526
489
1710
444
521
469
474
1489
483
444
452
446
476
488
501
564
486
456
483
480
486
444
474
503
1548
519
489
465
458
1591
457
482
499
434
1776
437
455
471
499
480
448
468
463
457
470
470
2360
472
438
465
515
3283
460
456
451
434
1539
463
490
455
553
437
541
515
476
445
467
448
536
452
450
502
479
2004
454
448
464
448
1989
586
466
484
445
1606
471
575
474
439
470
564
526
513
518
506
502
1725
472
454
447
468
1702
478
442
586
561
1547
454
521
449
526
440
511
516
469
465
486
682
574
470
454
466
435
1669
483
455
506
438
3292
465
458
507
438
479
470
460
519
461
479
444
492
464
467
488
444
1663
463
460
461
455
2291
516
435
469
427
1489
448
445
469
512
491
441
468
457
436
488
452
1720
468
487
464
458
1512
456
458
461
445
1624
447
509
446
501
455
486
440
462
433
481
437
465
506
445
550
462
1728
464
520
464
494
1515
441
508
487
468
2877
456
457
494
455
522
460
475
456
514
449
455
1713
510
465
489
472
1611
477
451
467
502
1797
455
460
471
470
487
445
496
488
529
484
475
485
523
453
517
449
1530
459
456
507
461
1567
457
448
473
437
2189
445
457
483
486
517
495
531
461
447
446
456
1809
506
554
462
435
1555
449
468
500
460
1511
452
443
470
484
472
461
487
483
506
493
453
499
462
469
470
508
1488
518
457
515
447
1547
479
474
593
452
1482
469
449
463
442
471
484
463
479
490
479
482
1904
461
462
459
458
1564
450
454
469
458
1650
450
454
504
452
467
444
522
469
439
456
479
519
451
498
467
453
1568
450
463
448
460
1590
496
792
591
544
511
460
548
541
528
538
517
492
504
490
586
477
1778
518
459
512
481
2061
548
524
577
563
1770
509
568
491
482
524
491
487
510
472
484
487
591
521
490
487
538
2353
502
475
501
560
1634
506
457
562
476
548
482
495
599
524
492
523
492
522
522
558
524
1987
510
499
524
474
1635
498
524
502
507
2340
511
513
634
481
521
497
513
572
486
525
491
642
484
441
480
464
1631
491
470
491
524
1691
512
481
542
444
502
565
506
474
474
484
452
461
490
457
480
477
1746
590
529
485
494
1627
480
459
519
577
1727
531
597
592
523
554
547
627
548
506
544
507
600
532
515
515
488
1693
519
473
488
464
1643
465
463
514
491
499
465
461
523
477
557
534
473
502
491
499
460
1859
554
504
512
479
1735
485
480
609
500
1554
500
486
504
526
502
496
549
554
542
579
744
586
553
550
532
549
553
580
549
575
1814
546
532
533
594
1818
557
644
560
527
1808
564
550
551
543
558
549
561
559
445
525
471
1755
483
449
489
482
1747
529
446
468
463
1660
550
7852
635
494
509
465
500
524
483
499
491
480
470
486
517
498
2502
536
603
513
475
1627
484
476
521
537
1891
565
499
567
523
554
580
608
538
498
533
476
1907
541
462
517
482
1831
528
538
535
623
1702
522
502
519
500
637
599
683
561
494
543
480
510
602
522
515
505
1708
517
540
531
505
1622
603
530
530
582
1686
547
586
491
531
550
603
615
526
508
516
515
1833
537
499
509
515
1606
521
509
540
509
1833
497
542
583
531
585
552
550
538
585
535
519
547
555
540
547
585
2352
560
484
505
519
1601
534
538
539
565
1607
530
521
523
524
531
570
596
518
501
614
455
1868
504
504
513
499
1930
7233
4443
834
493
1768
494
509
495
523
493
501
534
590
527
495
504
600
494
1753
510
498
530
615
1659
514
494
709
476
511
588
591
510
482
515
552
504
537
494
499
506
1805
509
501
518
489
1766
557
486
521
520
1591
544
468
524
464
551
488
493
491
510
510
497
1839
499
483
534
486
1636
522
528
619
608
1619
554
502
556
533
653
528
505
631
518
515
484
611
529
635
546
531
1866
664
567
535
513
1674
564
508
513
532
2421
524
503
571
509
542
485
554
540
493
459
495
1772
528
592
502
597
1794
531
552
535
483
1681
557
547
497
532
512
479
505
520
483
504
552
624
619
453
539
513
1749
493
530
525
492
1676
515
484
536
500
3132
515
524
516
499
652
503
519
618
577
491
601
1938
595
470
517
494
2381
523
527
540
482
1714
500
537
539
571
530
501
505
468
494
549
489
527
565
471
548
539
1625
520
489
487
501
1639
492
543
634
472
1613
495
556
1019
510
464
516
521
517
542
462
2123
3757
657
566
582
557
1875
530
539
432
508
3778
456
2028
450
435
536
446
470
451
477
441
414
1593
440
415
525
408
1577
426
438
434
455
2446
499
409
430
409
484
454
440
455
436
490
437
424
430
513
476
446
1855
452
437
447
423
1810
552
424
436
415
1716
416
429
431
457
492
427
524
493
411
398
447
1518
470
479
448
420
1502
422
477
445
433
1496
429
426
432
418
468
419
461
411
419
401
457
430
426
412
437
458
1688
425
451
434
421
1523
427
463
459
419
1749
430
418
443
406
400
434
430
467
396
432
412
14757
448
403
422
456
1460
443
414
496
471
1540
417
411
457
424
538
445
473
434
425
448
557
509
440
434
427
431
1671
468
403
423
406
1546
403
520
450
428
1560
414
442
428
403
463
425
504
418
414
489
454
2458
458
548
414
523
1539
444
492
421
420
1573
546
428
436
436
456
411
437
547
509
429
406
1790
466
430
412
436
1538
457
447
441
461
1535
456
425
450
406
453
420
490
490
434
462
413
459
442
434
455
403
1593
411
451
411
446
1531
455
439
424
475
1594
424
408
490
436
457
466
429
458
476
460
448
1820
409
431
508
463
1595
430
438
487
481
1583
489
464
414
432
419
485
463
420
425
475
410
482
471
433
675
471
1613
480
445
524
391
2313
468
430
447
418
403
405
443
1543
834
761
743
523
9761
610
547
498
1845
429
458
434
466
1582
434
437
456
474
1594
427
438
476
431
474
446
433
6473
555
478
449
565
506
453
435
450
1627
523
431
473
454
1591
446
420
461
472
450
642
531
471
427
550
437
454
454
523
540
456
1648
437
432
460
463
1535
518
430
781
423
1673
432
417
442
500
625
447
464
438
448
428
436
548
467
442
434
403
1522
429
437
446
549
1471
516
495
468
515
530
419
535
458
421
448
430
415
454
421
460
481
1760
443
432
439
465
1596
444
422
499
458
1581
410
547
524
499
503
556
415
518
529
510
429
566
458
430
490
442
2239
462
441
461
450
1661
435
445
454
459
449
452
447
464
460
496
493
482
434
471
450
420
1554
473
531
439
422
1549
499
430
480
428
1509
440
461
511
437
474
515
424
456
440
488
419
1665
438
467
438
472
1533
466
451
466
523
1471
428
445
457
436
500
432
478
460
499
449
439
469
458
441
495
413
1491
502
488
449
503
1543
439
443
455
468
1503
437
429
421
433
459
424
448
457
427
445
427
1744
435
438
462
477
1560
447
429
460
429
2162
439
431
435
430
528
439
482
444
443
446
441
495
427
438
448
454
1554
452
455
435
415
1520
509
452
451
454
485
450
528
454
452
445
451
438
459
416
467
444
3038
438
457
454
435
1612
459
434
519
454
1493
442
433
451
455
480
408
429
484
432
441
500
485
499
437
436
445
1501
451
449
434
451
1487
422
448
446
470
435
424
447
462
415
506
418
450
440
493
518
444
1679
450
417
443
473
1519
490
436
468
449
1488
432
534
542
417
469
433
457
451
434
455
440
635
487
458
435
434
3341
549
445
481
414
1498
489
468
497
520
467
444
461
470
487
466
443
443
448
414
474
443
2410
451
453
447
427
1664
494
465
496
506
2708
413
441
428
575
436
446
467
484
472
526
423
498
628
560
566
470
1680
499
480
477
485
1570
448
536
518
490
457
463
545
439
436
464
471
475
534
481
439
436
1746
492
425
453
435
3041
463
451
451
450
1625
432
438
458
471
529
456
478
541
473
491
426
1721
450
481
511
521
1584
468
448
505
480
1578
447
473
458
464
522
458
463
556
451
480
444
497
490
519
461
479
1654
447
429
503
569
1597
482
477
479
499
1501
492
411
497
466
503
465
477
490
539
489
460
1698
508
429
1264
737
2581
543
529
523
503
1637
463
469
478
452
481
451
506
474
428
472
463
436
490
458
433
443
1600
486
446
459
446
1626
429
456
461
472
2555
440
459
450
435
450
432
417
487
399
419
549
1834
1613
675
621
517
1726
502
455
431
395
1505
430
478
431
443
425
478
442
427
401
429
475
512
449
463
469
405
1543
443
536
416
402
1513
429
453
460
460
466
415
412
475
452
433
429
460
426
448
468
468
1710
457
401
440
426
1491
425
404
439
423
1442
444
423
453
506
426
429
500
488
388
422
515
1747
486
427
458
436
1586
463
456
440
403
1659
435
411
447
468
455
485
448
441
467
458
401
561
426
484
452
462
1683
464
440
482
556
2354
450
512
468
453
1569
917
1872
910
654
681
613
537
567
539
547
433
1655
456
462
513
442
1764
477
502
467
453
2803
411
458
476
442
442
541
438
499
404
453
423
511
493
496
569
415
1812
464
535
1424
753
2077
671
568
531
619
1611
479
451
456
484
467
439
548
505
418
628
455
1648
454
440
426
405
1551
434
491
422
442
1554
452
553
502
449
506
445
435
436
442
415
402
464
462
419
396
403
1670
446
409
435
418
1619
513
426
451
537
1497
431
543
446
452
448
446
458
545
418
451
452
1682
476
431
425
450
3585
566
441
449
492
1528
488
437
493
401
410
427
435
429
432
404
442
446
444
434
415
430
1591
455
472
424
515
1630
462
614
435
410
1836
406
463
610
472
444
410
487
413
565
422
402
1630
434
465
478
389
1473
620
442
463
409
1516
459
432
463
431
498
422
441
455
411
432
424
479
430
424
438
424
1660
438
555
427
518
2931
457
428
484
444
1554
428
428
448
586
486
516
453
503
497
402
427
1644
415
420
435
474
1507
525
486
456
417
2073
518
440
495
415
410
419
470
416
447
403
445
463
418
468
425
428
1524
430
432
532
618
1711
589
506
440
405
1513
438
615
461
497
493
414
449
443
408
418
418
1648
483
412
707
560
1595
441
500
429
384
2836
438
444
476
420
422
425
448
419
430
418
427
450
521
425
436
436
1588
2018
669
450
472
1588
451
444
489
426
428
426
424
444
425
448
417
426
462
476
441
438
1660
463
423
446
436
1633
406
483
425
419
1483
459
413
508
404
430
428
453
542
484
442
431
1612
442
442
405
407
1584
416
443
447
442
1475
432
422
438
433
447
434
435
453
438
436
445
433
425
540
424
408
2405
435
429
419
438
1538
439
494
441
421
1557
410
436
498
404
449
402
466
437
434
525
451
1628
535
411
448
421
1428
581
453
497
456
1452
407
447
440
450
438
476
431
429
420
466
479
444
418
421
425
426
1581
458
427
420
480
1457
479
454
432
417
1561
435
414
460
499
467
426
448
518
438
418
447
1706
461
417
422
412
1554
451
465
452
421
1565
472
404
683
411
502
413
474
424
431
469
424
486
543
451
434
428
1477
427
487
439
406
2206
435
429
431
424
1501
590
454
425
426
432
533
522
500
544
434
438
1679
499
434
436
496
1504
446
427
597
425
1543
421
463
451
528
460
464
476
481
458
450
441
460
440
413
448
460
1546
432
419
497
423
1579
497
498
431
433
1429
412
465
584
437
516
422
434
439
454
417
418
1935
531
442
528
434
1443
435
464
409
455
1615
468
455
483
444
553
493
462
495
403
444
409
430
424
432
415
426
1638
428
411
426
486
1482
418
504
578
429
2290
411
470
434
400
420
431
419
408
604
540
416
1712
418
473
466
418
1580
438
429
406
427
1560
411
401
411
412
711
396
434
443
437
449
418
447
468
403
416
475
1433
447
416
448
516
1478
512
431
413
424
482
414
533
436
403
448
455
420
418
464
467
435
1908
408
467
490
452
1593
429
419
459
447
1616
434
468
448
424
523
409
465
455
396
389
401
458
465
431
401
419
1533
419
426
470
452
1531
405
439
431
508
453
384
483
389
418
427
455
414
468
444
477
391
1641
424
420
419
464
7432
462
432
424
429
1458
451
436
428
467
437
431
411
444
415
422
436
1530
431
466
441
412
2105
430
436
429
397
1451
426
432
425
452
415
530
387
478
405
419
407
403
482
430
418
422
1544
437
405
412
401
1446
476
405
461
400
1451
419
422
416
409
418
407
411
397
425
429
407
1612
469
409
433
422
1540
519
442
408
421
1621
416
415
442
407
426
457
425
490
561
496
456
466
416
397
413
449
1526
421
418
407
463
1497
435
406
438
408
1519
449
395
449
401
440
421
482
436
418
598
422
1643
434
397
573
399
1512
415
434
452
443
2119
484
406
427
408
416
424
415
454
426
476
403
484
433
428
409
416
1450
440
416
540
423
1608
461
486
469
399
1416
419
458
494
395
446
421
420
462
398
414
437
2077
441
432
455
411
1472
450
432
409
421
1439
412
403
462
403
514
553
437
427
518
413
422
559
411
428
533
432
2128
413
426
400
438
2915
455
392
417
440
1394
430
437
461
464
423
402
489
493
406
492
422
1742
455
405
423
459
1744
427
411
445
419
1483
423
425
434
428
409
458
424
492
421
432
464
452
416
488
432
411
1454
479
418
495
415
1483
427
416
436
474
1517
419
525
404
438
407
438
405
430
409
436
434
1724
420
443
426
432
1510
432
416
410
411
2849
389
422
526
409
452
438
460
462
465
415
427
457
432
428
434
395
1599
449
420
419
496
2247
473
403
438
424
476
509
423
474
422
525
440
408
436
423
396
439
2504
423
397
418
413
1435
420
440
415
409
1441
415
394
425
423
440
408
404
416
433
409
418
471
482
426
502
406
1417
416
437
488
428
1514
418
435
481
436
432
465
507
411
405
400
435
406
446
415
428
427
1608
443
482
486
433
1476
430
443
435
419
1531
404
474
415
421
440
426
449
538
453
453
405
502
592
416
455
462
1417
435
409
467
408
1476
428
430
424
400
425
427
467
450
457
477
444
430
512
428
485
432
1788
438
399
441
422
1503
424
403
447
426
1768
431
503
425
443
431
441
508
539
599
456
462
2558
464
440
521
451
1560
428
469
467
438
1510
480
449
487
431
454
522
468
442
481
471
423
481
481
484
472
448
1532
496
441
429
420
1612
416
484
485
436
466
421
429
464
434
476
416
447
478
416
460
440
1635
448
419
469
413
1469
447
430
437
447
1540
518
427
450
446
468
488
424
478
426
449
450
463
450
447
528
412
1483
443
439
493
448
1538
416
423
494
478
426
442
430
445
481
443
446
453
423
492
458
471
1672
453
431
458
457
2331
503
425
453
521
1758
445
456
467
473
460
441
435
459
425
453
461
497
452
434
427
493
1797
408
433
440
547
2002
460
449
453
472
451
452
443
499
439
444
426
423
527
430
438
425
1767
561
459
429
439
1712
428
425
460
443
1567
485
448
441
451
518
436
466
473
438
454
436
519
440
451
462
456
1543
457
426
485
497
1551
433
455
462
426
463
444
436
466
438
449
445
467
467
431
496
439
1626
447
461
452
438
1572
482
460
445
525
2282
442
442
438
426
603
470
431
436
416
453
463
1570
449
430
442
539
1610
425
463
438
425
1525
448
419
436
437
499
464
427
442
422
429
435
503
447
428
434
478
1627
447
443
455
468
1485
431
422
444
521
1541
438
409
439
432
443
449
426
511
438
467
465
1603
483
434
476
487
1621
455
439
464
465
1736
495
486
464
447
470
478
428
453
459
465
438
436
524
460
456
444
1599
467
445
470
461
1582
474
462
434
462
1538
462
430
440
445
573
411
436
449
438
429
436
1673
463
407
501
443
1673
426
427
462
415
1612
437
445
453
431
499
535
433
437
453
435
707
533
548
430
449
422
2242
430
424
426
462
1491
440
417
533
434
1544
428
439
439
425
417
447
419
476
404
452
506
1673
442
503
431
399
1558
436
455
448
451
1549
437
420
447
412
465
439
3348
479
424
441
438
1765
466
474
478
455
1617
412
441
485
413
1601
446
419
453
496
431
425
402
440
439
430
472
520
441
424
468
449
1630
472
422
451
459
1532
415
444
463
406
1481
427
429
428
483
452
436
465
464
442
1091
471
1751
512
459
523
440
1585
450
447
457
438
2520
429
498
482
450
466
458
449
465
453
462
454
432
445
473
467
422
1653
475
452
498
425
1561
430
482
448
452
1538
454
500
485
446
458
424
445
461
469
432
442
1703
477
498
446
461
1497
452
415
485
428
1549
459
432
511
457
454
444
425
458
445
462
432
455
451
428
452
447
1715
453
419
458
507
1534
411
437
456
498
1521
415
445
448
491
445
494
459
501
408
421
428
1703
447
456
481
439
1587
481
446
603
443
1677
465
440
442
490
772
462
436
440
456
481
452
528
470
454
565
459
1553
437
456
463
461
1797
437
464
457
442
1575
451
450
489
438
427
445
449
492
472
459
469
2379
447
463
457
425
1576
444
440
452
453
1601
471
514
543
466
492
450
501
460
476
439
455
487
447
451
499
441
1631
430
464
481
459
1545
449
435
465
456
1632
436
472
458
445
472
443
466
540
457
504
424
1683
450
491
470
430
1579
440
450
533
468
1634
432
444
484
447
457
433
510
555
503
507
455
485
509
447
485
457
1885
501
496
518
460
1691
442
419
468
462
1594
443
445
474
464
477
509
473
474
454
473
457
1720
452
451
486
453
2419
435
444
517
437
1618
435
464
460
452
577
427
574
474
439
484
424
457
451
443
496
449
1534
443
499
456
469
1565
430
420
464
491
480
456
463
477
453
602
516
439
462
477
585
437
1686
470
424
446
470
1521
443
452
448
492
1565
493
594
479
437
546
423
426
452
429
476
504
522
498
480
458
436
1530
489
471
536
517
1538
501
422
458
488
470
455
472
489
487
697
434
451
460
483
452
457
1768
446
427
439
417
1638
466
432
537
519
1558
530
436
503
450
464
434
441
475
446
472
430
1694
486
449
452
512
1596
479
426
445
463
1540
570
456
461
744
557
427
447
456
455
483
446
427
439
437
463
419
1727
502
442
463
417
1634
574
445
583
488
1948
473
497
447
440
489
402
488
566
420
429
477
1894
468
420
523
455
2329
416
427
487
425
2245
544
437
516
440
722
430
429
431
421
462
435
444
426
430
457
434
2198
510
484
468
455
1729
476
432
442
424
1668
443
436
480
456
428
477
479
441
631
453
437
1990
440
463
460
528
1720
428
486
464
636
1548
449
439
507
439
466
430
430
504
470
445
457
476
465
454
462
439
1705
520
484
458
522
1555
431
428
465
462
1532
468
458
459
430
443
496
416
465
428
510
447
1783
473
428
456
442
1759
444
510
436
500
2455
436
503
447
447
461
438
505
486
436
471
432
462
444
450
473
439
1485
436
425
524
420
1571
447
444
493
404
1522
445
412
419
403
489
515
435
578
434
407
406
1661
448
436
442
413
1477
473
532
474
443
1561
421
395
430
427
436
437
453
409
434
428
740
434
433
442
436
410
1481
430
614
407
464
1604
443
412
538
406
1428
426
480
496
428
490
416
471
432
431
415
413
2532
388
435
488
404
1587
416
406
468
405
1809
418
553
437
402
440
430
441
410
436
419
481
467
434
457
444
416
2009
500
409
419
396
1516
452
420
439
417
427
453
453
466
533
409
433
427
429
408
560
432
2464
422
430
399
419
1763
459
445
419
445
1516
419
433
428
421
421
426
393
445
433
411
428
467
420
425
416
422
1427
669
414
396
426
1541
425
477
446
416
412
406
427
401
403
432
436
430
446
423
422
408
1570
428
418
420
425
1563
416
417
399
411
1543
546
427
427
396
441
405
431
415
465
466
494
509
429
432
463
429
1493
439
463
403
418
1554
415
494
435
450
414
421
418
428
413
442
483
445
498
501
398
422
1615
463
390
419
437
2182
403
402
444
437
1633
440
437
425
415
458
414
436
411
449
515
419
1612
466
489
445
408
1664
417
428
414
425
1564
438
392
439
415
458
415
442
484
430
477
422
437
410
464
429
419
1536
415
446
399
433
1817
457
419
427
404
1525
419
398
512
401
406
597
467
397
460
397
421
1601
454
413
431
500
1451
408
653
464
437
1636
419
393
423
416
411
412
463
435
471
425
405
443
441
407
432
413
1484
453
446
422
416
1500
589
403
441
403
2181
437
392
410
422
421
412
424
422
414
427
419
1673
437
400
424
448
1476
419
414
445
402
1378
442
429
397
406
418
422
432
413
413
413
436
456
469
431
407
454
1583
449
388
418
409
1540
427
438
423
515
417
410
463
436
406
418
436
441
413
430
399
450
1595
428
427
461
387
1456
462
417
424
405
1538
443
389
417
580
427
399
400
421
440
456
430
481
443
403
443
456
1447
424
415
428
417
1539
410
403
454
408
406
413
444
430
435
521
414
411
416
424
431
423
1520
418
424
430
444
1499
439
435
420
441
2742
536
385
426
529
497
408
665
471
475
551
427
500
421
440
448
440
3025
465
436
443
410
1612
403
429
420
435
441
502
435
415
459
475
427
702
457
430
404
410
1739
423
403
433
410
1658
430
456
465
421
1547
407
406
438
428
537
585
448
483
457
454
442
2555
498
531
464
441
1569
421
452
511
449
1629
426
438
497
529
518
421
421
470
449
457
443
541
462
528
455
444
3246
470
447
477
546
1649
493
442
507
428
1539
452
441
441
441
434
447
484
486
500
459
442
1631
690
445
451
463
1621
473
440
463
461
2521
470
431
473
453
501
450
469
482
462
451
460
461
476
426
589
447
1597
449
452
505
462
1523
429
444
467
414
1584
440
452
463
452
449
437
445
465
440
447
444
1652
452
452
528
430
2748
473
484
448
447
1543
433
438
492
464
481
454
489
485
505
428
473
508
490
447
463
477
1528
500
471
478
439
35068
564
447
502
466
471
470
450
473
475
469
513
464
471
469
466
444
1731
460
455
456
458
1633
451
456
453
447
1527
504
521
472
448
494
526
497
452
459
506
513
541
468
527
463
447
1511
467
439
459
465
3025
525
441
457
482
468
459
452
497
449
491
461
456
468
452
501
415
2319
488
455
431
468
1512
447
454
440
445
1585
452
459
460
465
510
530
442
450
492
435
520
1605
445
469
485
449
1575
444
468
509
470
2374
477
431
492
454
455
459
459
448
452
448
456
501
445
473
443
442
1652
496
434
458
427
1612
444
460
444
445
1603
457
457
491
483
466
499
458
468
462
458
451
1683
522
440
463
457
1532
451
488
476
472
1570
422
462
460
456
481
455
458
508
498
454
488
452
472
466
457
435
1622
460
436
460
451
1533
443
459
470
443
1582
525
429
470
425
455
443
411
540
428
439
476
1759
473
451
441
442
1518
455
417
475
448
1707
441
449
440
451
468
465
427
474
465
449
496
429
493
450
469
481
1519
503
493
461
443
1618
451
446
470
435
1502
472
470
457
480
453
458
435
445
431
449
453
2465
428
478
483
455
1625
477
437
486
439
1698
434
447
457
499
448
466
432
443
417
459
413
491
470
415
439
435
1496
479
451
469
459
1593
422
469
480
450
1528
414
455
523
493
447
451
487
453
440
547
520
2052
467
444
578
439
1589
461
432
459
435
1570
487
440
525
419
454
462
527
456
440
456
451
525
464
427
457
435
1533
503
441
468
440
1501
437
433
466
422
1517
423
442
434
416
437
449
442
439
410
437
447
1679
446
479
435
433
2276
422
430
547
418
1551
412
552
503
517
538
540
491
477
466
503
453
495
586
427
474
448
1521
434
454
491
500
1630
485
456
559
469
1570
502
475
480
431
497
457
460
453
429
464
446
1724
493
436
426
415
1555
439
415
449
443
1490
440
442
461
430
450
425
468
489
450
496
445
550
472
443
484
472
1485
435
483
485
454
1513
505
470
471
443
452
446
474
473
431
450
455
444
484
440
443
432
1698
461
496
449
439
1533
463
444
514
440
2140
540
420
482
448
534
430
435
516
463
427
432
504
438
407
539
411
1460
501
422
449
436
1514
449
432
469
436
455
446
409
481
429
453
474
486
430
447
472
434
1609
437
416
456
505
1571
486
431
492
422
1664
485
414
447
463
507
521
562
500
424
451
433
2589
466
482
438
476
1606
458
421
441
416
1586
445
435
474
480
465
438
430
459
422
460
440
420
425
411
449
432
1670
438
433
441
461
1490
442
432
443
465
1520
539
422
440
466
482
473
422
459
437
451
431
1688
460
459
439
439
1517
468
446
462
421
1609
437
424
454
521
444
434
425
451
419
436
424
441
444
475
507
456
3139
460
418
452
441
1488
438
417
438
433
1557
444
422
452
433
438
439
452
496
413
505
421
1652
437
455
494
511
1476
440
432
470
425
1494
461
516
510
416
454
407
460
459
467
449
442
441
523
433
456
412
1552
505
435
432
464
1458
512
772
492
438
1499
432
438
461
431
433
423
505
494
452
456
446
1719
459
432
520
463
2511
442
453
517
574
1505
445
424
497
416
468
420
433
428
438
448
456
446
468
429
456
422
1540
425
433
442
438
2173
453
503
464
449
1520
441
435
495
435
458
429
481
525
439
440
433
1777
456
418
495
450
1472
448
452
482
453
1705
470
435
444
439
604
447
502
569
453
449
430
480
450
436
442
410
1468
445
424
476
412
2750
469
443
461
406
1552
450
422
469
423
491
460
443
499
411
685
434
1735
452
415
486
478
1513
461
508
448
439
1575
443
447
450
433
441
421
443
449
456
504
497
446
436
415
435
426
1665
446
455
2204
451
1549
477
452
484
520
484
434
451
538
439
498
435
484
448
469
521
440
1713
455
496
453
442
1612
478
463
498
447
2596
437
467
479
459
486
425
448
470
485
491
458
2202
529
460
503
445
1591
480
444
586
478
1587
488
496
489
457
485
487
516
469
446
463
452
458
477
463
459
418
1642
452
493
547
452
1584
488
442
481
433
1577
454
454
491
449
493
515
509
502
72516
950
433
1712
511
418
461
424
1508
479
488
457
456
1442
456
406
447
449
447
411
460
461
405
462
493
468
449
427
457
431
1488
441
456
429
561
1776
416
482
430
411
1537
409
425
429
417
440
708
465
420
468
415
420
1598
486
417
453
431
2191
449
415
434
438
1420
417
496
444
446
459
428
563
429
405
524
417
477
491
439
469
405
2207
426
434
419
400
1428
440
415
458
440
1536
480
452
448
416
431
404
428
546
433
515
426
1638
428
415
427
428
1476
422
481
461
428
1419
472
534
436
530
444
476
437
447
425
434
410
502
453
409
416
439
1516
429
427
431
729
1558
480
434
425
441
468
406
476
439
473
445
458
444
461
439
420
430
1629
429
492
444
420
1551
414
420
423
402
2168
422
399
433
410
478
408
436
449
468
427
399
473
461
418
445
425
1520
499
406
417
424
1697
546
587
576
555
439
410
418
440
487
507
499
633
451
399
445
419
1575
411
430
450
412
1535
446
407
429
413
1511
421
468
442
402
426
425
409
429
406
447
424
511
487
414
439
449
2230
427
405
448
433
1453
887
439
478
425
437
442
470
440
422
414
406
445
449
406
552
399
1704
458
398
425
414
1550
466
403
445
412
2140
406
398
546
434
422
648
422
433
401
508
407
574
431
421
465
423
1449
487
421
417
413
1584
441
401
445
408
702
418
404
516
450
451
663
456
420
399
470
433
1751
406
407
550
396
1466
413
511
418
408
1448
426
416
454
402
463
442
394
442
406
425
421
2542
420
399
495
465
1455
409
432
416
823
2203
435
418
423
519
843
408
437
836
686
443
440
426
417
420
437
404
1424
440
569
431
420
2269
487
434
438
474
1390
406
448
473
404
968
468
412
501
402
489
404
1689
423
397
484
431
2239
421
414
456
397
1725
426
416
443
420
451
427
572
432
423
428
454
444
434
510
887
402
3955
470
401
466
526
1851
440
403
439
418
534
508
534
426
535
1155
421
410
415
422
420
469
1839
430
421
455
403
2311
435
419
466
408
1622
425
400
431
424
456
382
425
432
413
427
430
507
437
797
438
426
1520
430
428
437
431
4019
507
444
416
428
455
424
558
432
406
431
410
429
429
420
506
475
2599
420
435
447
425
2939
503
436
433
409
1505
411
414
416
414
462
441
1327
527
439
432
429
489
446
427
456
494
1465
444
504
450
442
1530
428
414
435
417
464
389
425
428
450
441
409
406
449
393
462
404
1621
432
426
437
432
1601
410
411
419
416
1443
531
451
460
394
420
425
406
426
412
462
427
528
418
405
546
387
1437
428
404
431
428
2872
407
399
446
406
516
384
485
492
427
407
429
442
427
421
443
417
1616
458
429
428
410
2049
433
405
427
395
1409
434
438
435
413
536
430
426
443
439
427
414
1852
472
488
425
413
1492
467
455
438
434
1611
430
419
446
414
439
419
411
427
408
447
445
435
427
392
426
424
1615
427
434
460
423
1476
421
430
425
449
2315
413
443
421
416
454
427
416
503
428
430
428
1685
444
395
432
421
1508
451
472
438
409
1427
415
417
427
425
420
441
426
438
418
423
420
410
438
437
447
434
1492
465
438
463
402
1459
442
401
420
416
2169
470
418
444
407
471
406
421
452
391
414
444
1735
437
404
432
438
1457
412
443
456
465
1559
443
431
420
407
432
428
417
423
438
451
396
433
425
430
416
433
1574
442
415
469
444
1435
437
424
429
434
1474
476
415
450
441
470
407
428
456
404
436
406
1735
432
403
411
411
1520
464
410
445
425
1528
400
463
423
484
433
438
421
467
466
505
438
475
419
417
444
397
1446
478
425
416
400
1491
438
434
439
424
1401
403
432
436
420
451
470
491
427
487
422
407
1716
462
394
478
395
1477
416
407
438
419
1590
430
402
428
397
459
399
456
435
455
437
423
459
567
415
494
474
