10729
10608
24272
9473
13473
9810
9740
9553
10027
9638
10431
9599
24101
11325
9799
11685
9906
11245
9915
21972
24549
10036
9262
10797
9329
9469
10328
22723
10767
9646
11076
23969
10532
9390
9396
9796
10150
9628
10638
9844
9740
11108
10084
11560
9072
9392
9464
10140
9441
10003
9631
9182
9592
9261
10582
9730
10879
9496
11512
9290
10230
9272
9269
9636
9777
10216
10488
9569
9210
10777
9803
11828
10534
9291
9494
9468
9632
10561
9815
9623
9565
9426
12676
9389
11229
9966
10114
9727
10149
9195
9509
9668
9715
10139
9318
9949
10936
16752
9562
11730
9339
8849
9767
9844
10204
9980
9445
9949
9372
9105
12798
9970
12525
9234
9283
10658
9310
9303
9079
9229
9610
10132
9312
9438
8934
11205
14211
11655
9580
9060
9295
9115
8929
10168
9245
16300
9227
9440
11439
9623
10913
9119
9167
9370
13329
13415
2806571
13714
2782
2640
2722
4226
2363
4018
2400
2292
2314
2440
2298
2296
2520
2326
2343
2255
3849
2347
3637
2208
2253
3130
2203
2349
2312
2292
2283
2279
2270
5512
2296
3561
2205
2140
2200
2252
2394
2252
2348
2362
2286
2952
4044
2263
3875
2483
2323
2333
2273
2220
2353
2382
2299
2335
2301
3510
2268
3554
2278
2235
2177
2190
2261
2264
2336
2213
2421
2349
3855
2382
3659
2320
2344
2307
2325
2236
2357
2464
2256
2238
2270
6272
2222
2394
2257
2226
3701
2260
2351
2296
2317
2174
3538
2482
3854
2264
2198
2346
2323
2437
2430
2253
2398
2336
2349
3857
2999
4021
2604
2455
2383
2259
2302
2332
2343
2242
2446
2297
3465
2255
3721
2510
2307
2314
2261
2262
2320
2279
2255
2368
2232
5060
2529
3706
2423
2322
2323
2265
2321
2424
2297
2528
2190
3813
2283
3769
2320
2204
2717
2469
2445
2432
2361
4208
2971
2691
4142
2394
4035
2270
2409
2503
2247
2366
2316
2319
2327
2371
2459
4502
2528
4238
2338
2305
2293
3775
2278
2411
2258
2277
2254
2258
5343
2362
4107
2267
2300
2320
2250
2240
2207
2187
3058
3451
2279
3704
2278
3664
2456
2204
2255
2203
2167
2165
2288
2247
2283
2456
3824
2335
3637
2430
2398
2365
2210
2297
2375
2330
2200
2280
15025
2289
2360
3771
4914
2799
2891
2416
2346
2369
2318
2327
2499
2353
8089
2407
5016
2635
2339
2398
2136
1982
1939
1993
1898
2009
2260
3763
2004
3370
1985
1962
2027
2036
1981
2071
2007
1959
2105
1902
3183
1899
3375
1920
3529
1926
1893
2106
1894
2023
1899
1962
1888
3196
1885
3437
1886
1865
1911
1938
1886
1920
1906
2580
1956
1900
8529
1755
3105
1765
1746
1790
1801
1752
1806
1693
1765
1824
1683
2872
1857
3415
1619
1675
1628
1676
1774
1800
1719
3236
1784
1740
3030
1711
4036
1688
1691
1678
1785
1684
1690
1859
1772
1774
1674
2976
1659
3116
1752
1726
1788
1722
1706
1678
1753
1721
1769
1716
4815
1681
1737
2015
1710
1803
1650
1759
1708
1698
1700
1706
1713
2974
1707
1679
3289
1751
1679
1863
1705
1682
1810
1661
15835
1889
3647
2048
1851
1767
1647
1770
1665
1676
1609
1648
1749
2971
1668
3007
1790
1638
1697
1733
1708
1674
1642
1671
1747
1634
6918
1728
2926
1683
1714
1690
1680
1756
1710
1691
2853
1664
1821
2971
1599
2921
1607
1604
1574
1724
1660
1665
1633
1577
1691
1702
3222
1662
2907
1633
1623
1693
1708
1673
1757
1676
1644
1801
1657
2865
1648
2967
1666
1578
1649
1620
1656
1665
1952
1700
1664
1639
2894
1707
2938
2848
1682
1796
1686
1606
1692
1696
1780
1700
1714
2928
1610
4560
1712
1816
1642
1650
1638
1684
1566
1705
1766
1663
2991
1674
2891
1664
1725
1677
1553
1685
1652
1635
1734
1612
1680
23292
2167
3337
2092
1714
1695
2081
1740
1693
50540
1946
1799
1810
3470
1817
3267
1662
1704
1779
1940
1738
1658
1692
1760
1687
1651
2836
1636
3789
1774
1725
1671
1668
1686
1543
1722
1579
1694
6482
3037
1608
1707
1666
1692
1631
1690
1662
1619
1759
1611
1693
1633
2996
3960
1658
1595
1621
1558
1607
1673
1652
1965
1667
3024
1643
2890
1722
1679
1624
1613
1600
1610
1592
1626
1526
1714
2838
1661
3174
1611
1629
1607
1592
1699
1728
1668
1654
1652
1519
3906
1630
2992
1640
1744
1614
1633
1659
1632
2693
1624
1623
1618
2972
1632
4167
1551
1611
1667
1596
1623
1676
1615
1597
1753
1682
3000
1628
3107
1585
1600
1592
1588
1584
1654
1528
1641
1586
1631
2851
1573
2977
1610
1615
1692
1740
1952
1644
1713
1532
1718
1660
3365
1554
4162
1527
1676
1631
1622
1634
1541
1606
1571
1599
1548
3068
1575
2789
1629
1579
1589
1544
1576
1588
1561
1575
1685
1525
2806
1545
1727
1717
1531
1645
1561
1517
1612
1544
1602
1585
1555
3173
1596
1544
1571
1658
1562
1504
1645
3282
1623
1618
2699
1609
2852
1562
1631
1629
1567
1582
1606
1533
1593
1623
1576
2765
1535
3008
1564
1540
1588
1596
1564
1569
1591
1548
1775
1496
2825
1566
2838
1589
1635
1656
1604
1524
1599
1604
1676
1625
1565
2866
1602
4333
1572
1525
1593
1502
1571
1618
1569
1555
1548
1565
2803
1577
2996
1542
1611
1604
1529
1583
1471
1622
1707
1584
1565
2895
1611
2890
1562
1569
1648
1557
1612
1512
1571
1530
1656
1576
3970
1608
2877
1485
1716
1621
1582
1640
2879
1570
1525
1707
1491
2836
1461
2652
1673
1463
1677
1566
1574
1510
1517
1566
1581
1460
2860
1479
1561
1645
17026
1583
2975
1557
1445
1526
1568
1659
1463
1576
1558
1677
1477
2944
1520
2865
1468
1545
1558
1555
1533
1511
1668
26451
1896
1720
2833
1517
2826
1602
1516
1528
1480
1530
1467
1558
1529
1644
1575
2742
1461
2985
1495
1444
1535
1517
1517
1472
1502
1557
1682
1471
2831
1478
2935
1566
1443
1451
1456
1511
1504
1499
1491
1681
1495
2774
1492
4881
1480
1489
1475
1474
1514
1576
1580
1439
1728
1548
2908
1543
2779
1488
1511
1614
1533
1754
1517
1566
1526
1608
1520
3517
1522
2863
1515
1492
1507
1569
1632
1523
1495
1520
1639
1485
2611
1477
2723
1551
1496
1517
1477
1557
2991
1560
1513
1622
1502
2902
1478
1610
11646
5392
1701
1497
1441
1500
1560
1343
1911
1506
2743
1444
1389
1442
1432
1507
1407
1454
1449
1578
1609
2697
1446
4576
1466
1461
1469
1471
1497
1404
1410
1393
1616
1392
2736
1576
3001
3120
1485
1470
1481
1455
1418
1475
1478
1883
1465
2599
1471
2649
1372
1392
1417
1383
1447
1431
1505
1406
1466
1443
2713
1407
4000
1637
4585
2293
1762
1553
1529
1601
1551
1568
1547
2988
1447
2654
1423
1431
1457
1421
1472
1390
3393
1452
1460
1660
2793
1451
2585
1423
1414
1459
1456
1530
1461
1470
1423
1525
1451
2860
1394
3283
1359
1406
1416
1394
1628
1478
1541
1447
1475
1455
2832
1459
2829
1464
1432
1494
1429
1481
1460
1557
1941
1485
1417
4026
24053
3094
1490
1474
1417
1492
1473
1489
1558
1509
1454
1498
2711
1496
1504
1574
1470
1500
1504
1511
1464
1491
1460
1520
1471
2808
1474
1472
1516
1480
1487
1521
1525
1519
1452
1416
17098
1747
2815
1495
1461
1516
1603
1516
1600
18118
1688
1538
1553
1439
1453
2812
1428
1453
1570
1448
1436
1469
1498
1491
1601
1492
2578
1535
2788
1512
1492
1489
1507
1447
1501
1638
1497
1507
1505
2843
1547
3300
1527
1582
1480
1457
1552
1490
1492
1554
1527
1417
2662
2402
2644
1447
1476
1515
1455
1498
1546
1451
1434
1526
1490
2909
1553
2850
1461
1491
1496
1492
1593
1521
1496
1570
1462
1512
2835
1472
2643
1418
1405
1416
1440
1512
1427
1465
1455
1533
1435
3488
1388
2680
1492
1433
1452
1412
28047
1598
1463
1435
3195
1479
2910
1451
2793
1697
1536
1702
1409
1472
1417
1520
1415
1486
1536
3006
1509
2613
1445
1460
1450
1433
2341
1446
1517
1388
1502
1397
2878
1622
2726
1460
1438
1492
1423
1457
1373
1468
1409
1448
3844
2874
1480
1452
1451
1840
1481
1625
1549
1518
1502
1476
1551
1451
2721
1439
1471
1485
1527
1455
1466
1521
1482
1503
1431
2681
1415
2630
1460
1433
1601
1398
1448
1373
1509
1636
1642
1495
2875
1413
3483
1423
1479
1509
1457
2895
1485
1484
1473
1660
1488
2805
1524
2797
1653
1569
1549
1528
2230
1568
1459
1434
1577
1464
2885
1436
2709
1460
1403
1496
1463
1729
1453
1573
1427
1646
1447
2959
1474
2910
1548
1449
1459
1482
1579
1474
1470
1471
1591
2503
4244
1474
2896
1455
1521
1424
1423
1457
1481
1558
1449
1640
1512
3035
2062
2774
1525
1485
1483
1451
1454
1512
1561
1467
1611
1498
2943
1422
2583
1428
1388
1438
1478
1436
1534
1607
1583
1583
1500
3311
1448
1398
1480
1449
2743
1475
1419
1448
1692
1366
1667
1437
3024
1417
1455
1496
1455
1463
1459
1553
1470
1656
1481
2658
1435
2740
1469
1464
1417
1528
1506
1572
1488
1461
1413
1461
2800
1471
2782
1389
1393
1505
1375
1503
1602
1478
1413
1578
1477
4251
1526
2824
1535
1433
1405
1482
1714
1542
1450
1395
1451
1409
3355
1449
2708
1415
1446
1505
1446
1519
1409
1502
1434
1514
1587
3007
1448
2790
1467
1458
1519
1440
1451
1429
1468
1504
1456
1520
2775
1501
2867
1632
1449
2512
1511
1442
1500
1473
1592
1584
1443
2691
1390
16184
1457
1415
1887
1458
1565
1450
1613
1496
1559
1427
15658
14768
2935
1446
1439
1410
1548
1539
1392
1440
1425
1522
1469
2761
1404
2703
1366
1432
1411
1459
1386
1437
1633
1404
2751
1408
2767
1490
2990
1435
1453
1446
1413
1431
1411
1683
1462
1416
1375
2793
1390
1386
1401
1461
1496
1470
1458
1391
1452
1410
1453
1420
3024
1563
1371
1544
1374
1406
1397
1443
1380
1461
1418
2868
1392
2794
1413
1378
1420
2567
1417
1344
1481
1423
1536
1391
1542
1428
2740
1439
1405
1426
1379
1431
1407
1490
1401
1610
1461
2582
1357
2921
1383
1398
1391
1415
1406
1390
1410
1439
1508
1429
2665
1404
2780
1291
1405
1475
1517
1488
14884
1643
1458
2414
1408
2926
1368
2696
1390
1373
5657
1458
1426
1453
7226
1351
1174
1122
3129
1175
2145
1080
1085
1096
1118
1164
1101
1150
1137
1198
1097
2349
1116
2226
1117
1110
1160
1081
1167
1137
1122
1141
1137
1152
2267
1112
3882
1205
2074
1223
1137
1135
1137
1206
1128
1146
1162
2526
1164
2204
1130
1082
1115
1125
1119
1077
1091
1114
1078
1105
3647
1158
2194
1095
1082
1211
1096
1111
1071
1184
1133
1185
1090
2203
1100
12044
1194
1160
1281
1125
1138
1063
1180
1944
1123
1140
2523
1176
2170
1156
1025
1107
1184
1102
1086
1090
1175
1109
1234
2911
1128
1044
1125
1077
1096
1028
1438
1095
1060
1105
2327
1072
2248
1109
1051
1167
1029
1132
1177
1078
1052
1118
1088
2216
1098
2377
1063
2038
1097
1044
1029
1056
1065
1044
1117
1051
2183
1052
2200
1068
1070
1008
1066
1065
1070
1067
1063
1070
1026
2229
1080
2246
1146
1168
1085
1072
1072
1064
1132
1055
1045
1113
2274
1118
2259
1093
1216
1109
1066
1077
1074
1083
1922
1113
1107
2273
1185
2314
1151
1085
1125
1085
1125
1070
1098
1105
1162
1101
2257
1089
3417
1205
1168
1276
1130
1094
1136
1083
1139
1080
1027
2183
1072
2134
1060
1054
1074
1081
1034
1065
1054
1035
1041
1117
2213
1082
2218
2578
1083
1115
1135
1173
1084
1071
1079
1149
1022
2255
1075
1017
1065
1049
1037
1103
1003
1057
1073
1060
2124
1046
2120
1041
1063
1049
1055
1068
1057
1091
1062
1080
1043
2882
1065
2121
1048
1056
1133
1026
1063
1090
1147
1926
1060
1014
2248
1044
2199
1063
1081
1001
1037
1071
1040
1001
1049
1058
1085
2187
1076
2222
1071
1064
1079
993
1046
1065
1059
1134
1056
1049
2308
1053
2287
1041
1026
1013
1046
1074
1057
1032
1064
1062
1033
2217
1089
2078
2022
2681
1190
1040
1075
1080
1077
1059
1090
1086
2224
1062
2090
1122
1107
1045
1037
86925
1277
1131
1110
1112
1246
4531
1147
2331
1178
1091
1126
1106
1173
1102
3362
1303
1176
1208
6246
1117
2919
1100
1097
1076
1087
1069
1083
11101
1168
1147
1055
2711
1100
2174
1119
1140
1087
1092
1100
1086
1075
1071
1082
1231
2334
1075
2279
1190
1105
1078
1025
1210
1309
1175
1171
1095
1125
2390
1107
2440
1070
1087
1081
1125
1063
1053
1137
1084
1081
1057
2247
1050
5548
1091
1040
1090
1068
1066
15918
6314
749
783
665
2001
620
2042
672
584
663
591
617
574
610
563
613
638
1823
579
1763
555
637
734
599
569
594
617
602
597
612
2423
602
1712
622
602
594
598
698
557
597
568
617
597
1766
583
1809
602
571
566
564
631
557
581
652
578
580
1860
618
1991
620
612
696
573
583
588
580
587
606
630
2005
591
2064
607
613
596
576
581
591
625
580
596
593
1732
606
1907
595
580
652
841
592
589
572
610
590
551
1719
591
689
593
598
577
610
672
597
634
597
589
611
1729
604
613
657
594
589
587
606
605
599
601
1738
607
2361
587
636
641
590
629
632
612
607
593
584
2411
602
1951
613
591
579
585
585
591
642
589
596
596
1796
582
1824
602
750
591
613
613
578
595
603
618
604
1856
604
1877
584
584
588
601
602
688
623
595
615
600
1697
599
1827
610
597
663
582
611
588
598
586
622
610
1677
587
1969
640
606
666
605
681
613
591
598
628
586
1739
590
1899
585
584
619
588
589
596
620
625
649
609
1782
622
3097
618
621
665
575
589
600
590
591
815
836
1730
592
761
662
663
643
600
607
620
598
637
651
617
1995
587
603
596
601
578
557
578
634
589
617
1779
599
1714
572
588
571
587
567
581
626
665
620
651
2118
13089
3239
657
693
558
574
569
646
543
546
546
548
2398
571
1826
548
601
572
568
561
567
554
549
535
544
1784
555
1710
571
566
663
575
562
566
549
585
545
569
1731
568
1622
579
609
540
542
582
583
592
539
561
555
1717
580
1672
1237
640
593
576
688
547
568
585
609
594
1895
542
1680
576
570
554
580
562
554
643
571
546
584
1703
567
1793
566
584
550
529
586
537
547
541
570
561
1683
558
1839
549
542
568
543
641
590
567
545
576
553
3010
541
1699
558
568
576
559
575
587
543
584
578
576
1766
561
553
620
559
555
614
548
548
621
569
1729
564
1761
587
563
527
616
674
564
637
589
557
569
1841
556
1715
594
605
590
602
611
565
532
532
578
545
1684
530
1632
555
586
561
574
638
553
587
564
572
543
1756
525
1632
521
599
557
534
658
553
618
585
573
551
1695
535
1676
962
703
696
639
571
619
603
606
623
633
2746
569
1689
580
630
590
653
571
646
565
578
579
581
1652
560
1709
581
617
561
568
554
572
581
570
554
634
1707
588
1706
573
575
548
603
619
581
622
573
589
608
1752
557
2107
579
579
566
578
570
569
582
561
565
551
1897
578
1771
555
578
563
538
566
581
612
576
612
576
1770
575
1686
586
557
587
613
585
562
585
547
612
553
1719
562
610
555
563
566
569
555
556
572
576
562
587
2456
597
562
583
573
573
560
591
564
577
598
1726
562
1689
579
607
569
585
582
565
573
555
587
560
1675
560
1697
563
687
601
622
686
616
602
584
587
659
1694
593
1808
613
661
663
592
761
593
593
565
664
630
1752
597
3586
605
594
691
580
585
595
617
587
593
571
1745
599
1802
644
605
613
570
593
747
591
536
560
663
1789
555
1873
615
604
792
600
599
1789
588
1880
578
584
617
549
555
573
592
550
577
556
2016
578
1648
575
568
586
622
559
570
578
622
571
545
1714
565
1697
593
625
575
570
559
587
584
607
581
581
1689
566
1734
599
591
581
579
586
596
588
551
560
569
1703
557
1910
602
585
582
549
611
550
685
584
614
593
1783
584
2659
565
553
573
583
1018
705
559
580
579
578
1700
558
1876
578
547
565
552
569
560
578
577
568
556
1983
582
691
577
554
570
544
539
557
565
572
575
563
1682
594
621
571
547
585
627
543
576
571
578
1779
555
1677
557
606
547
589
555
541
575
578
591
593
2441
553
1649
598
593
576
557
603
568
563
553
570
563
1825
570
1667
554
616
569
620
572
577
531
572
563
578
1889
615
1628
599
624
556
599
570
566
589
573
564
552
1886
573
3080
575
550
578
571
573
618
574
559
582
565
1736
548
1895
577
608
610
556
642
584
560
593
566
593
1778
571
1906
577
553
560
580
563
549
598
565
580
582
1701
545
1886
556
568
586
587
641
541
619
563
581
550
2365
613
664
589
593
599
614
564
557
573
537
563
580
2061
604
612
569
573
547
549
585
558
555
557
1787
624
1698
682
599
692
579
585
573
592
557
577
556
1772
575
1627
551
606
574
552
625
583
549
551
579
548
1900
552
1644
587
585
570
567
547
564
623
567
557
742
1776
582
2071
551
615
590
559
576
556
560
551
647
573
1664
619
1666
560
582
555
545
570
575
599
595
547
545
1918
581
2494
581
539
577
580
573
559
546
559
589
551
1876
573
1859
619
572
547
563
590
548
549
570
596
583
1746
571
1852
574
577
585
560
582
733
632
658
574
645
1818
562
1859
667
765
597
599
563
585
585
608
559
558
1759
564
1832
559
563
568
589
562
591
565
6632
653
614
1748
567
1766
594
561
630
586
571
638
561
623
563
555
1834
585
695
632
577
561
590
547
546
588
560
582
619
1759
644
617
626
586
551
586
587
547
579
555
1631
547
1725
567
843
563
588
563
578
555
580
561
594
1676
603
1830
549
554
563
560
580
592
554
560
594
610
1794
548
3298
585
634
548
582
544
569
593
556
605
566
1860
556
1756
580
556
579
593
579
579
633
576
554
567
2366
553
1702
568
559
658
580
616
581
560
605
633
662
1706
583
1992
586
627
581
662
673
606
593
617
580
565
1721
597
1962
575
592
569
592
588
575
592
602
563
602
1758
636
1764
749
595
582
568
632
657
571
558
590
598
1711
582
687
576
597
561
586
608
657
588
619
570
588
1792
564
618
580
566
556
565
575
584
561
565
1686
582
1760
574
621
669
560
608
576
594
564
579
586
1702
597
2422
568
567
585
567
580
624
589
576
588
572
1748
575
1651
557
694
796
1891
587
627
559
595
571
563
621
557
558
558
1802
580
2660
564
642
583
587
604
601
637
590
710
575
1790
566
686
605
635
630
562
691
580
593
586
600
597
1784
589
611
581
567
626
561
590
555
581
548
1670
561
1854
560
589
560
549
554
549
596
555
581
584
1678
554
1806
559
678
557
554
572
596
583
564
680
585
2480
555
1676
709
685
633
587
627
566
584
576
578
559
1875
589
2007
588
592
581
573
600
598
634
592
592
597
1701
571
1740
584
569
562
657
566
827
587
629
622
572
1727
583
2125
601
563
565
589
568
698
583
614
579
567
2107
675
1886
799
761
621
538
585
616
595
706
635
547
1815
655
2772
588
602
599
613
622
583
574
569
592
574
1740
561
1763
13530
5193
627
624
597
565
564
566
570
545
2881
574
1878
554
573
668
567
554
545
538
583
561
583
1704
568
613
563
576
567
624
543
562
548
562
637
577
1960
578
623
548
552
545
554
552
563
557
547
3489
569
1687
514
580
577
619
600
535
560
537
548
625
1823
544
1737
622
610
582
575
592
540
559
548
568
561
1739
535
1701
567
611
560
549
575
546
546
559
540
564
1748
623
1740
596
613
647
564
554
546
539
541
547
552
2385
548
1731
544
570
578
570
562
550
556
543
525
590
1733
575
3463
541
529
565
536
670
575
549
544
552
548
1671
576
1973
547
605
583
601
538
566
548
651
563
572
1912
555
1882
545
566
598
550
536
534
559
572
808
547
1617
549
653
614
533
586
534
552
567
613
561
633
566
1714
558
612
546
559
545
545
554
568
571
583
1784
574
1684
553
588
621
562
571
559
556
548
577
534
1856
570
2407
541
612
566
669
555
540
547
615
537
547
1899
578
1794
563
621
647
563
959
562
621
543
562
563
1732
582
1700
566
589
608
549
553
582
558
644
540
565
1714
583
1844
548
598
586
529
602
547
552
595
576
569
1756
594
1812
568
575
566
587
583
560
572
569
583
630
1773
575
1854
612
585
605
548
555
549
563
553
698
581
1851
618
1884
570
544
544
553
575
565
542
564
604
614
1681
547
611
565
547
596
614
546
619
582
554
563
621
1750
699
629
534
534
550
553
539
1091
589
607
1807
553
2025
566
589
582
561
557
587
575
575
576
579
3548
565
1673
579
605
567
555
614
562
542
552
571
552
1708
559
1665
528
658
562
555
562
528
557
560
589
567
2398
547
1606
577
610
567
556
568
565
564
591
549
557
1916
563
1631
558
609
593
683
637
561
551
587
582
587
1916
587
1754
570
563
531
558
569
687
557
554
537
571
1769
569
3108
553
543
597
550
570
559
567
546
615
560
1874
542
1784
591
599
608
565
575
570
547
558
562
571
2010
710
1872
563
632
568
561
549
622
630
560
590
564
1703
545
1729
557
578
1481
558
536
540
551
571
532
528
3167
570
608
545
568
538
585
559
533
544
532
537
525
1913
615
610
556
532
614
538
559
549
566
531
2549
9508
2032
645
614
595
577
599
736
558
563
526
534
1704
575
1798
551
598
546
557
559
553
560
675
604
630
1813
553
1923
539
603
533
541
803
558
649
529
551
571
1790
553
1797
550
676
563
778
845
681
634
555
669
629
2332
541
2423
670
564
569
557
762
570
605
556
643
656
1620
788
8521
574
524
604
553
566
557
569
574
645
568
1695
548
2035
570
560
577
591
557
554
566
572
605
568
1684
551
1786
563
535
796
570
624
555
622
586
535
558
1694
562
609
567
583
583
579
543
553
548
544
601
577
1676
565
582
565
574
546
661
581
616
552
596
4274
571
1657
574
588
676
614
560
546
548
563
585
539
1851
613
1786
623
582
578
613
617
574
567
576
549
535
1710
576
1699
573
623
542
569
575
566
581
717
548
535
1682
751
1656
583
572
570
573
590
551
558
625
563
560
1685
607
1791
566
622
569
554
635
566
593
550
558
563
1658
612
3356
575
562
573
583
626
609
566
556
581
561
1705
552
1993
568
560
592
630
641
577
556
554
559
561
2513
582
1792
606
553
557
553
820
691
581
608
548
879
1772
532
2002
531
514
609
694
540
527
535
574
571
523
1867
644
1831
593
573
782
537
650
598
591
553
606
611
1773
523
1694
540
517
584
528
622
550
592
520
547
573
2385
624
560
641
601
539
568
540
615
545
551
1879
513
1945
541
511
541
520
535
570
540
604
607
551
1758
537
1953
532
585
557
560
532
584
523
541
530
576
1689
544
2503
574
547
542
554
531
542
534
542
694
538
1710
537
1667
615
584
532
542
515
521
524
622
538
547
1661
542
1885
555
517
591
541
599
549
545
533
529
543
1688
535
2051
556
755
632
589
559
541
552
542
545
563
2008
640
2003
539
534
534
534
533
646
594
519
879
543
1669
537
1982
554
537
538
520
568
530
548
562
552
642
1761
567
1876
560
552
522
594
549
589
535
545
543
513
1678
548
612
511
1017
568
567
552
538
545
536
1763
527
1647
542
599
498
515
567
575
558
548
528
549
1734
525
1844
561
588
540
567
543
513
531
518
539
544
1657
546
1656
526
576
654
517
560
531
519
537
537
545
1704
561
1618
521
579
586
564
557
520
641
541
632
543
1648
515
1761
527
541
559
604
568
538
525
577
537
557
2732
544
1756
561
507
519
527
556
548
564
579
594
517
1660
539
1869
561
522
561
606
587
539
519
536
589
538
12311
805
2191
570
558
559
545
668
560
556
570
544
541
2986
561
1876
581
568
583
565
616
579
623
535
539
527
1770
554
776
558
534
573
637
575
567
575
570
559
652
1701
548
639
585
555
535
556
598
593
554
542
1654
520
1687
584
571
571
557
587
558
597
570
605
561
2432
534
1666
606
589
574
541
553
567
562
539
545
565
1760
554
6958
549
747
709
589
581
572
572
564
564
584
7882
547
1741
562
542
536
560
641
557
570
567
584
554
1658
562
1682
562
547
543
561
549
552
598
554
548
542
1718
578
1870
595
550
570
565
548
560
560
549
556
546
1679
556
1893
557
572
545
569
610
558
583
672
574
611
1644
569
1891
568
560
556
568
570
558
580
556
576
564
2298
577
1819
588
571
631
569
568
569
680
553
565
552
1645
619
650
631
578
582
573
575
582
588
569
631
13883
2132
613
659
625
550
587
559
599
543
554
535
1765
588
1748
548
529
544
523
527
546
527
534
587
520
1649
532
1657
549
592
556
530
567
524
554
554
560
535
1721
554
1761
577
528
536
574
534
659
551
614
543
554
1644
631
1584
549
612
531
577
520
534
564
603
612
564
1640
571
2274
526
579
657
658
529
548
532
569
643
571
1782
566
1980
547
527
550
538
528
582
535
562
575
536
1962
573
1780
524
557
541
559
521
528
579
609
614
605
1728
548
1877
538
582
558
538
543
571
537
645
559
596
1735
552
1764
548
588
545
562
540
561
561
562
533
592
1797
577
597
1325
1015
563
633
539
567
548
531
1720
538
1712
518
542
544
548
549
570
554
536
527
522
1635
535
1698
528
574
509
551
543
539
540
525
573
593
1712
530
3389
545
589
545
587
607
518
522
546
550
565
1703
543
1810
553
554
525
536
529
572
547
541
557
568
1646
596
1795
605
601
570
556
532
596
549
531
569
535
1665
537
1825
554
536
518
522
521
518
526
553
602
541
2354
590
1902
555
598
543
546
529
549
566
534
547
731
1762
528
1832
554
550
567
574
559
520
510
530
533
538
1742
623
1720
513
547
557
591
528
655
647
571
531
3700
2447
682
1805
613
574
566
575
587
543
601
546
553
566
1642
559
715
553
614
611
551
516
558
558
586
635
627
1709
556
587
679
553
565
582
663
577
567
628
1718
545
1793
530
589
557
574
561
538
550
546
622
593
1773
538
2627
567
551
649
559
539
575
685
587
613
595
1730
572
1821
611
626
561
544
2188
751
627
610
606
604
1740
596
1675
683
615
556
568
604
561
571
599
616
592
2071
570
2107
576
566
687
588
631
591
586
580
585
593
1983
588
2567
556
586
600
577
598
589
591
598
596
559
1784
595
1944
607
626
602
581
601
560
589
571
586
570
1765
612
1881
569
570
566
588
568
591
566
567
582
559
1686
584
728
574
575
563
588
563
563
561
572
580
603
1866
611
602
583
569
595
595
588
587
570
622
1787
601
1678
562
618
588
554
586
567
575
556
561
555
1681
595
4812
577
654
563
578
580
580
573
574
594
558
1700
594
1696
568
566
561
593
574
596
628
659
557
588
2504
585
1637
557
565
581
568
560
576
547
559
902
577
2175
567
1733
582
568
906
558
575
609
570
594
567
557
1769
586
1808
571
588
546
529
567
576
596
585
573
636
1838
566
1866
569
591
565
636
569
554
582
556
590
564
1719
571
1783
573
579
568
575
606
590
594
565
631
581
1691
578
657
575
572
575
593
580
563
573
569
564
587
1727
637
571
600
548
587
555
557
589
593
566
2008
579
2417
544
625
777
651
576
580
599
560
582
595
1812
573
1698
558
640
596
566
588
786
679
590
561
584
1704
585
1703
565
565
639
587
536
599
560
565
574
545
1790
560
1708
583
573
646
563
549
578
560
574
580
564
1779
575
1681
594
572
584
574
561
595
623
836
596
581
1808
581
1689
575
631
560
667
598
566
569
555
552
609
2263
583
1805
573
544
566
557
571
566
615
574
590
571
1677
545
2752
633
576
642
548
1173
619
572
538
548
663
1788
568
1858
582
575
558
561
559
554
579
556
569
589
1708
561
646
609
550
554
562
560
542
560
574
596
563
1704
625
555
535
547
603
565
561
554
579
602
1605
605
1839
581
642
549
570
600
579
559
542
602
617
2530
591
3979
540
570
575
552
869
545
561
571
625
648
1935
531
1661
523
577
530
651
548
530
617
526
752
553
1699
598
1616
543
604
567
535
564
560
637
566
562
617
1892
564
1812
544
553
555
549
567
621
561
604
567
559
1772
596
1813
577
538
548
558
579
526
560
597
565
613
2276
576
1836
553
513
591
551
515
522
526
573
552
546
1713
524
1746
551
526
549
533
524
569
526
546
568
543
2413
561
588
561
590
562
626
648
548
552
555
560
542
1596
594
566
547
566
569
589
555
538
572
569
1617
572
1710
594
654
571
573
585
544
576
544
558
549
1668
538
1649
560
538
566
564
543
538
564
567
608
567
1655
557
1608
556
594
563
540
622
651
565
549
563
573
1684
559
1588
563
567
600
613
628
635
586
545
549
557
1539
576
1684
519
550
585
550
542
529
531
595
565
954
3289
646
1792
539
552
550
563
582
559
540
525
575
551
1635
552
1829
543
638
545
575
540
575
600
595
550
543
1639
616
1723
547
545
540
577
569
572
563
539
563
567
1618
539
610
580
567
566
542
554
564
544
539
580
531
1738
545
576
549
587
546
567
551
568
615
587
1761
536
1673
539
585
541
571
574
549
568
556
539
657
1649
557
1633
545
577
537
537
2406
676
625
668
561
544
3198
541
2262
564
565
692
548
612
562
536
590
554
579
1653
545
1730
548
653
600
610
529
565
568
592
565
547
1856
630
1614
546
621
590
565
610
530
521
608
551
541
1736
551
1629
519
545
552
619
585
539
672
527
529
548
1822
580
1798
638
565
563
567
561
554
562
617
602
556
1821
551
3313
565
553
532
554
562
642
565
545
544
548
1622
544
1685
565
565
590
622
563
560
557
566
585
574
1820
601
794
581
542
516
518
532
529
516
526
543
526
1670
532
555
521
520
538
548
538
538
517
539
5932
566
1725
535
590
601
561
548
582
584
596
561
556
1588
548
1605
523
535
551
538
594
633
564
617
541
558
1618
604
1813
568
546
560
563
544
547
568
530
539
520
2273
528
1621
635
558
605
593
545
547
547
523
557
539
1765
552
1699
553
611
597
539
549
606
607
541
548
559
1662
549
1884
557
535
536
572
521
533
581
550
529
525
1707
663
1977
586
544
564
532
533
518
562
512
583
555
1612
520
1688
540
620
585
537
557
564
552
549
582
543
1541
554
792
545
538
562
559
547
529
745
686
646
557
1593
683
567
558
602
543
559
536
689
564
526
1851
699
2581
553
697
585
680
612
597
564
569
660
619
1808
555
1598
599
1232
601
563
568
569
567
525
552
534
1605
510
1686
539
579
541
569
566
569
567
571
574
565
1637
563
9023
564
580
579
548
544
559
561
542
559
560
1764
551
1703
575
540
558
552
574
550
562
548
569
537
2327
593
1691
605
532
537
528
565
538
527
530
542
593
1692
544
1741
513
533
519
560
502
508
580
503
556
526
10090
663
1691
608
533
570
557
524
520
520
532
548
510
1643
533
1771
702
566
518
631
518
573
551
505
562
521
1597
526
1698
517
559
552
539
563
533
616
543
568
540
1685
564
1800
570
522
549
528
680
545
564
527
532
588
1699
536
1700
524
520
563
527
539
527
557
549
560
551
1598
612
627
599
577
590
659
548
551
542
571
589
539
1674
562
579
554
554
541
549
561
565
626
524
1731
543
2742
535
578
531
542
529
519
597
524
510
585
1738
522
1590
560
574
543
511
536
570
563
516
616
564
1610
559
1712
563
594
554
561
525
513
522
528
536
512
1993
512
1824
554
516
596
653
556
513
671
531
596
619
1580
536
1768
607
508
583
546
511
605
543
532
530
553
1806
586
1790
541
554
550
542
609
553
568
562
534
567
1682
546
1707
550
536
654
563
557
565
573
572
575
564
1638
635
2548
559
539
542
547
562
688
541
572
531
569
1605
555
585
571
569
613
614
561
557
562
572
575
569
1593
562
553
544
561
550
544
529
540
529
532
1698
527
1609
556
658
624
597
558
566
537
549
551
625
1615
529
1562
560
592
615
595
569
598
553
572
553
540
2523
548
1637
571
557
551
528
600
557
545
554
665
547
1649
628
1708
662
574
626
565
553
783
561
609
602
556
2581
553
1772
551
545
549
683
518
538
532
521
525
584
1594
524
1953
527
507
509
535
560
563
575
501
505
578
1746
524
1865
515
513
539
524
526
541
646
528
890
549
1895
662
1677
593
549
543
535
538
569
545
545
571
540
1665
548
596
618
544
693
574
565
694
632
663
656
545
2302
564
548
537
534
564
596
547
524
545
516
1734
535
1878
541
570
515
551
564
549
518
585
780
524
1721
507
1919
542
572
526
543
532
519
619
608
564
588
2055
602
1889
596
627
516
524
533
521
556
593
516
502
1934
615
3348
808
551
521
537
569
613
601
530
540
587
1853
585
1671
558
550
547
560
526
544
543
516
547
511
1793
523
1740
501
506
614
501
553
544
595
559
520
544
1725
539
2738
542
637
557
562
529
518
562
541
530
564
1674
550
1885
524
543
550
543
578
536
595
553
627
584
1763
585
590
551
630
536
593
584
551
541
524
553
538
1683
524
577
559
611
553
661
588
536
562
540
1775
554
1673
551
540
545
526
564
579
552
548
531
631
2888
558
1660
520
596
571
572
536
550
581
542
538
545
1708
672
1757
1072
616
538
543
521
577
577
561
526
553
1639
561
1670
536
556
556
533
562
543
526
523
553
588
1772
563
1603
577
601
518
544
542
523
533
511
527
523
1720
514
1808
548
558
524
549
499
547
504
527
561
523
1645
547
1809
547
550
519
539
521
548
539
528
548
543
1651
511
1814
558
574
540
545
530
546
542
525
531
545
4872
520
683
564
532
546
905
594
527
535
515
535
510
1746
492
562
535
537
527
631
605
584
529
540
1739
553
1613
543
567
529
528
508
543
552
555
558
534
1721
529
1739
547
584
527
524
515
498
649
523
503
541
1767
551
1618
529
572
583
522
551
548
535
542
632
530
1775
551
1663
607
548
524
555
549
518
544
517
573
533
1732
516
1708
528
557
522
565
530
592
652
584
574
570
2559
572
1898
551
523
517
534
595
516
594
528
535
527
1724
545
1773
546
558
578
547
550
549
590
567
543
543
1722
570
1766
545
546
557
556
611
599
568
531
547
525
1703
597
678
533
520
555
537
571
528
549
534
587
527
1599
528
588
538
538
535
559
528
564
786
543
566
573
1754
589
628
653
566
539
548
589
556
581
570
1902
564
1666
528
575
529
704
663
582
567
548
560
544
1725
532
2449
591
635
554
555
537
538
519
535
844
529
1776
586
1858
538
557
564
540
558
551
546
540
547
571
1783
562
1800
533
537
529
549
553
532
605
682
559
596
1690
566
1675
545
552
546
542
540
535
550
543
544
558
1650
544
1715
564
528
574
528
535
537
547
515
571
542
1618
579
1809
541
567
538
562
585
668
556
578
581
560
1685
578
1973
584
558
567
567
538
569
566
545
582
600
3993
556
624
605
557
566
589
567
594
567
577
588
603
1701
616
605
563
557
571
557
560
549
561
554
1634
557
1629
548
616
575
595
651
557
529
556
625
541
1768
607
1710
555
556
637
517
550
525
528
532
593
578
1659
611
1789
560
627
567
554
551
574
545
588
591
576
2331
572
1665
607
560
613
530
532
541
532
522
576
545
1679
552
1813
548
554
536
566
530
560
561
538
550
594
1843
571
1798
573
555
563
572
530
550
537
544
591
567
1677
573
1970
597
672
612
556
584
539
602
589
617
557
1773
565
1884
613
599
577
567
564
536
585
586
584
570
1637
583
676
597
593
761
622
582
569
575
581
591
547
1644
572
575
551
530
571
552
536
621
550
556
784
636
661
611
596
628
1770
585
1775
589
576
570
525
544
534
547
572
592
558
1653
535
1856
504
519
573
594
547
532
514
502
569
533
2421
702
1987
526
524
572
564
584
527
556
536
570
584
1752
579
1754
602
568
550
543
551
517
538
576
537
556
1620
522
713
539
532
575
572
572
553
586
566
549
565
1633
567
683
609
523
515
512
614
569
573
530
1714
538
1837
660
656
602
707
550
527
518
561
566
552
1726
552
1554
529
580
536
497
538
534
506
517
637
541
1644
544
1684
515
576
540
575
535
509
518
502
531
509
1753
532
2267
521
526
544
529
499
514
539
532
580
538
1659
526
1598
537
591
538
509
522
523
500
543
525
544
1767
536
1738
585
609
538
541
572
541
510
525
523
533
1622
520
1677
605
539
523
552
524
531
527
551
535
547
1680
544
1773
507
581
565
542
539
514
586
512
551
557
1659
560
1792
543
524
530
534
527
537
554
512
558
515
1629
515
1684
557
558
563
550
537
652
548
532
552
584
1766
536
620
539
535
504
500
506
523
528
545
1664
589
1759
531
555
552
527
512
516
533
576
576
527
1665
591
1742
612
560
545
553
629
511
524
519
632
558
1646
516
4186
582
570
573
547
520
547
536
523
535
550
1682
528
1648
546
601
548
568
494
494
502
503
556
621
2406
589
1644
545
567
883
529
508
536
506
517
535
542
1716
538
1686
545
535
549
502
528
500
514
592
557
539
1652
534
1799
559
528
553
527
591
500
513
517
558
560
1739
523
1721
517
552
597
521
531
544
532
517
529
546
1610
569
1685
532
549
548
565
610
580
560
524
547
528
1720
534
587
528
524
518
529
568
496
557
508
1655
603
1578
541
627
546
552
528
502
523
532
547
528
1695
582
2519
542
584
581
535
557
501
513
518
528
521
1687
558
1640
527
540
544
495
503
515
551
518
637
562
1761
581
1576
555
527
540
505
493
561
527
514
573
622
1640
584
1640
583
543
554
501
514
529
530
519
563
531
1617
530
1761
574
550
561
523
525
528
511
489
542
525
1618
540
1770
565
519
545
537
529
513
505
668
598
563
1792
545
1786
545
632
558
540
588
524
576
499
571
525
1621
565
2485
554
536
557
522
544
516
541
506
623
582
1664
556
1871
552
526
623
568
561
545
564
560
541
535
1626
552
1764
660
554
552
565
563
508
545
545
540
540
1808
586
615
555
552
668
704
565
587
571
577
576
544
1667
529
567
571
540
767
560
596
520
548
632
2432
561
3988
576
600
575
554
549
550
555
570
574
542
1796
562
1706
567
633
555
533
530
520
538
506
584
547
1665
565
2403
601
591
602
550
540
521
580
529
550
557
1818
578
1686
538
546
556
520
542
518
576
546
569
552
1644
565
1723
561
549
572
593
565
539
542
510
573
600
1704
577
4050
564
547
556
584
547
564
827
630
587
558
1643
574
1751
554
543
583
568
567
509
568
570
555
534
1626
544
1764
559
562
543
541
545
582
554
570
587
552
1731
566
642
577
571
569
566
554
559
566
575
567
556
1626
555
583
606
554
569
618
565
540
570
511
1696
540
1690
549
603
573
542
541
544
550
536
575
573
1671
538
1654
538
1384
1293
640
547
555
561
542
552
549
1667
561
1688
571
626
556
716
554
546
549
569
521
554
1823
555
1774
554
553
548
547
565
559
569
527
526
556
2625
550
1802
577
539
583
556
523
526
548
553
615
549
1607
574
1795
552
557
530
552
532
657
549
530
561
531
1775
540
1915
587
582
579
563
534
542
544
547
549
548
1644
570
1738
549
571
551
524
555
536
542
512
534
530
1702
595
611
541
613
584
546
538
594
552
572
550
554
1740
537
614
566
572
609
553
538
542
545
535
1595
535
1667
524
582
572
525
538
524
627
607
578
587
4271
533
2314
555
596
543
555
795
547
545
534
581
527
1620
548
1720
535
541
585
533
530
535
590
544
556
525
1646
538
1616
555
554
565
518
546
532
538
536
782
548
1658
537
1606
605
526
550
539
533
550
561
520
850
548
1691
559
1727
585
569
598
570
567
679
594
596
582
537
1755
571
3884
549
576
581
577
553
603
565
551
569
537
1679
552
1786
586
518
544
513
541
550
557
557
574
518
1823
570
2428
560
535
539
547
669
552
541
561
559
544
1646
539
606
512
536
547
582
518
542
577
526
543
545
1684
520
686
662
553
542
537
601
554
534
530
1628
514
1678
518
596
552
535
538
577
549
542
601
528
1833
548
1706
533
618
557
567
570
602
530
533
587
521
2404
615
1716
662
620
576
572
568
560
568
534
541
524
1687
591
1657
552
549
551
550
557
572
571
551
563
542
1653
579
1730
550
533
601
614
567
563
572
541
576
554
1651
550
1798
549
557
565
641
536
539
570
530
570
562
1657
676
1731
586
629
569
578
555
546
561
562
577
534
1699
541
1737
631
556
564
623
670
553
670
578
554
553
1765
555
621
575
547
700
564
581
532
633
610
627
597
2353
617
611
612
618
600
585
585
601
626
614
1882
651
1824
568
639
604
615
603
579
608
606
586
599
3957
569
1697
605
578
618
572
545
531
567
529
594
517
1682
555
1606
551
588
529
554
568
556
540
521
610
557
1667
552
1658
544
528
567
578
550
535
564
521
587
585
1695
597
1712
576
600
683
642
613
605
640
610
615
569
1700
587
1778
606
577
611
610
608
607
589
592
629
721
1726
609
4596
573
593
602
606
607
600
594
583
592
568
1673
572
1745
609
566
574
649
611
609
589
569
649
603
1710
643
615
700
647
645
569
576
563
572
531
547
535
1628
513
566
533
625
586
540
561
561
534
550
1609
547
1710
533
592
571
579
554
558
750
560
556
522
2313
567
1645
674
601
542
538
572
554
545
560
548
554
1657
587
1686
528
625
539
549
590
537
556
562
571
535
1835
598
1614
614
607
637
560
540
537
624
521
588
551
1743
548
1589
545
560
528
524
543
522
550
1975
626
551
1623
525
1733
496
560
536
533
539
520
530
626
524
569
1669
551
1825
521
551
538
512
501
535
539
521
519
529
1616
524
1813
559
512
545
523
520
516
514
505
564
526
2472
526
594
532
541
525
524
519
517
537
591
559
554
1606
543
557
540
524
527
542
548
532
558
527
1578
539
1581
539
594
547
545
573
558
569
545
575
544
1648
561
1646
571
589
533
549
536
529
552
537
587
619
3738
526
1601
568
551
558
543
577
516
546
520
533
543
1660
554
1653
584
524
556
537
525
555
553
521
546
517
1610
528
1770
616
573
589
546
542
538
539
542
548
564
1686
574
2398
538
589
565
545
550
555
528
545
512
502
1638
529
1758
530
548
519
547
527
559
559
503
545
537
1599
532
4043
557
560
543
514
529
513
557
541
553
566
1628
557
622
548
546
570
547
625
544
547
631
544
625
1569
546
551
555
552
531
570
521
527
512
516
2351
527
1661
588
527
544
544
523
524
560
524
531
600
1630
557
1565
581
589
578
533
528
521
567
566
568
535
1551
552
1673
554
604
525
523
534
536
552
518
546
528
1948
527
1649
530
528
543
518
539
507
524
529
549
516
1604
530
1547
510
542
515
525
507
515
552
496
579
554
1744
544
1686
537
543
545
540
647
530
538
541
526
533
3470
803
1906
580
532
555
536
540
552
541
553
559
555
2742
571
1778
590
568
561
549
571
543
569
560
629
582
1614
552
1700
577
553
784
551
564
551
628
535
560
568
1627
796
627
588
549
555
564
542
570
574
578
563
568
1740
569
568
556
551
548
563
560
561
595
568
1631
615
1670
554
601
559
547
567
540
557
573
670
565
1626
537
1643
600
658
583
555
588
581
625
584
624
725
1667
576
1677
549
605
606
578
606
549
576
565
638
566
2373
549
1599
559
575
538
569
564
609
547
579
570
542
1620
555
1633
577
560
576
572
607
550
550
558
550
579
1741
549
1890
538
537
560
549
577
692
612
563
578
537
1625
550
1933
530
545
555
568
552
584
555
530
554
511
4063
562
1781
549
521
559
549
558
542
552
549
552
561
1579
576
611
591
559
564
630
581
572
581
539
526
530
1651
626
789
558
540
580
535
569
562
579
542
1723
544
2452
558
1010
579
577
534
556
603
539
563
595
1713
536
1763
545
525
563
556
563
619
536
568
595
538
1681
532
1661
531
611
543
560
568
549
550
556
563
527
1788
678
1649
605
563
537
538
547
553
569
543
576
559
1702
545
1602
539
561
562
605
550
568
548
558
541
524
1621
544
1693
561
544
573
599
562
594
564
551
541
528
1722
540
1791
557
543
579
550
552
544
570
562
559
564
1753
539
2390
576
573
569
566
617
575
563
567
578
586
1617
557
621
562
592
554
559
558
590
546
549
572
567
1645
562
623
566
570
573
578
567
576
584
592
1771
556
1777
581
609
553
589
544
541
552
543
549
550
1666
544
1600
556
536
580
581
563
552
3969
610
558
547
2462
560
1662
570
603
576
574
577
550
569
555
751
642
1667
530
1645
520
571
517
602
506
578
583
550
521
533
1650
535
1649
514
526
531
506
510
488
521
514
515
502
1630
523
1795
523
516
517
524
540
508
511
502
523
530
1633
545
1782
521
507
575
512
502
585
512
516
517
514
1612
533
1760
523
505
545
546
541
540
586
508
611
513
3737
527
1660
523
559
553
536
613
525
522
509
520
507
2312
542
549
536
539
597
542
539
529
531
532
1640
525
1666
522
510
515
525
519
511
518
503
530
513
1637
514
1606
674
569
501
534
517
518
494
496
530
483
1675
538
1552
545
627
502
609
575
625
584
487
496
506
1814
753
1629
553
646
528
500
488
496
591
588
536
524
1662
530
5381
846
740
586
534
573
530
532
549
552
615
4448
556
1865
497
506
521
561
569
630
554
518
545
541
1737
533
1794
510
558
519
543
513
570
531
600
550
567
1587
578
1880
604
511
596
658
566
540
529
599
524
538
1687
516
1694
542
540
529
595
533
533
544
570
544
519
1664
617
571
551
522
587
534
511
541
559
501
1616
504
1767
531
550
550
530
535
506
525
505
510
506
1847
528
2403
577
546
531
546
526
533
567
538
569
533
1826
511
1684
503
525
578
618
571
545
521
577
514
534
1769
531
1610
520
549
571
502
515
507
551
570
532
515
1546
516
1662
492
547
542
494
508
541
518
514
519
579
1778
521
1897
540
519
520
539
504
512
496
494
522
482
1752
521
1952
551
560
525
493
527
501
489
490
559
511
1581
502
1767
670
537
514
555
547
491
515
655
641
516
1705
480
2681
530
502
558
501
571
518
489
494
530
508
1661
513
521
599
530
622
517
693
522
507
567
1723
518
1854
557
547
512
580
579
2652
765
573
556
586
576
523
1776
528
618
606
523
578
548
548
536
536
535
1536
522
1748
585
562
547
515
537
616
578
544
562
502
2346
526
1859
540
526
568
547
563
542
526
591
530
602
2642
541
1676
697
559
610
525
512
523
699
584
518
650
2086
533
1888
582
523
555
539
562
552
568
542
540
538
1676
513
1658
754
544
539
599
598
546
610
534
536
514
1737
512
1816
546
555
567
533
597
713
621
549
717
540
1773
525
1867
553
535
517
529
560
544
613
569
644
571
1749
680
1767
560
554
515
537
534
528
620
530
583
521
2321
511
626
518
512
581
531
545
543
589
577
527
556
1688
514
584
535
564
520
546
592
777
625
532
1626
511
1608
635
578
626
591
534
519
609
526
598
638
1834
568
1708
535
575
666
543
527
530
543
517
546
555
1780
523
1732
561
535
648
546
514
589
517
551
586
505
1818
594
2113
597
528
602
616
593
525
560
550
549
514
2033
557
1686
531
510
537
671
532
714
536
580
589
528
1823
519
2455
590
526
568
528
2317
720
558
547
579
535
1748
584
1998
539
535
566
637
555
568
617
575
563
548
1816
541
1958
572
548
561
542
552
636
553
545
565
563
1736
552
812
536
537
542
550
538
538
581
545
557
558
5506
601
600
550
530
547
554
533
544
541
548
1755
567
2481
588
571
769
558
611
546
532
509
508
535
1672
530
1705
506
574
536
550
517
561
548
595
539
545
1732
577
1589
515
563
626
533
566
740
629
526
572
575
2070
538
2350
588
683
602
667
632
536
539
536
568
619
1785
552
5123
541
536
548
631
538
515
527
513
520
568
1957
540
1876
646
604
682
559
548
545
549
645
631
518
1590
583
1866
531
765
653
687
802
543
540
517
521
518
2375
529
1942
551
529
533
515
530
528
763
572
519
607
1599
519
1753
534
579
514
576
579
502
493
547
492
521
1822
493
1648
498
825
575
521
579
532
514
503
640
519
1629
599
596
507
499
507
518
515
528
524
513
1711
518
1664
529
552
560
536
510
533
638
566
514
506
1656
568
1552
528
538
497
549
568
536
496
497
521
515
1652
524
1681
507
545
503
533
512
520
506
520
529
496
1558
498
2155
511
544
507
528
532
547
493
510
565
484
1627
520
1628
510
490
557
530
490
477
497
496
509
505
1504
498
1610
513
486
479
481
517
502
544
486
545
483
1479
536
1686
484
507
511
487
522
484
516
513
531
535
1519
536
1831
510
503
618
502
588
529
498
516
528
549
1669
505
1607
620
561
550
505
513
547
657
506
582
532
1616
517
540
543
502
525
508
521
538
519
503
1535
528
1598
513
533
527
511
625
534
529
537
557
507
1678
511
1569
506
591
520
510
517
526
533
509
529
526
1592
535
1566
509
568
639
568
577
515
538
512
534
531
1591
533
1536
532
555
508
538
512
531
535
520
524
553
1801
550
3860
535
582
521
528
503
519
531
526
533
529
2279
504
1694
507
628
538
499
548
520
540
530
585
512
1575
531
1677
545
537
522
558
553
526
591
563
525
524
1530
529
1681
511
528
531
520
538
513
582
518
524
505
1566
525
1585
539
521
528
520
565
521
519
533
545
521
1550
520
642
556
504
555
516
504
506
523
528
1558
523
1621
538
492
614
511
506
508
532
515
514
505
1575
518
1544
516
557
568
533
517
526
551
638
659
528
1591
583
2229
592
565
531
509
531
521
530
505
537
525
1553
770
1758
622
563
534
499
512
557
481
527
497
478
1567
502
1605
490
510
557
511
496
483
540
551
496
514
1520
491
1509
536
488
518
515
512
485
534
521
552
515
1523
489
1861
511
509
493
604
555
587
501
481
565
546
1548
507
1740
495
507
523
498
504
536
567
500
698
590
1620
499
1637
507
531
515
524
500
541
502
551
534
519
1602
513
601
511
626
598
534
587
513
542
527
557
553
1534
529
584
520
627
524
530
535
505
509
521
1546
513
1558
504
504
586
508
584
529
534
596
647
534
1708
497
1560
506
555
528
546
513
533
525
529
516
532
1619
499
1510
500
590
540
553
615
509
539
568
552
499
2248
510
1663
502
522
536
604
512
519
534
499
511
515
1563
530
3948
666
509
543
527
530
