15163
12910
16252
11364
11594
11500
12046
11051
11609
13233
11972
12940
11410
14945
12351
11284
10746
12231
11961
11290
24888
24993
11140
25086
12538
26097
13505
11631
12431
12601
26980
11415
11865
11725
24219
12000
12164
12588
11601
27337
11505
13808
11884
13144
11436
12417
11623
11359
11613
11835
13207
37394
12168
11923
12436
11266
27123
10848
11598
11584
12415
11633
11571
11651
12731
11548
11551
11017
12103
19676
11817
14442
12272
11701
11569
11605
11154
11205
10992
11875
11001
11295
2385186
38388
14631
11450
12596
12238
11811
11169
11899
11876
11135
10818
24272
11828
11378
12715
11865
12887
11530
12421
11046
10859
11267
11082
15535
24757
11748
11304
11685
10956
25404
12215
16367
11478
13977
11887
11612
12986
11326
11579
11459
12536
11393
10727
5079
5546
4152
5585
3951
5172
3688
5284
5177
4022
3826
4032
3978
3686
3854
3733
3751
3668
3696
4483
6222
3871
5422
3679
4914
3672
4599
3852
3769
3576
3867
3797
3676
3804
3630
3682
3780
3799
3821
4977
3917
5146
3660
5164
7272
3949
3722
4002
3860
3804
3593
5788
3128
2706
2844
13049
4280
2659
5772
2761
4123
2636
4946
2615
2877
2683
2804
2813
2685
2668
2765
2647
2781
2630
2870
4163
2656
4510
2620
4415
2574
3929
2672
2703
2760
2835
2622
2653
2846
2841
2698
2797
4072
2672
4301
2701
3868
2601
4209
2824
2807
2627
2818
2690
2653
2699
2620
2580
2659
2600
2680
4286
3761
4123
2869
5116
2707
2778
2495
2696
2718
2673
2644
2499
15997
2626
2691
2661
3249
2829
3297
5339
2827
4230
2768
4101
3655
2714
2688
2747
2765
2742
2696
11683
2687
2739
4280
2569
3966
2666
4046
2725
2976
2629
2804
2571
2717
2619
2515
3361
2799
2766
2462
15572
2701
6434
2568
3958
2702
3945
2561
2516
2560
3928
2508
2691
2641
2615
2613
2733
2634
2690
3951
2630
4932
2517
3882
2608
3968
2569
2666
2611
2689
2627
2606
2562
2560
2476
2597
2796
2661
4302
2860
4026
4401
3923
2574
2594
2533
2702
2603
2683
2524
2658
2695
2650
2666
2616
2591
2689
3908
2637
4156
2515
5444
2544
17869
2687
2580
2484
2670
2578
2671
2568
2609
3501
2714
5113
2537
4043
2507
3977
2407
2379
2339
2378
2354
2405
2514
2559
2520
2417
2496
2444
2471
2478
10448
2538
3929
2484
3734
2516
2455
2496
2459
3609
2578
2465
2615
2431
2397
2536
2530
3761
2404
3714
2657
3916
2483
3575
2529
2576
3526
2378
2446
2533
2534
2464
2409
2591
2405
2312
3568
2518
3740
2482
4744
2371
2409
2426
2319
2430
2467
2530
2596
2333
2389
2341
2300
2260
2411
22046
3032
4495
2577
4105
2608
2654
2476
2571
2575
2568
2727
2620
2601
2730
2652
9168
3971
2323
3718
2326
4045
2417
2483
2467
2477
2459
2464
2486
2462
2411
2426
2395
2391
2455
2456
3648
2287
3733
2376
3722
2500
2414
2317
2378
2414
3666
2462
2504
2386
2263
2329
2358
3686
2238
3425
2128
3509
2388
4814
2285
2334
2407
2309
2332
2495
2355
2435
2275
2262
2276
2339
3517
2258
3767
2901
4067
3502
2396
2284
2370
2419
2439
2285
2276
2317
2251
2284
2208
3577
2291
3654
2415
3700
2447
5078
2296
2353
2390
2390
2535
2435
2266
2393
2348
2460
2407
3559
3670
2484
3584
2436
3836
2369
2306
2436
2614
3474
2439
2273
2305
2303
2351
2377
2376
2307
2396
3622
7410
3928
2356
5028
2314
2224
2450
2382
2437
2478
10047
2451
2411
2380
2251
2354
3508
2442
3639
4735
5537
2410
3526
2326
2686
2292
2310
2294
2377
2359
2320
2305
2380
2266
2310
3650
2425
3600
2271
3640
2336
29968
2445
2250
2365
2424
2315
2332
2349
2401
2379
2324
3380
2305
4103
2307
3513
2268
3757
2369
2310
2306
2460
2386
2334
2294
2348
2297
2357
2358
2347
4635
2377
5184
2567
3952
2396
2398
2281
2493
2553
2410
2327
2308
2394
2285
2354
2379
2350
2398
3586
2379
3821
2395
3591
2408
2355
2362
2525
2467
2295
2326
3326
2374
2374
2375
2502
3776
2420
3551
2423
3703
2480
3580
2535
2328
2460
2279
2321
2290
2310
2314
2355
2285
2271
2166
4259
2233
4147
2306
3553
2285
2251
3312
2330
2165
3201
2296
2208
2420
2343
2278
2297
2227
2276
3461
2204
3447
2306
3400
2326
2351
2366
2243
2284
2252
2305
2305
2238
2281
2229
2364
3691
2331
4630
4002
3668
2376
3721
2160
2331
2281
2363
2311
2379
3115
2250
2116
2105
2066
2071
3269
2057
3266
2056
3422
1996
2068
2071
2188
1990
2009
2008
2064
3080
2172
1952
2026
1999
2044
3577
2015
3214
2100
3514
1997
2125
2042
1974
2056
2001
2048
2039
2068
2081
2013
2093
3174
2036
3299
2073
3332
2231
3288
1987
3081
2010
2144
2077
2229
2059
2019
2066
2055
1976
1947
4899
2247
3548
1985
3256
2067
2130
2101
2133
2043
2015
2013
2026
2092
1958
2151
2066
1988
2015
4471
2032
3882
2050
3372
2006
2038
2008
2055
2040
2031
1959
2148
1922
3843
2078
1990
3296
2097
3226
1940
3087
1998
2088
2044
2051
2003
3157
2073
2034
2024
3143
2189
2034
2106
1999
3381
2053
3417
2036
5396
2037
1992
2004
1883
2030
2058
1924
2038
1942
2120
1993
1971
3458
1960
4504
1992
3123
2084
3274
2011
2001
2915
1904
2038
1974
1985
2031
1932
2021
2077
1962
3516
1970
3261
2018
3286
1978
1929
1930
1954
1922
2006
2138
2126
2009
1943
1965
1995
1946
2002
3270
2843
3231
1924
3204
1905
2001
1944
1960
1976
1981
2041
2144
2045
1969
2051
1944
4179
1974
3224
1998
3085
1896
3234
1952
1901
1882
1919
1857
1894
1933
2027
26995
2082
1918
1969
3141
1981
3410
1905
3248
1936
1859
1946
1948
1912
1913
1913
1963
1937
1969
1960
2002
3221
1971
3120
1906
3262
1933
3169
1917
1940
1930
2889
1933
2185
1956
2015
1882
1965
1983
1971
3325
1941
3237
1933
3274
1954
2020
1981
1921
1918
3030
1973
1908
1961
1891
1936
1886
2047
2012
3196
1964
4068
1881
3253
1936
1884
1909
1941
1927
1926
1937
1997
1992
1891
1946
1860
3110
1980
3073
1906
3258
2030
3408
1943
1947
1961
1991
1921
1931
1899
1976
1911
2951
1949
1996
3188
1895
3352
1985
3087
1955
1915
1927
1914
1960
1954
1920
2199
1889
1965
1925
2011
1944
2063
3094
1975
3612
1894
3933
1994
2022
1960
2009
2899
1901
2039
1941
1908
1837
1911
1857
3143
1874
3280
1859
3115
1839
2910
1843
1890
1930
1917
1846
1982
1946
2018
1958
1879
1972
1917
3275
1938
4972
2775
3154
1898
1857
2022
1858
1845
1837
1878
1947
1860
1853
1894
1881
1956
1848
3110
1907
3691
1907
2974
1879
1911
1852
1981
1930
1914
1863
1966
1897
1933
23358
2061
3202
1994
3155
1857
3122
1863
1849
1863
1988
1943
12922
4042
1861
3021
1992
3974
1873
1920
1933
1983
1966
2011
1910
2042
1988
1957
1994
1984
3118
2841
3320
1952
3103
2049
3099
1958
1890
1973
1941
1928
2005
1997
1932
1894
1914
1948
1991
3081
1873
3219
2139
3252
2048
1891
1893
1933
1886
1897
2019
2814
1906
1922
1867
2066
1931
2011
3101
1859
3179
1917
3121
1931
1892
2027
1892
1995
2010
1993
1921
1914
1946
1889
1912
4353
2024
3392
1899
3122
1966
3100
2911
2047
1946
2108
1940
2082
1960
1959
1922
1873
1854
1846
3168
1908
3027
1911
3160
2000
1941
1917
1947
1920
1931
2286
2163
1981
1963
1907
2006
2110
1962
4469
2061
3344
2088
3261
1904
1957
2018
2017
2058
2024
1957
2027
1955
1961
2035
1996
3229
1991
3419
1938
5187
1992
4233
1947
2014
1895
1952
2150
1975
2982
1942
1907
2010
2007
2068
4172
1941
3524
2032
3370
2255
1938
1940
1986
1958
1963
1999
2080
1972
2058
2012
2078
1974
2151
3289
2075
3270
1965
3387
1892
3685
1938
1911
1986
1853
1879
2144
1986
2082
1910
2294
3743
1990
3287
1991
4125
2080
3144
1903
1926
1996
2088
2021
2020
2059
2141
1931
2109
1904
1962
3323
8767
3349
1929
3473
1949
1989
1895
1935
2021
1894
2155
2087
1928
1911
2068
1916
2040
1931
3435
2024
3176
2000
3360
1963
1950
2004
1926
2043
1936
2020
22120
2179
1971
1935
1920
3109
2023
3968
1945
3278
1993
1925
1958
1912
2108
1896
2048
1862
2061
1969
2055
2087
2054
2021
3233
1937
3246
1890
3540
1954
1857
3252
2046
1908
1950
1937
2052
1853
1999
1951
1952
3341
1947
3169
1992
3250
1922
3165
2038
1934
2029
1985
1866
2003
1955
1972
1915
1957
2053
1947
5571
2143
4201
2061
3356
1972
1930
2073
1956
9366
5358
1800
1830
1834
1843
1747
1870
1756
1796
3348
1764
3032
1953
3241
1813
1728
1817
1717
1812
2465
1784
1776
17840
1909
2014
1791
3186
1799
3222
1774
3270
1767
2701
1766
1794
1728
1776
1722
1802
1710
1787
1803
1773
3727
1773
3145
1741
3260
1805
3307
1744
1758
1788
2685
1806
1807
1728
1828
1803
1945
1790
1751
3193
1737
5007
1654
3176
1750
1669
1745
1847
1820
1773
1778
1778
1781
1920
1788
1778
1674
2315
3325
1838
3177
24352
3625
1754
1777
1767
1860
1960
1708
1981
1717
1646
1744
1773
1687
2965
2121
3699
1848
3316
1940
3007
1799
1789
1799
1775
1751
1771
1766
1779
1745
2732
1761
1673
2994
1646
3006
1770
3115
1699
1776
1841
1785
1751
1809
1710
1807
1758
1821
1715
1747
1694
1676
3332
1840
3062
1795
3576
1683
1658
1786
1730
2489
1607
1687
1659
1692
1791
1740
1753
3045
1809
3190
1711
3063
1722
1715
1720
1736
1765
1806
1714
1724
2771
1782
1771
1957
1722
1823
3146
1831
4005
1817
28463
1942
1797
1862
1813
1752
1809
1750
1776
1697
1788
1776
1826
3044
1753
3146
1711
3177
1754
2961
1722
1734
1708
1798
1689
1787
1717
1775
1697
1786
2772
1739
3188
1815
3136
1730
3125
1804
1763
1755
1745
1749
1693
1723
1739
1731
1785
1853
1724
1829
1742
4012
1766
3081
1750
3044
1764
1717
1764
1740
1720
2802
1770
1850
1771
1821
1711
1787
3243
1737
3139
1982
3456
1831
3006
1799
1860
1707
1791
1750
1777
1851
1833
1717
1766
1778
1993
3363
1800
3429
1836
3084
21967
1851
1750
1806
1706
1787
1672
1758
1768
1772
1711
1764
1748
2014
3028
1743
2959
1727
2996
1764
1626
1806
1639
1680
1778
1765
1761
1701
1688
1593
14605
3445
1803
2908
1775
2870
81391
1925
1766
3111
1871
1615
1724
1857
1787
1751
1755
1786
1781
1790
3061
1752
2987
1710
3026
1727
1753
1716
1772
1716
1833
3015
1829
1781
1742
1745
1748
3041
1737
3016
1760
3002
1768
1758
1769
1854
1804
1823
1797
1801
1791
1770
1713
1803
1750
1920
3034
1777
4428
1711
2929
1742
2893
1703
1798
1717
1760
1709
1811
1775
1823
1728
1945
2831
1822
2961
1746
3098
1923
3146
1786
1767
1745
1715
1772
1936
1920
1768
1704
1768
1738
1777
3962
1732
3000
1722
2970
1937
1785
1719
1749
1707
1748
1695
1776
1708
1749
1757
1772
1716
1776
2919
1706
2947
1710
3580
1707
1660
1769
1701
1784
1877
1689
2502
1735
1720
1682
1783
2898
1694
3057
1709
2926
1823
2952
1765
1747
1709
1722
1695
1822
1886
1725
1694
1814
1636
1639
2742
1744
2977
1906
2949
1800
2748
1781
1762
1811
1733
1749
1759
1718
1731
2348
1735
1693
1818
3377
1933
3930
1755
2978
1808
1918
1733
1737
9685
1710
1560
1471
1436
1501
1425
1407
2650
2465
2660
1469
2776
1467
2542
1571
1368
1435
1469
1476
1464
1437
1473
1419
1404
1432
1450
2743
1497
2604
1451
2756
1462
1519
1444
1444
1396
1442
1419
1511
2175
1446
1443
1468
1391
1479
3408
1428
2648
1405
2674
1416
1586
1418
1437
1410
1449
1406
1407
1445
1418
1518
1419
2625
1457
2674
1363
2707
1447
1371
1391
2247
1485
1416
1445
1464
1434
1434
1432
1385
1350
1576
2603
1463
2678
1434
2643
1430
1517
1505
1485
1558
1495
1490
1416
1434
1568
1552
1442
3165
1439
2584
2272
2843
1425
2615
1402
1583
1395
1916
1405
1471
1492
1509
1425
1466
1414
1449
4467
1441
2573
1371
2862
1450
1419
1465
1423
1459
1382
1456
1475
1411
2938
1401
1632
1479
1442
2662
1426
2862
1398
2644
1384
1454
1394
1446
1463
1496
1410
1478
1669
1423
1427
1399
2536
1531
2785
1478
2598
1437
2555
3475
1542
2432
1430
1413
1380
1411
1433
1454
1434
1542
1418
2438
1503
2663
1519
4692
1438
1467
1513
1491
1454
1554
1427
1473
1436
1453
1387
1431
2688
1399
2539
1430
3403
1447
2517
1438
1435
1622
1393
1448
1565
1480
1478
1499
1396
1424
1460
2653
1376
2599
1413
2762
1465
1419
1418
1523
1420
1551
1407
1426
1481
1586
1505
38250
1658
1503
2767
1520
2638
1428
3403
1444
1500
1393
1426
1431
1445
1489
1434
1461
1521
1438
1400
2541
1488
2755
1883
2618
1431
1506
1350
1511
1497
1538
16610
1671
1386
1535
1489
1568
1438
1486
2651
1460
2636
1490
2608
1471
1531
1426
1501
1392
1479
1407
1434
1451
1393
1424
1497
2698
1430
2667
1470
3481
2329
2643
1475
1463
1453
1414
1510
1468
1415
1477
1455
1478
1379
1492
2584
1444
2546
1378
2698
1422
1454
1463
1487
1425
1519
1458
1430
1630
1582
1473
1526
21055
1685
2822
1507
2909
1414
2725
1519
1469
1455
1464
1473
1549
1388
1521
1456
1435
1622
1500
2530
1432
3622
1412
2735
1464
1428
1454
1516
1470
1423
13027
1557
1434
1465
1434
1492
1447
1395
2647
1419
2656
1539
2752
1475
1549
1461
1462
1430
1465
1470
1452
1455
1485
1467
1443
2508
1418
2596
1427
3071
1440
13799
1517
1523
1411
1452
1482
1471
1457
1478
1529
1403
1466
1532
3587
1482
2811
1377
2686
1460
1470
1437
1491
1407
1455
1455
1422
1495
1439
1498
1413
1489
15539
3284
1503
4299
1433
2864
1426
1539
1410
1465
1433
1430
1473
1421
1406
1474
1472
1458
2470
1456
2569
1475
2544
1477
1444
1516
1423
1487
1405
1416
2262
1415
1464
1438
1451
1472
1393
2475
1471
2627
1576
2564
1419
1445
1408
1488
1373
1432
1637
1527
1443
4944
1501
1428
2784
1473
2581
1427
2807
1513
2635
3007
1469
1427
1460
1606
1518
1470
1506
1457
1433
1423
1412
2647
1463
2796
1437
3455
1414
1482
1418
1443
1470
1458
1469
1427
1510
1494
1412
1481
2644
1425
3638
1507
2667
1461
2546
1484
1460
1481
1488
1470
1430
1407
1434
1404
1426
1480
1467
2625
1407
2755
1473
2582
1438
1417
1475
1444
1432
1449
1401
1477
2656
1384
1448
1447
1422
1432
3227
1450
2740
1444
2577
1435
1474
1523
1478
1498
1474
1456
1753
1398
1452
1461
1490
2812
1478
3174
1438
2735
1409
2518
1435
2219
1520
1429
1530
1414
1472
1458
1451
2333
1451
1473
2692
1418
2568
1457
2734
1475
1449
1424
1412
1437
1516
1493
1504
1434
1493
1464
1424
1433
1475
2613
2233
2726
1348
2595
1422
1466
1436
1430
1457
1467
1494
1507
1426
1486
1469
1476
2560
1468
2734
1475
2728
1455
2626
1418
1479
1436
1451
1473
1447
1471
2184
1466
1518
1406
1458
2591
1518
2822
1437
1432
1452
1476
1463
1459
1423
1402
1434
1533
1478
1516
3435
1465
2876
1541
2785
1458
2547
1474
1447
1445
1495
2529
1586
1433
1428
1386
1414
1522
1476
2586
1453
2611
1487
2724
1414
1442
1464
1454
1432
1415
1438
1431
1517
1416
1405
1480
1433
1421
2621
1428
2786
26598
4593
1677
1484
1556
1435
1466
1437
1456
1406
1455
1465
1523
1370
2633
1467
2635
1493
2724
1434
1421
1443
1541
1414
1401
1430
1463
1439
1568
1417
1475
17503
1546
2728
1451
2593
1447
2711
1506
1466
1491
1484
1460
1460
1425
1453
1471
1450
1547
1449
2579
1430
2656
1455
2670
1378
2587
1489
1469
1450
1493
1516
17099
1512
1457
1388
1460
1456
1439
2660
1440
3001
1425
2750
1443
1568
1467
1492
1406
1416
1544
1495
1443
1482
1497
1513
1480
1462
2617
1375
2668
1460
4187
1476
1415
1386
1459
1469
1433
1469
1450
1471
1500
1386
1459
2695
1550
2619
1500
2609
1471
1401
1491
1469
1528
1457
1459
1421
1483
1544
1446
1425
2794
14436
3009
1444
2797
1507
2532
1444
1410
1495
1459
1424
1456
1435
1469
1401
1547
1459
1504
2606
1454
2592
1418
3259
1473
1477
1411
1450
1401
1500
1421
1400
2305
1441
1426
1416
1508
1507
2615
1533
2579
1420
2628
1472
1423
1481
1411
1444
1471
1459
1427
1449
1467
1427
1468
4064
1493
3711
1450
2613
1476
2604
12078
1481
1538
1453
1493
1422
1465
1493
1439
1420
1502
1526
2618
1562
3844
1417
2779
1421
1483
1477
1534
1439
1432
1478
1463
1448
1412
1544
1446
2752
1479
2266
1419
1491
1596
1534
2889
1491
2576
1418
3407
1489
1535
1439
1459
1356
1517
1409
1467
1413
1398
1528
1438
2618
1538
2773
1407
2653
1449
2698
1367
2508
1480
1584
1497
1544
1402
1453
1455
1516
1482
1392
2575
1487
2679
1440
2611
1450
1483
1457
1473
1416
1428
1458
1447
1436
1448
1437
1466
1429
1469
2634
2432
3665
1651
2593
1382
1465
1435
1589
1443
1484
1429
1431
1430
1438
1436
1475
2556
1425
4024
1533
2711
1452
2706
1441
1388
1460
1463
1509
1424
1514
1505
22478
1569
1495
1439
2677
1409
2778
1458
2739
1453
1435
1370
1479
1392
1436
1485
1445
1446
1430
1453
1446
2507
1450
3378
1508
2585
1495
1475
1424
1455
1495
15835
1569
1534
1384
1409
1436
1421
1434
1428
2592
1453
2643
1422
2554
1454
1478
1419
1473
1410
1424
1493
1444
1455
1417
1477
1458
2557
1414
2677
1572
3521
1412
2448
1487
1514
1504
1507
1471
1439
1439
1413
1528
1463
1436
1428
3391
1439
2543
1425
2709
1448
1415
1468
1542
1408
1435
1465
1408
1420
1409
1449
15539
1477
1541
2770
1401
2742
1462
2824
1460
1849
1539
1541
1425
1453
1462
1420
1401
1427
1480
1677
2933
1499
2781
1403
2502
1478
1446
1416
1403
1472
2772
1521
1431
1462
1425
1506
1439
1378
1438
2620
1444
2726
1409
2611
1625
1420
1393
1531
1435
1491
1415
1477
1374
1414
1402
1418
2676
1483
2604
1411
2797
19128
2901
1389
1418
2043
1544
1492
1448
1412
1472
1424
1489
1428
1455
2769
1472
2616
1429
2566
1465
1512
1421
1468
1522
1480
1445
1422
1435
1453
1426
3385
1487
1395
2681
1394
2572
1435
2696
1428
1447
1354
1439
1455
1463
1465
1408
1662
1473
1453
1505
2536
1431
2527
1428
2600
1428
1449
1522
1400
1472
1423
2222
1510
1500
1445
1398
1397
1492
1439
4253
1483
2616
1451
2877
1417
1441
1464
1468
1449
1440
1494
1464
1474
1425
1416
1433
1433
1442
2705
1379
2567
1447
3963
1495
1428
1428
1430
1421
1455
1436
1408
1464
1505
1367
1404
2600
1454
2767
1445
3300
1509
1401
1391
1468
1422
1489
1549
1507
1480
1402
1437
1485
18242
2645
2711
1487
2786
1533
4514
1524
1419
1716
1445
1404
1418
1428
1523
1573
1404
1456
1375
2474
1367
2494
1440
2559
1402
2556
1483
1494
1455
1397
1471
2488
1428
1545
1425
1422
1506
1478
2700
2013
4206
1471
2798
1438
1904
1501
1510
1381
1430
1362
1461
1449
1455
1416
1472
1466
1472
2695
1406
2584
1489
2691
32686
1531
1549
1442
1442
1442
1474
1429
1431
1421
1463
1533
2681
1580
2609
1471
2606
1516
1436
1520
1384
1543
1550
1407
1399
1428
1462
1495
1585
1569
1394
4682
1562
2649
1581
2637
1411
1445
1512
1398
1443
1407
1453
1430
1423
1415
1449
1439
2622
1434
7260
1479
2593
1411
2504
1464
1480
1461
1440
1475
1395
2509
1507
1383
1493
1486
1396
2748
1443
2625
1456
2552
1393
1472
1399
1481
1493
1481
1472
1526
1436
1444
1444
1420
1491
1604
2641
1470
2589
1382
2550
1477
23697
1778
1677
1621
1493
1524
1510
1383
1452
1450
1593
2636
1472
2680
1489
2546
1466
1422
1440
1456
1420
1404
1458
1444
1440
1440
1397
1513
1451
1401
2618
2659
2702
1446
2525
1443
1418
1456
1383
1492
1527
1404
1412
1443
1421
1426
1502
2662
1503
2544
1457
2596
1462
2544
1556
1458
1427
1415
1577
1420
1409
27676
1571
1455
1466
1459
2555
1484
2702
1433
3252
1637
1424
1451
1442
1475
1479
1424
2763
1500
1429
1477
1461
1464
1492
2691
1452
2645
1501
2695
1520
1459
39294
1617
1615
1484
1681
1454
1453
1460
1534
1444
2742
1483
2628
1434
2580
1440
1469
1480
1509
1457
1446
1403
1482
1426
1471
1475
1491
1438
1416
3320
1453
20594
1528
2950
1458
1504
1520
1492
1431
1486
1454
1486
1443
1477
1470
1450
2582
1473
2610
1422
3776
1440
2424
1482
1493
1489
1480
1454
1487
1424
1391
1472
17929
1527
1420
2696
1475
2621
1399
2670
1504
1540
1455
1440
1463
1476
1465
1483
1418
1475
1484
1461
15485
1639
2661
1439
2605
1492
2600
1453
1407
1448
14317
1529
1494
1437
1532
1415
1489
1520
1489
2546
1483
2728
1457
2666
1446
1451
1408
1496
1453
1409
1426
1490
1566
1499
2816
1418
2646
1481
2511
1466
1469
15521
1490
1425
1368
1430
1451
1479
1439
1454
1410
2666
1480
3311
1447
2683
1420
1552
1426
1510
1460
1518
1419
1471
1430
1474
1511
1466
2764
1476
2716
1462
4826
1421
2614
1505
1461
1480
1447
1463
1405
1402
1404
1468
1456
1453
1490
2475
1504
2632
1559
2611
1458
1494
1495
1570
1427
1465
1516
1436
1501
1471
17101
1495
1492
1429
3386
1444
2582
1486
2658
1416
1445
1457
1440
1478
1446
1473
1393
1423
1399
1415
1433
2509
1405
2640
1416
2564
1466
1532
1493
1430
1464
13425
1591
1439
1469
1433
1459
1489
1455
1455
2605
1456
3863
1393
2637
1435
1471
1479
1434
1455
1422
1445
1424
1462
1392
1450
1486
3354
1470
2653
1437
2501
15586
2808
1478
1447
1437
1520
1531
1473
1451
1619
1437
1455
1513
1512
2538
1449
2827
1453
2652
1480
1403
1481
1385
1464
1468
1484
1492
1463
1431
1437
1406
2579
1532
2665
1541
2768
1393
2638
1459
1492
1411
1515
1483
1452
1446
1440
1411
1434
1437
1491
2536
1456
2765
1459
2628
1404
1442
1447
1430
1459
1433
14875
1481
1436
1475
1451
1478
1456
1466
2743
1418
2665
1507
2608
1471
1438
1438
1434
1596
1506
1415
1478
1558
1423
1421
1454
2625
1460
2592
1456
6396
1474
19988
1586
1529
1451
1544
1385
1705
1414
1494
1389
1532
1514
1473
2655
1542
2828
1443
2686
1395
1426
1470
1396
1440
1473
1379
1468
1419
1488
1509
1444
1692
16406
2949
1440
2576
1418
3445
1526
1497
1452
1465
1508
1463
1378
1515
1430
1479
1481
1417
2730
1469
2581
1424
2629
1530
1442
1519
1455
1415
1415
1412
10909
1441
1484
1467
1503
1506
1426
2632
1417
2633
1502
2594
1463
1488
1435
1560
1465
1478
1509
1516
1447
1488
1516
1465
2531
1457
2775
1480
3373
1462
2522
12599
1548
1400
1456
1435
1404
1510
1492
1532
1402
1420
1498
2606
1507
2766
1482
2759
1441
1383
1431
1455
1433
1407
1426
1429
1591
1438
1455
1522
2596
1435
4048
1506
2713
1447
2683
1461
1451
1444
1461
1473
1484
1446
1501
1462
1434
1421
1404
2598
1440
10991
1612
2648
1432
1494
1557
1448
1415
1423
1410
1412
1407
18483
1460
1419
1458
1501
2686
1385
2757
1443
2635
1449
1554
1472
1492
1417
1485
1548
1488
1424
1469
1531
1502
2589
1470
2644
1509
2730
1406
1474
2646
12362
1468
1457
1407
1434
1399
1438
1497
1542
2612
1543
3476
1682
2643
1511
2792
1435
1476
1502
1444
1405
1428
1412
1449
1489
1546
1462
1391
2627
1417
2578
2462
2962
1548
1541
1388
1576
1441
1434
1401
1581
1435
1545
1567
1543
1458
1426
2655
1508
5443
1409
2755
1471
1468
1438
1506
1455
1567
1426
1608
1415
1418
2597
1358
3581
1448
2625
1543
2623
1521
2562
1404
1457
1487
1451
1565
1425
1505
1436
1464
1484
1448
1504
2632
1415
2695
1421
2727
1435
1573
1452
1443
23216
1510
1411
1461
1486
1487
1422
1495
2657
1415
2770
1632
2773
1450
2636
1431
1491
1606
1466
1502
1450
1414
1437
1416
1446
1438
1415
2604
1469
2524
1448
4558
1431
1467
1452
1433
1462
1427
1514
1487
1499
1355
1519
1511
1444
1410
2796
1566
3098
1427
3577
1447
1467
1404
1425
1503
1642
1553
1468
1388
1486
3160
1494
2582
1483
2549
1476
2670
1405
2600
1438
1507
1450
1525
1675
1449
1429
1485
1465
1557
1412
1627
2880
1476
2645
1429
2782
1495
1461
1731
1443
1456
63810
1889
1544
1397
1498
1461
1476
1666
1503
2776
1452
4222
1445
2633
1431
1476
1403
1520
1504
1462
1461
1409
1458
1466
1464
1448
2577
1413
2546
1436
19641
1594
1479
1515
1478
1474
1434
1521
1365
1453
1415
1492
1460
1424
1448
3084
1499
2556
1423
2697
1494
1525
1463
1478
1445
1553
1479
1409
1636
1415
1459
15616
2892
1456
3453
1392
2652
1531
2511
1462
1535
1527
1431
1452
1415
1383
1412
1477
2092
1527
1537
2627
1456
2687
1475
2796
1412
1541
1424
1428
1442
11118
1447
1426
1483
1460
1527
1521
5130
1419
2890
1398
2781
1479
2608
1451
1423
1484
1450
1409
1395
1486
1443
1424
1523
1426
1422
3538
1492
2677
1467
2572
2482
1421
1467
1423
1474
1473
1471
1396
1498
1501
1423
1460
1479
1475
2698
1473
2565
1439
2600
1611
1407
1384
1490
1467
1446
1428
1418
1431
1381
1558
1421
3495
1471
2744
1400
4748
1428
1436
1409
1461
1460
1488
1451
1495
1411
1425
1480
1439
1411
1433
2750
1438
2625
1482
2617
1721
1493
1472
1452
1440
1452
1513
18285
1579
1523
1468
1438
2687
1444
2694
1442
2616
1561
2664
1440
1433
1434
1501
1447
1416
1432
1478
1461
1427
1422
1458
2698
1442
2758
1584
2745
1510
2694
1562
1432
1375
1411
1495
1596
1398
1424
1414
1469
1430
1430
2607
1508
2654
1465
2674
1538
1602
1478
1480
1424
1451
1412
1507
1396
1468
1433
1422
2783
21303
2983
1483
2719
1431
1520
1431
1453
1540
1435
1438
1417
1408
1417
1428
1429
1449
1413
2597
1480
2797
1488
2605
1495
1479
1448
1427
1445
1538
1545
2326
1439
1443
1439
1605
2603
1470
2560
1464
2619
1444
2572
1468
1445
1410
1455
1391
1416
1367
1458
1383
1442
1375
1449
2541
1504
2573
1443
3379
1418
1479
15839
1604
1475
1550
1457
1423
1423
1479
1507
1376
1415
1495
2709
1457
2609
1449
2574
1483
1434
1502
1473
1431
1470
1375
1528
1483
1474
1412
1414
2653
1483
16806
1561
2747
1456
1422
1521
1380
1446
1504
1461
1461
1351
1420
1396
1440
1485
1419
2593
1421
3491
1479
2631
1514
1466
1481
1422
1448
1477
1429
1498
1458
2318
1492
1490
2718
1399
2536
1402
2814
1457
2586
1441
1407
1432
1471
1482
1452
1455
1464
1455
1623
1398
1523
2646
1459
4853
1425
2571
1466
1471
1430
13150
1456
2085
1453
1427
1449
1398
1456
1361
1464
1400
3501
1472
2745
1485
2628
1460
1683
1446
1462
1401
1509
1503
1445
1446
1480
1439
1388
2568
3160
2825
14432
2970
1548
1426
1422
1441
1437
1440
1549
1489
1468
1443
1385
1442
1502
1514
2657
1494
2580
1423
2637
1415
1559
1445
1485
1610
1460
1499
1494
1406
1521
20299
1475
3584
1433
2730
1469
2598
1411
1406
1484
1488
1491
1485
1475
1493
1520
1471
1426
1501
1450
1466
2657
1480
2611
1488
2659
1471
1481
1448
1479
2263
1443
1448
1511
1438
1457
1442
1499
2689
1467
2638
1445
2570
1406
2672
1469
1513
1439
1447
1521
1540
1413
1437
1456
1395
1427
1446
2663
1458
2638
1514
21835
1692
1480
1417
1453
1456
1495
1376
1498
1414
1475
1436
1435
1442
1468
2677
1430
2720
1399
2728
1583
1455
1509
1463
1422
1476
1439
1476
1461
1487
1445
2384
2798
1423
2583
1423
2655
1504
1494
1442
1519
1449
1419
1388
1574
1479
1596
1435
1454
1422
1483
2651
1516
2880
1467
2678
1433
1413
1449
1439
1549
17781
1556
1455
1445
1456
11713
6351
3121
1455
2644
1394
2587
1424
3635
1465
1460
1403
1561
1461
1439
1432
1458
1495
1388
1425
1498
2800
1424
2710
1403
2588
4190
1435
1450
1445
1446
1469
1433
1451
1440
1497
1501
1536
1494
1454
7603
1410
3083
1438
2738
1424
1401
1492
1454
1454
1496
1402
1436
1530
1491
1400
1464
36407
1535
3091
1409
4044
1410
1421
1392
1412
1660
1405
1452
1469
1428
1410
1431
1394
1396
1394
2983
1419
3280
1454
2641
1346
1630
1441
1552
1437
1420
16233
1446
1359
1407
1387
1427
3096
1455
2681
1395
2652
1474
7170
1418
1459
1394
1383
1389
1674
1688
1374
1462
1446
1418
1373
2610
1415
3723
1426
2808
1411
17671
1452
1438
1500
1450
1514
1390
1448
1503
1499
1550
2815
1430
3260
1433
2608
1371
3247
1450
1411
1439
1443
1403
1474
1404
1442
1495
1522
1490
1447
2685
16933
2847
1461
2772
1401
1389
1433
1496
1362
1429
1437
1470
1434
1458
1460
1497
3696
1449
2800
1345
2495
1423
2626
1397
1429
1534
1442
1424
1440
1411
1658
3480
1571
1437
1488
2564
1413
2545
1475
2597
1494
1434
1381
1426
1460
1436
1400
1479
1430
1389
1491
1482
1446
1492
2638
1589
2598
1383
2553
1432
1455
15393
1498
1401
1406
1397
1404
1372
1442
1490
1471
2566
1437
2698
1391
2643
1424
2571
1440
1447
1496
1432
1390
1435
1512
1359
1411
1475
1406
1442
2662
1429
4110
1434
2701
1477
1429
1528
1400
1516
1421
1450
1484
1472
1397
1402
1473
1429
1458
2553
1402
2633
1409
2636
1436
1449
1508
1414
1416
1388
1438
1447
1456
19671
1458
1452
2764
1435
2601
1398
2699
1455
1476
1813
1380
1690
1562
1405
1415
1425
1379
1394
1522
1393
1393
2563
1404
2655
1513
3334
1406
1392
1399
13049
1467
1393
1412
1409
1395
1459
1474
1441
2563
1434
2737
1425
2739
1431
2967
1470
1425
1444
1435
1453
1476
1345
1422
1410
1444
1386
1423
2718
1461
6823
15993
2900
1396
1485
1359
1475
1491
1408
1392
1431
1374
1507
1398
1429
2584
1512
2673
1433
3421
1407
2655
1410
1353
1394
1410
1447
1421
1491
1379
1428
1460
14528
1576
2624
1457
2607
1386
2676
1399
1424
1395
1383
1354
1456
1371
1442
1379
1390
1499
1464
1415
1412
2725
1516
2650
1435
2986
1427
1518
1497
1431
11657
1459
1450
1468
1441
1391
1463
1426
2513
1477
3446
1433
2588
1414
1470
1367
1523
1486
1483
1471
1499
1427
1457
1401
1428
1417
1753
2694
1381
2692
1414
15780
1566
1436
1408
1408
1360
1505
1411
1388
1451
1453
1408
1480
2584
1459
2610
1393
2502
1512
2559
1477
1427
1571
1461
1467
1382
1393
1393
1437
1461
1411
3423
3617
1504
2778
1408
3015
1537
1428
1403
1389
1400
1458
1392
1411
1387
1444
1437
1384
2699
1414
2631
1430
2551
1474
2550
1433
1370
1432
1506
1390
16420
1475
1422
1458
1407
1437
1383
2654
1477
2477
1517
2648
1449
1467
1434
1427
1439
1385
1469
1449
1489
1428
1429
1440
1423
1437
2664
1487
2744
2143
2714
13302
1495
1426
1421
1431
1395
1392
1426
1444
1427
1442
1392
2605
1498
2791
1439
2643
1471
1411
1342
1496
1439
1414
1457
1443
1457
1400
1476
1410
1491
1487
3406
1516
2805
1420
2617
1440
1501
1545
1446
1384
1439
1456
1407
1537
1376
1518
1393
2533
1399
4995
1469
2669
1512
2754
1533
1389
1482
1440
1465
1422
1389
2157
1436
1417
1420
1482
2687
1609
2856
1500
2619
1512
1436
1413
1422
1407
1460
1432
1477
1405
1490
1441
1413
1389
1561
2532
1466
2702
1480
2624
1434
17794
1488
1374
1570
1485
1378
1446
1447
1406
1469
1401
2712
1425
2859
1465
2665
1425
5011
1427
1454
1409
1484
1456
1472
1510
1491
1435
1435
1410
1387
2514
2470
2709
1439
3498
1459
1435
1454
1419
1520
1500
1557
1495
1393
1367
1425
1431
1585
1465
2578
1490
2540
1508
2626
1437
1532
1412
1426
1383
1430
1463
14607
1529
1441
1456
1493
2626
1336
2567
1417
2571
1429
1448
1526
1380
1438
1566
1535
1498
1443
1425
1457
1409
1347
1499
2577
1530
3343
1513
2603
1523
1526
14120
1521
1524
1471
1420
1401
1481
1478
1408
1394
2629
1416
2519
1372
2951
1447
2447
1348
1411
1433
1403
1389
1502
1374
1471
1429
1344
1474
1415
2645
1460
15963
1530
2840
1425
1450
1464
1430
1390
1469
1458
1555
1461
1516
1411
1492
2787
1422
3466
1419
2629
1428
2607
1449
1422
1525
1402
1466
1405
1410
1439
12578
1530
1405
1430
2622
1396
2553
1408
2650
1421
1459
1389
1450
1500
1407
1554
1461
1423
1431
1407
1469
2637
1436
2572
1409
2581
1426
2537
1414
1395
1429
15105
1512
1493
1436
1407
1492
1410
1455
1414
6011
1446
2659
1417
2599
1532
1460
1387
1447
1597
1432
1370
1424
1411
1495
1409
1447
2503
1420
2609
1479
12313
1484
2723
1443
1425
1426
1433
1436
1395
1428
1466
1421
1455
1483
1403
2658
1426
2619
1400
2782
1402
1488
1399
1521
1398
1410
1442
1524
1419
1444
1385
12278
1483
1485
2607
1424
2631
1400
4885
1422
1361
1473
1383
1436
1419
1527
1430
1452
1395
1404
1376
2646
1423
2567
1359
2655
1564
1515
1378
1420
1387
1432
12130
1443
1407
1444
1372
1413
1415
1397
2575
1419
2648
1381
2636
1409
1409
1449
1450
1398
1405
1378
1503
1420
1453
1453
1444
2655
1412
2878
1398
2663
1438
3442
1356
1459
1481
1406
1433
1439
1469
1372
1437
1449
1453
1449
2636
1452
2575
1452
2593
1385
1571
1384
1427
1445
1453
1476
1399
1403
1511
1541
1603
2459
1383
2675
1448
2590
1431
2554
1444
1508
1424
1441
1418
1470
1500
1431
1413
1419
1364
1338
2762
1465
2694
1632
2728
1454
2585
1423
1433
1414
1428
1429
20980
1504
1508
1401
1428
1387
1447
2610
1361
3487
1423
2590
1384
1352
1379
1425
1397
1459
1372
1480
1427
1404
1395
1386
2601
1443
2589
1415
2682
1501
2547
2637
1501
1452
1426
1407
1398
1395
1441
1435
1471
1434
1406
2633
1446
2537
1597
2614
1393
1450
1495
1367
1482
1363
1520
1503
1599
1468
1444
1462
1536
15948
3772
1450
2629
1442
2634
1457
1445
1403
1436
1398
1436
1492
1445
1477
1549
1483
1462
2523
1413
2586
1428
2545
1477
2845
1488
1514
1526
1475
1449
1453
2969
1467
1361
1490
1439
1432
2690
1442
2755
1428
2701
1617
1440
1616
1451
1515
1401
1448
1497
1371
1591
1406
1451
3377
1459
5059
1434
2612
1408
2554
15392
1538
1444
1388
1431
1448
1415
1494
1398
1352
1406
1560
2648
1567
2763
1408
2618
1419
1490
1347
1408
1520
1449
1448
1492
1370
1390
1383
1421
1813
1448
15344
1498
3013
1409
2734
1417
1418
1395
1479
1497
1455
1474
1437
1386
1494
1448
1426
2548
1439
2742
1457
2694
1429
1415
1437
1436
1397
1488
1421
1518
1366
13952
1438
1406
1421
1391
2611
1481
2825
1420
2565
1455
1419
1387
1427
1446
1496
1405
1488
1441
1472
1447
1422
2589
1398
2758
1469
2709
1461
2580
1463
1527
16357
1484
1399
1461
1422
1429
1462
1397
1503
1433
2618
1397
2597
1416
2593
1447
1446
1418
1449
1404
1479
1390
1389
1399
1443
1465
1471
1434
1482
2680
10268
2889
1405
3434
1474
1416
1477
1418
1369
1464
1387
1535
1504
1543
1384
1416
2644
1476
2528
1508
2554
1399
1444
1370
1345
1516
1404
1439
1394
1440
1399
14772
1474
1416
1396
2504
1534
21544
1524
2841
1398
1378
1487
1406
1403
1359
1441
1413
1461
1341
1456
1372
2532
1427
2649
1451
75455
1624
1442
1533
1466
16052
1472
1443
1433
1448
1427
1458
1552
1459
1382
2600
1408
2709
1461
2690
1408
1482
1412
1454
1504
1436
1451
1475
1496
1421
1440
1480
2554
1455
2620
1445
14196
1575
1446
1523
1365
1380
1316
1502
1380
1453
1484
1398
1433
1439
1446
5033
1418
3399
1515
2524
1444
1446
1346
1444
1445
1414
1423
1463
1436
1445
1381
2304
2590
1502
2624
1364
2674
1347
2525
1412
1593
1467
1502
1444
1460
1408
1423
1518
1464
1479
1379
2841
1381
2778
1493
2575
1449
1489
1479
1416
1548
15185
1492
1410
1418
1353
1399
1523
1439
1420
3311
1374
2552
1468
5086
1414
1406
1439
1458
3507
1430
1495
1493
1441
1439
1475
1433
2701
1407
2642
1456
2624
13777
1476
1437
1386
1388
1423
1496
1467
1397
1458
1412
1437
1454
1484
2628
1427
2573
1416
2612
1407
1456
1427
1404
1450
1476
1378
1489
1390
1542
1379
1449
4197
1430
2628
1403
2608
1451
1430
1424
1454
1403
1426
1392
1499
1570
1470
1457
1406
1410
1542
2686
1474
2638
1410
2589
1386
1561
1417
1396
1438
1464
14841
1430
1403
1401
1422
1435
2543
1415
2641
1495
2666
1493
2512
1427
1423
1389
1427
1412
1399
1406
1465
1340
1442
1413
1383
2511
1477
2645
1457
2600
1356
2421
1402
1436
1400
1446
1353
1466
1475
1479
1401
1424
1377
1382
2758
1340
2680
1416
2616
1397
1429
1498
1399
1486
1467
1425
1433
1508
1435
1407
1349
2574
16987
2830
1396
2636
1437
1428
1391
1455
1447
1452
1901
1367
1502
1517
1551
1464
1441
1475
2594
1463
2607
1471
2503
1482
1503
1426
1463
1401
1430
1558
14100
1461
1545
1343
1457
6000
1462
2742
1464
2703
1353
3427
1417
1404
1420
1514
1464
1436
1451
1474
1439
1461
1443
1507
2705
1414
2979
1468
2683
1385
1433
15176
1581
1408
1471
1463
1510
1442
1444
1427
1463
1452
1466
2590
1409
2574
1401
2695
1398
1503
1418
1437
1430
1489
1436
1418
1392
1384
1408
1471
2574
12039
2975
1405
5924
1484
1466
1406
1411
1418
1396
1502
1402
1505
1405
1475
1440
1475
1341
2841
1461
2621
1365
2612
1400
1439
1365
1464
1306
1417
1398
1398
11654
1516
1408
1526
2632
1425
2750
1441
2628
1448
2747
1453
1427
1395
1456
1454
1497
1480
1418
1414
1418
1397
1398
2522
1424
3468
1407
2724
1409
1523
1524
2316
1432
1518
1415
1414
1473
1423
1407
1396
1474
1386
2598
1440
2574
1452
2673
1413
1423
1418
1503
1418
1450
1410
1474
1418
1417
1385
1439
2612
1477
13367
1454
2806
1441
1388
1538
1431
1460
1445
1455
1409
1396
1526
1468
1445
1386
1493
3634
1428
2731
1385
2662
1481
1443
1396
1419
1414
1443
1436
1445
1372
13017
1628
1385
2557
1413
2688
1418
2597
1428
1468
1377
1473
1421
1489
1426
1410
1441
1532
1525
1452
1454
1461
2610
1453
2567
1480
2689
1438
1389
1524
9645
1534
1425
1550
1473
1448
1442
1416
1390
3309
1383
2743
1437
2573
1385
2584
1491
1445
1403
1491
1476
1463
1500
1367
1424
1469
1413
1468
2565
1403
2598
11900
2865
1475
1422
1526
1391
1430
1515
1539
1393
1384
1484
1440
1436
1453
1394
2687
1369
2661
1421
2533
1383
1450
1383
1467
1441
1457
1440
1407
1410
1437
14460
1478
2611
1390
2742
1499
2652
1378
1461
1427
1502
1391
1405
1453
1471
1434
1419
1438
1345
1399
1434
4977
1378
2585
1541
3395
1445
1409
1497
1442
10762
1510
1409
1464
1423
1448
1448
1441
2659
1345
2590
1414
2615
1453
2556
1347
1412
1449
1545
1431
1441
1463
1451
1461
1521
1426
1456
2597
1453
2599
1507
3438
1500
1368
364164
2090
1445
1634
1511
1530
1463
1430
1479
1443
1460
1401
2796
1459
3729
1442
4784
1487
1459
1374
1455
1453
1439
1437
1432
1391
1441
24106
1514
2639
1438
2682
1441
2592
1393
1500
1428
1454
1407
1468
1382
1467
1327
1515
1413
1530
1480
1457
2703
1466
2590
1438
2653
1495
1443
1420
1462
1455
2558
1436
1421
1384
1435
1483
1411
2517
1410
3515
1504
2764
1459
2600
1462
1475
1444
1447
1448
1430
1437
1528
1464
1481
1468
1434
2644
1395
2599
1362
14796
1438
1492
1458
1442
1472
1487
1428
1398
1387
1406
1493
1406
1439
1459
2689
1432
2584
1455
2649
1371
1441
1462
1417
1480
1468
1480
1445
1454
1433
1430
13712
3601
1451
2756
1485
2596
1436
1416
1417
1408
1447
1397
1412
1430
1418
1435
1400
1413
1429
1415
2649
1406
2541
1448
2562
1370
1455
1440
1430
1438
1423
2525
1477
1384
1383
1426
1402
2657
1411
2591
1491
2797
1483
1426
1419
1602
1527
1408
1478
1442
1432
1442
1490
1439
1473
1471
2678
1569
2915
1586
2491
17565
1575
1428
1466
1465
1443
1442
1951
1387
1424
1397
1443
5195
1473
2803
1461
2959
1440
2705
1473
1441
1442
1439
1533
1389
1441
1443
1377
1495
1468
1441
18049
1548
2874
1501
2707
1471
1431
1416
1525
1473
1413
1446
1428
1463
1495
1502
1453
1476
1493
2695
1443
2686
1421
2616
1463
1480
1418
1407
1484
1454
2144
1454
1404
1491
1412
1501
2501
1467
2570
1510
5030
1372
1434
1467
1486
1436
1408
1457
1416
1451
1438
1437
1443
1461
1421
2583
1441
2602
1417
2580
1421
2279
1411
1450
1451
1412
1403
1500
1411
1434
1416
1448
1449
1395
2641
1452
2615
1623
2637
1524
1459
1430
1583
1491
1427
1419
1465
1464
1371
1369
1506
2591
22399
2958
1406
3428
1451
1588
1489
1449
1457
1434
1427
1471
1428
1443
1401
1499
1427
1449
2722
1459
2614
1516
2556
1426
1488
1470
1392
1432
1463
1435
12908
1505
1498
1462
1412
2505
1447
2660
1427
2612
1524
1464
1451
1494
1417
1395
1520
1565
1524
1555
1458
1476
1434
1461
2907
1456
3881
1419
2599
1468
1433
2695
1627
1488
1605
1523
1451
1468
1437
1430
1544
1490
1461
2577
1539
2521
1469
2597
1442
1464
1445
1458
1451
1423
1480
1559
1454
1439
1507
1419
2701
20149
3117
1416
2837
1451
1455
1552
1555
1677
1423
1452
1426
1451
1408
1405
1537
1418
1395
3443
1469
2550
1430
2497
1518
1408
1444
1468
1474
1416
1438
1411
16056
1477
1439
1446
2725
1439
2758
1478
2650
1428
1404
1447
1450
1387
1500
1400
1441
1321
17451
6563
1123
2646
950
2156
905
2503
768
1910
777
764
789
754
733
763
774
883
762
740
761
778
2922
729
2085
839
1966
761
803
749
773
719
792
726
785
725
729
796
787
739
700
1934
767
4525
715
1924
841
777
933
779
775
774
717
765
800
698
741
736
2098
734
1818
771
1894
772
2147
751
716
753
732
757
785
798
780
798
728
730
791
2210
713
1936
756
1933
718
736
758
747
732
701
715
717
725
746
924
787
818
796
1865
830
1962
735
2010
729
736
753
713
794
743
732
760
707
738
717
743
2043
805
1892
773
1928
728
1780
802
733
707
755
915
860
740
785
714
736
786
729
2230
807
1909
753
1856
698
767
753
735
747
798
778
750
734
756
718
775
759
712
1852
750
1932
770
2699
749
734
732
735
764
745
774
747
755
752
817
748
2095
719
1847
730
2095
720
803
673
772
846
750
723
841
736
777
722
808
736
766
1948
732
1850
742
1818
753
723
753
798
730
751
811
835
838
739
829
749
820
722
1946
740
2756
861
1937
719
819
708
762
727
723
706
751
731
760
800
719
2394
744
2039
804
1980
734
746
783
852
730
735
725
751
739
779
748
859
735
730
2059
726
2001
810
1902
811
813
762
730
720
788
739
791
671
769
783
753
1930
746
2753
710
1837
735
1799
719
778
729
724
754
738
753
749
764
960
823
740
4612
706
1858
773
1926
711
766
728
752
787
737
802
810
736
759
810
892
835
802
1989
758
2203
777
1930
734
849
730
806
731
716
721
805
751
756
725
755
2355
770
2134
809
1870
823
1882
712
768
1013
854
809
821
744
868
757
706
729
731
1887
800
4721
692
2183
775
785
821
736
778
1118
747
754
729
766
759
763
842
831
2020
840
1984
731
2307
715
746
698
728
741
742
2130
797
2911
807
721
733
776
792
717
779
726
706
718
760
793
750
817
2125
717
2190
708
2014
783
815
735
755
743
739
776
752
694
709
698
779
2097
767
1861
730
2383
746
1814
752
739
723
741
708
793
768
724
703
727
715
755
2352
771
3022
973
1976
746
766
983
782
766
775
742
784
818
752
749
997
746
733
1947
765
2083
757
1968
813
787
747
932
754
729
744
766
748
762
727
726
5307
769
1985
742
2054
804
1937
760
827
764
843
805
746
727
707
821
738
790
745
2872
768
1977
743
1888
743
772
704
751
743
856
725
814
736
748
718
792
742
721
2195
825
2056
731
1885
773
758
747
755
766
737
748
770
742
760
745
697
2070
738
1973
719
4873
701
753
747
725
696
728
750
823
722
790
746
773
697
706
1921
720
1960
758
1971
705
752
743
775
742
705
712
747
783
812
727
717
763
735
1877
731
1999
699
2264
722
992
744
772
723
740
745
748
719
733
710
805
2063
719
1874
725
1897
731
704
715
810
763
790
757
750
756
736
761
751
739
730
2447
746
2057
759
1954
717
810
851
817
799
775
733
747
721
733
784
758
1959
784
1912
719
1921
747
756
752
748
727
763
726
731
741
713
745
705
717
743
1931
784
1897
749
1842
768
730
776
743
737
749
742
764
756
776
762
754
2064
801
1833
777
1929
739
1861
778
709
710
765
806
713
786
739
791
746
751
753
1953
795
1913
729
2567
756
811
755
715
725
750
759
773
751
698
708
731
822
772
1831
729
1846
788
2008
738
736
774
738
727
731
736
803
865
736
763
733
2077
728
2002
712
2035
741
1867
697
824
722
864
836
711
767
734
762
712
773
782
2113
723
2574
758
1878
739
741
714
747
749
729
712
716
723
795
730
737
772
806
1845
753
1886
767
2030
744
762
767
754
733
733
744
737
727
770
744
794
2107
773
4296
752
1814
715
1762
821
897
780
760
695
735
730
726
724
762
792
741
2712
754
1972
726
1828
767
842
720
858
746
727
709
737
778
757
703
759
766
818
1978
717
2111
756
1869
706
713
787
739
727
757
707
746
728
714
724
759
2125
739
1993
727
1849
767
809
764
786
734
1011
696
741
788
746
685
734
790
763
2101
747
1900
731
1929
792
745
835
728
757
743
713
753
712
775
734
731
770
802
1833
723
1992
741
1868
745
807
713
812
733
747
687
757
761
764
736
816
2033
787
1866
745
1889
723
755
737
813
812
756
768
715
802
801
717
733
723
725
1902
755
2040
739
2033
757
745
725
745
789
780
741
759
718
746
752
745
1941
722
2016
748
1936
753
2729
755
742
695
690
754
748
733
704
752
780
780
696
2000
764
1863
756
1842
733
842
752
774
781
741
742
792
781
763
774
796
805
718
1826
731
1844
731
1859
707
781
753
717
731
764
773
707
765
752
779
750
2046
738
1949
714
2599
817
1790
829
841
801
831
767
760
735
801
740
743
702
744
1985
715
1878
779
1847
742
766
744
769
790
739
711
741
738
743
721
743
783
741
1939
851
1930
758
1859
717
751
726
710
778
713
744
734
762
762
758
847
2132
712
2683
744
1869
735
767
738
745
737
790
795
815
749
741
727
738
828
811
1867
733
1970
710
2042
774
941
717
732
775
728
827
754
717
742
755
737
2262
737
1967
739
4482
745
1956
817
754
731
755
846
766
740
761
708
691
763
693
2820
716
1882
800
1855
723
753
761
752
706
752
741
725
747
773
727
757
743
759
2075
728
1918
774
1825
692
753
711
743
727
773
694
732
757
754
835
719
2038
742
1894
738
1956
830
1955
687
778
726
747
707
732
680
741
703
722
756
772
2077
748
1998
730
1950
705
765
736
728
786
729
907
785
765
747
766
750
809
719
1825
728
1835
754
1885
845
846
767
792
793
845
718
758
693
768
755
762
2084
763
2109
704
2032
702
2172
749
741
730
741
722
764
719
771
722
742
692
719
2383
774
1976
762
1989
843
876
695
746
693
810
703
788
754
758
703
711
776
724
1866
739
1966
771
2595
818
807
750
737
731
714
830
785
799
711
811
745
2086
745
1880
705
1992
773
1813
823
751
756
737
750
849
745
766
716
764
743
744
2338
701
2040
725
1936
2938
745
696
798
695
749
769
751
727
748
732
805
2025
724
1960
769
2724
748
1890
754
740
704
796
736
733
726
731
736
754
771
730
2086
690
1953
795
2032
842
749
756
721
760
758
715
771
796
766
757
719
749
765
4065
793
1913
794
1946
705
774
685
714
728
728
683
746
715
743
786
722
2834
756
2012
718
1905
763
1765
742
781
743
768
701
767
730
754
709
743
730
737
1991
719
1932
732
1859
816
776
724
764
727
791
770
772
728
778
725
747
715
741
1955
843
4268
739
1915
707
822
719
742
785
780
710
732
772
749
717
712
2021
731
1904
716
2017
698
1835
710
735
738
728
727
756
752
758
719
765
721
753
1998
726
1918
715
1920
770
793
714
772
747
767
700
769
745
736
710
860
805
735
1953
826
2003
678
2001
726
811
738
750
695
768
718
722
701
796
744
778
2081
745
1911
761
1835
725
1811
717
729
735
741
731
760
728
734
728
767
717
740
1878
704
1987
734
2650
708
794
722
766
722
730
713
740
723
820
681
752
876
700
1968
704
1962
730
1867
761
729
850
723
747
779
717
720
726
698
724
781
2124
720
1993
762
1840
675
702
720
758
684
777
739
712
736
698
784
782
808
725
1915
740
2666
703
2003
805
790
723
881
757
786
709
815
769
887
750
714
2008
776
2151
697
2023
752
2025
715
887
695
801
748
678
729
834
717
714
726
807
2067
723
1872
707
1929
844
718
726
736
780
785
701
732
708
712
704
743
971
690
2754
664
1854
655
1926
1064
761
715
820
914
807
748
749
677
803
983
760
2132
736
1932
759
2001
746
1939
679
736
741
773
716
740
722
705
732
671
766
701
4203
694
1997
714
1860
730
816
729
765
725
759
722
754
748
749
740
726
842
746
1896
755
1936
752
1912
799
750
746
724
802
735
756
720
746
767
761
757
2156
739
1903
715
1992
730
803
737
737
731
723
767
688
714
740
691
752
854
755
1877
713
1936
742
4035
752
738
765
746
740
727
831
792
732
743
755
727
2011
721
1975
827
2015
735
2068
753
881
762
746
689
798
731
914
780
781
764
808
2290
700
1871
726
1981
677
725
710
690
683
725
707
712
733
722
707
795
740
726
1797
701
2030
708
1797
762
763
714
798
798
772
714
724
715
807
723
729
2197
705
2003
731
1947
759
1897
707
751
709
729
737
757
709
723
725
706
745
766
2042
730
1940
736
2730
714
678
737
735
738
716
672
728
721
698
689
714
783
709
1889
705
1826
777
1951
711
736
746
732
723
756
702
734
667
701
692
738
2016
731
1842
676
1947
732
2042
734
734
712
788
702
727
710
762
775
700
728
712
1995
679
2527
815
2025
711
729
778
738
750
729
775
720
787
776
705
761
730
731
1844
742
1876
743
2117
711
751
726
762
694
856
737
728
685
741
702
763
2159
713
1819
744
2090
742
1836
762
722
759
743
748
794
758
751
713
746
732
759
2610
727
1909
760
1930
732
764
691
761
710
717
716
749
725
776
722
731
831
720
1957
792
1953
695
1854
771
767
699
718
713
732
712
697
724
848
739
757
2109
788
4367
705
1858
768
785
735
720
805
759
740
729
754
844
756
730
789
710
1976
718
2017
698
1922
734
761
727
757
702
766
720
772
704
707
761
747
2050
756
1898
781
1996
729
1873
689
775
774
765
779
701
795
746
716
738
754
742
2011
701
2022
803
1829
728
740
680
690
704
893
719
737
707
763
696
826
955
720
2122
765
1938
712
1928
760
766
723
794
718
915
735
733
747
769
726
742
2026
744
1956
751
1915
706
2589
751
721
714
767
690
787
772
729
733
713
753
694
2076
724
1876
740
1879
700
765
703
761
729
762
709
730
744
731
690
752
824
771
1868
713
1856
803
2145
710
782
727
759
768
778
716
731
717
757
749
730
2080
732
1957
692
2762
722
716
727
703
725
721
703
818
692
726
718
723
705
743
1888
720
1911
676
1852
718
742
720
716
724
709
716
800
720
705
736
766
926
679
2180
740
1928
764
1848
729
706
719
696
698
771
735
778
691
728
750
757
2093
719
2659
827
1902
706
771
725
880
742
815
719
725
724
737
870
742
818
913
2025
749
1870
736
1930
733
752
712
730
717
743
714
756
702
706
754
718
4424
696
1964
711
1870
791
1840
733
759
782
877
728
791
864
821
741
721
743
737
2785
812
1911
684
2081
690
755
711
794
716
764
724
778
752
749
749
709
771
838
1836
729
1988
701
1879
840
842
787
755
731
777
767
756
685
747
745
725
1976
735
1865
725
4228
733
1852
752
770
755
740
700
738
824
951
820
735
823
760
1877
747
1954
744
1967
698
862
731
762
727
756
711
744
736
714
733
779
1978
740
1921
702
1842
708
1879
739
715
729
739
692
773
753
797
720
784
775
719
2089
718
1976
732
1891
721
758
693
913
722
737
732
723
759
821
721
749
776
705
1927
777
1879
711
1967
736
746
728
770
701
725
726
738
731
743
785
725
2013
717
1908
718
1815
739
2502
762
797
718
769
696
839
734
782
848
788
782
734
1990
715
1986
690
1937
677
697
804
752
735
780
807
767
689
723
795
790
780
745
1986
725
1902
693
1936
689
741
739
806
719
732
723
787
749
765
792
740
1972
708
2688
749
1943
780
1862
775
774
740
728
682
748
766
737
729
761
751
741
2082
729
1885
727
1904
717
773
724
756
697
738
706
759
734
751
713
749
803
744
1932
760
1877
739
1841
804
763
679
741
709
818
699
784
710
741
725
731
2956
751
1837
715
1873
734
1857
741
746
708
739
790
822
695
726
734
706
747
802
1916
709
1877
847
1903
781
926
735
817
724
783
728
792
700
714
724
747
837
743
1927
768
1965
710
1858
712
752
706
742
803
760
774
787
727
679
758
721
2205
689
2120
737
1979
747
847
721
749
701
789
730
746
688
804
740
739
781
733
1920
813
2019
749
1886
729
720
720
744
739
748
716
768
727
761
756
742
1991
777
2102
782
5059
796
2230
746
703
752
730
703
809
752
782
774
813
842
759
2014
740
1912
763
1927
805
1726
727
768
777
808
689
730
729
754
737
731
759
765
1894
727
2099
775
2514
739
779
798
733
743
786
722
757
743
734
712
736
2045
783
1905
688
1840
737
1884
727
763
781
721
742
707
729
744
709
787
743
694
1927
740
1916
722
1916
773
783
726
816
697
699
704
715
700
736
725
737
794
722
1900
702
2568
727
1850
712
708
720
766
729
734
699
732
700
711
718
744
2097
731
1858
708
1883
688
760
724
767
685
695
726
738
704
766
704
788
715
788
1847
770
1876
703
1847
675
741
693
762
728
762
747
753
694
716
739
746
827
742
2569
724
1897
744
1926
736
737
709
730
720
786
714
742
727
712
779
775
2154
684
1939
730
1850
726
758
724
761
711
769
710
750
704
828
726
795
764
760
1996
716
1948
671
1890
702
838
710
810
710
743
707
762
709
771
762
689
2817
719
1825
805
1920
704
1823
767
710
699
723
706
738
688
732
752
737
702
817
2057
762
770
807
711
707
777
759
741
1932
748
1969
724
1990
744
1803
788
766
687
717
722
787
727
751
722
806
735
720
1977
711
1877
703
1984
770
792
716
721
734
792
704
722
754
742
702
765
688
711
1919
717
2117
800
1983
709
760
720
717
714
742
685
736
709
751
695
743
2114
738
1864
716
1836
743
1816
760
794
690
815
732
769
707
728
754
829
748
763
1963
711
1861
773
2740
750
827
820
710
770
749
742
745
737
737
763
764
770
722
1874
715
1850
718
1906
740
768
691
841
718
759
744
823
2533
744
794
803
1976
785
1862
798
1825
728
778
734
744
738
729
777
823
767
749
831
783
723
747
1925
710
2600
752
2013
739
779
734
774
725
791
730
729
736
782
757
753
1994
744
1911
835
1807
753
1819
835
726
737
742
754
739
750
788
792
717
745
737
1941
738
1932
733
1947
765
814
718
771
772
747
771
751
756
778
713
780
789
752
2603
798
4072
710
1893
726
746
777
749
732
757
756
768
711
795
730
728
2128
751
1854
750
1845
751
1950
792
732
732
765
761
758
744
758
730
762
731
757
1961
740
3034
760
1918
839
793
734
792
767
759
739
759
789
746
774
759
768
772
1824
776
1882
714
1867
745
781
733
823
721
740
761
780
737
802
784
827
2193
728
1910
717
1912
732
776
733
797
700
