16657
208862
27290
15764
29305
28884
13870
14632
15759
14710
14324
13938
14940
16339
27004
40252
13700
13863
16078
26506
15056
15265
26581
16917
15328
14258
16587
14352
13994
15510
13962
16300
15076
14852
15310
14550
28520
15031
14074
14279
14245
16065
14487
14173
13768
15043
15486
26022
15285
14396
14662
16850
14296
15873
20653
14964
16816
14308
13805
15294
13828
15230
14672
13451
13782
14633
15400
14465
13647
13756
14783
15679
13457
14535
13981
14256
15799
13827
15083
13521
13921
16776
15058
14434
15278
14126
15004
14707
13754
14132
14784
15399
14960
27367
14154
14394
15630
14025
15187
13945
13832
17319
14091
14967
13646
14095
15801
14000
21235
14690
13843
15327
28143
27327
15705
14105
15012
15080
26852
15413
14088
13502
13685
18237
29354
14521
32594
14447
14164
16935
14193
14180
10540
4811
6131
4589
4479
4317
4319
9371
4271
21117
4924
3735
3145
3286
2580190
5824
16315
3359
3296
4798
3327
15932
3095
3121
4808
3170
3161
3205
3143
4542
3080
3141
3003
3013
4470
4092
3124
2998
3099
4777
2964
3182
2956
3165
4640
3017
3206
3119
3040
4349
3141
3265
3115
3209
4701
2935
3067
3164
4351
4626
3066
5261
3014
3062
3198
3074
4399
3030
3119
3081
3033
4393
3023
16104
3016
3122
4463
3152
3115
16626
4508
4545
3076
2958
3091
3246
4456
2940
3093
2944
3065
8712
2914
3455
3038
3064
4590
2998
3060
3151
3018
4521
44063
7471
4520
3692
8858
3387
3244
3099
3136
8000
3078
3077
3228
3064
4825
3034
3148
3185
5111
6045
4345
3197
4573
3238
4539
3087
4646
3010
3066
2999
3240
4457
3153
3108
3114
3049
5164
3456
3173
3106
3020
4651
2988
3150
4498
3059
5326
3066
3076
2912
3077
4511
2986
3173
3089
3032
3067
4319
2979
3037
2986
3104
4397
3056
5935
5120
6249
4769
3386
3265
3160
3289
4528
2929
3165
3185
5781
5935
3421
3364
3302
3704
4722
3129
3054
5255
3812
5150
4882
4488
3105
3091
2992
3042
4563
3099
3055
2974
2989
4311
2890
3268
3013
2979
4362
2959
3207
3043
3068
4282
4187
3020
3023
3063
4359
3042
3130
2941
3992
4241
2980
3082
3051
3059
4312
2932
2985
2967
2914
4418
2930
2999
4045
3079
4343
3090
4351
3027
2909
2954
3100
4405
2931
3054
2894
2839
4510
3286
4187
3049
3256
4704
2915
3035
4332
3020
4247
3192
3028
3025
3046
5072
2959
2893
3058
3037
4134
3023
2926
3040
2938
5871
2841
2921
2988
5455
8605
3454
3298
3065
3029
4144
2894
17582
3159
2970
2936
2995
4204
2878
2961
3066
3122
4361
2946
2972
2936
2858
5418
3134
2968
2899
2916
4510
3114
3046
2924
2829
4131
2877
2912
2832
2971
4431
3128
3090
2862
3062
4151
2962
11379
3020
3119
5399
2822
2797
2837
2950
4261
3740
2888
2919
3984
4210
2757
4042
2788
2915
2815
2956
4176
2915
4085
2942
2871
5173
2825
2828
2892
2923
4532
2872
3087
2870
3026
4263
2882
2911
2974
3012
4155
2987
2968
2880
4070
5881
2875
3130
3011
3014
4284
2931
2975
2849
3054
4148
9876
3184
3889
3171
4647
3084
4115
3071
3034
3027
4709
4443
2957
3097
2922
2999
4370
2876
2941
2862
3015
4447
3039
2936
3024
3062
4871
2808
3014
2934
3081
4416
4161
2890
2843
2900
4661
2907
2872
2890
2810
4062
2826
2815
2810
2887
4182
2902
2893
2868
3039
4155
2909
4096
3971
2993
2894
2943
4233
2723
2814
2933
2933
4223
3173
2906
2878
2913
4217
2911
3799
3207
2878
4223
2724
2878
3970
2817
5775
2874
2910
2710
2870
4058
2731
2787
2706
2774
4251
2815
2725
2667
2791
4071
2898
2839
2674
2936
4959
2759
4013
2877
2790
2720
2786
4086
2810
2979
2786
2918
3917
2838
2747
2786
2996
4160
4137
2984
2903
2725
5151
2721
2890
2886
2717
4287
2760
5063
3499
2786
5968
2900
2891
2895
2927
4043
2822
2703
2913
2919
4175
2913
2743
4040
2848
4058
2786
4074
2922
2900
2644
2650
4168
2787
2668
2820
2792
3966
2798
2838
2922
2850
4238
2705
2910
3985
2864
3969
2785
2810
2640
2536
3856
2568
2570
2642
2559
3769
2511
2510
2681
2598
5184
12571
2522
3854
2637
3533
2754
2618
3981
2555
3719
2501
2532
2474
2465
3721
2527
2569
2602
2586
3717
2581
2549
2576
2520
3813
2533
3743
2532
2434
4455
14105
2474
2545
2441
3814
2514
2538
2514
2608
3787
2507
2481
2564
2606
3729
2588
2487
2349
3567
3687
2605
2495
2466
7890
3736
2354
2340
2407
2317
3439
2393
3733
2272
2407
2413
2266
3541
2352
2256
2370
3446
3494
2334
2358
2404
2469
4359
2529
2298
2352
2375
3717
2370
2350
2356
2364
3494
2321
2385
2356
2261
3595
3150
2375
2442
2368
3449
2538
2311
2346
2342
5062
2352
3486
2299
2286
2332
2502
4085
2398
2514
2295
2355
3629
3878
2495
2352
2367
3530
2338
2331
2265
2446
3612
2238
2342
2361
2275
3453
2243
2270
2304
2254
3527
2254
2401
27360
2444
3580
2326
2391
2242
2344
3548
2389
2409
2301
2448
3810
2252
2400
2249
2235
4870
2274
3535
2332
2449
9019
2376
3687
2410
2382
2293
2333
3601
2407
2293
2357
2338
3629
2274
2246
2332
2351
3834
2432
2379
2356
2354
4628
2354
2470
2312
2300
3660
2496
2462
2397
2397
3828
2349
2373
2422
2429
3662
2358
2293
2350
2549
3786
2336
4710
2406
2429
2393
2280
3414
2299
2299
2235
2256
3395
2234
2379
2194
2228
3529
2359
2314
2270
2230
3578
2248
3340
2233
2307
12794
3345
2386
2290
2541
3579
2238
2167
2344
2308
3396
2270
2183
2402
2303
3606
2315
2359
2331
3834
3637
2293
3448
2292
2359
2251
2272
3604
2492
2343
2198
2402
3692
2348
2304
2314
2288
3660
2131
2268
2273
3774
3558
2235
2252
2387
2344
3779
2305
2236
2371
2236
3735
2331
2307
2294
2257
3539
2214
2396
2374
2345
3434
3453
2396
2353
2277
3474
2362
3702
2313
2377
2301
2328
3714
2330
2358
2375
2267
3635
2301
2420
2237
2352
3653
3320
2305
2268
2266
3568
2231
2370
2235
2294
3472
2266
2408
2373
2340
3546
2271
2349
2202
2276
3733
2348
2438
3360
2264
3584
2345
2218
2205
2259
3587
3592
3891
2200
2221
2534
2196
3394
2249
2290
2188
2199
3410
2297
2360
3458
2361
3356
2320
2242
2453
2168
3372
2180
2224
2296
2371
3369
2244
2321
2243
2282
3906
2235
2350
2306
2248
4418
2239
2746
2480
2300
3751
2380
2301
2287
2266
4749
2280
3514
2318
2331
2304
2322
3754
2298
2273
2321
2350
4373
2437
15210
2303
2315
3476
2282
2309
2259
2218
3545
2316
2313
2396
2290
3527
2329
2270
2256
2262
3581
2184
3408
2318
2325
4527
2281
2366
2292
2400
3472
2290
2244
2332
2250
3524
2271
3355
2282
2320
2296
2484
3301
2505
3140
2318
2325
3793
2363
2347
2347
2276
3405
2310
2856
3728
2354
3588
2182
2377
2410
2385
3423
2255
2490
2279
2349
5424
2336
3498
2412
2201
3428
2336
2310
2258
2301
3450
2251
2406
2441
2325
3842
2192
3449
2286
2252
2294
2311
5261
2317
2293
2260
2274
3396
2307
2368
2253
2326
3679
2273
2201
2384
2316
3634
2282
2324
2281
2304
3434
2305
3169
2405
2255
3460
2326
2247
2283
2305
3408
2238
2301
2257
2295
3566
2294
2441
2294
2238
3388
2282
3596
2258
3218
2393
2331
3359
2288
2290
2282
2252
3493
2613
2345
2297
2234
3751
2274
2300
2210
2271
3476
2237
2291
2293
3182
3483
2467
2281
2199
2259
3524
2281
2304
2283
2444
3395
2272
2331
2819
2313
3511
2247
2344
2244
2314
3503
34336
3659
2383
2580
2247
2399
4095
2325
2271
2345
2432
3620
2416
2340
2386
2318
3471
2351
2313
2322
2342
3373
21092
2353
2257
2265
3417
2174
2253
2249
2253
3374
2260
2396
2235
2224
3482
2180
2271
2232
2253
3330
2262
2233
3256
2243
3404
2212
2274
2236
2197
3342
2287
3704
2330
2280
2266
2278
3875
2176
2202
2283
2291
4365
2285
2166
2992
2312
3588
2283
2220
2240
2322
3744
2218
2371
2186
2326
3529
2313
2338
2287
2344
3604
2227
2267
2289
2331
4587
2303
2350
3042
2306
3974
2268
2305
2286
2358
251063
2629
3855
2392
2290
2413
2292
3447
4202
2294
2322
2338
4620
2334
2421
2339
2260
3618
2266
2353
2300
2245
3560
2266
2311
2216
2315
3543
2284
2293
2300
2342
3372
2292
35035
2420
2316
3884
2378
2288
2322
2444
3519
2321
2265
2252
2360
3494
2312
3304
2294
2369
2361
2445
3352
2234
3329
2331
2298
3553
2229
2456
2346
2481
3389
2371
2304
2268
2299
3417
2230
2274
2312
2317
3549
2322
2336
2472
3347
3685
2295
2303
2379
2373
3431
2317
2293
2414
2333
3764
2258
2429
2277
2336
3540
3999
4343
2352
2231
2432
31455
3683
2272
2249
2259
2340
3522
2293
2253
2290
2272
3407
2242
2237
2318
2151
3335
2287
2396
2337
2491
3522
4215
2399
2346
2282
3781
2322
2410
2355
2403
3646
2856
2582
2313
2210
3595
2318
2386
2318
2363
4532
2440
3428
3485
2371
2320
2306
3596
2244
2314
2386
2540
3462
2320
2371
2380
2499
3797
2303
2379
2256
2427
3529
2394
3426
3701
2369
3787
2315
2335
2325
2148
3466
2291
2316
2272
2239
3665
2225
2267
2313
2290
3478
2198
2310
2320
2254
4992
2316
3517
2280
2274
2182
2304
3541
2220
2176
2331
2308
3528
2328
2364
2353
2306
3444
2326
2356
2257
2191
4460
2240
2278
2352
2367
3631
2258
2241
2286
2249
3516
2294
2276
2320
2312
3566
2329
2343
2277
2370
3446
2245
3514
2336
2264
4231
4750
2306
2273
2376
3674
2258
3646
2283
2312
2497
2333
3546
2353
2300
2281
2315
3789
2290
3229
2360
2261
4239
2310
2180
2288
2420
3678
2320
2276
2267
2232
3487
2234
2148
2298
2307
3594
2388
2251
2265
3403
3561
2267
2294
2328
2350
3437
2305
2207
2253
2363
3618
2222
3425
2251
2336
2279
2303
3550
2381
2350
2318
19579
3698
2396
2287
2318
2335
4451
2393
2302
2405
2348
3499
2212
2341
2257
2246
3520
2385
2281
2426
2301
3340
2297
3713
2205
2345
3532
2307
2267
2295
2357
3576
2398
2312
2270
2250
3546
2429
5064
2249
2334
2206
2436
3713
2967
2260
2274
2425
3822
2276
2311
3270
2385
4323
2306
2321
2290
2352
3513
2212
2381
2346
2318
3526
2273
2352
3118
2248
3628
2283
2328
2274
2350
3475
2351
2406
2265
2231
3549
2434
2271
2219
2402
3551
2340
3594
2339
2320
3117
2348
4832
2356
2395
2206
2450
3505
2330
2235
2233
2312
4179
2205
2320
2287
2247
3560
2322
2284
2221
2380
3685
3170
2299
2437
2351
3523
2297
2335
2313
2320
3533
2243
2219
2208
2272
3460
2389
2246
2580
2373
3497
2281
4383
2262
2341
2268
2267
3602
2229
2305
2269
2193
4865
2346
2246
2514
2422
4455
2314
2346
2318
2291
3516
2278
2437
3057
2276
3476
2234
2308
2245
2353
3460
2233
2222
22725
2303
3528
2358
2245
2252
2342
3397
2284
2274
2524
2336
4570
2312
3425
2330
2239
2333
2326
3574
2237
2373
2327
2358
3569
2232
2265
2247
2260
5742
2571
2264
2234
2292
8171
2356
2349
2289
2314
3590
2231
2211
2321
2334
3480
2305
2615
2312
2219
3527
2441
2305
2272
2292
3422
2417
3404
2516
2292
3705
2292
3382
2286
2194
2322
2378
3776
2288
2261
2326
2239
3484
2257
2484
2286
2233
4549
2421
3180
2358
2294
4690
2305
2354
2335
2307
3474
2335
2396
2309
2281
3440
2339
2268
2292
2277
3622
2397
2222
2194
3306
3418
2276
2424
2542
2253
3606
2257
3389
2321
2249
2304
2479
3596
19341
2429
2271
8731
3793
2004
2001
1976
3108
4035
2057
2061
1976
2080
3110
2011
2040
2306
2105
3407
2083
2070
2081
2110
3435
2075
2256
2177
9100
7200
21428
2163
2053
1975
3273
1934
1898
1987
1986
3169
1924
1924
2028
2062
3194
1972
3296
2030
1970
2004
1977
3313
3330
1964
1977
2031
3277
1912
1997
1928
2034
3367
1968
2115
1979
1940
3266
1977
1958
1933
2027
3199
1929
2071
4295
2059
4050
2014
2024
1981
2020
3157
2161
2179
1938
1979
3211
2048
2113
2038
1990
3244
2199
3429
2023
2061
1969
29082
3528
1950
2053
1982
2003
3357
2027
2025
2021
1972
3034
2024
2115
1892
2002
3300
1966
1879
1965
1949
3160
3515
2057
1966
1937
3190
1982
1949
1973
1912
3181
1910
1939
1943
2041
3101
1989
1997
2006
1921
3307
1904
3119
22161
2088
2044
2007
3275
1925
2080
1930
2158
3238
1906
1916
1871
1909
2970
1897
1917
1877
1910
3008
1922
1881
18025
1977
3928
1903
1908
1846
1869
3061
1851
1933
1780
1866
3113
1845
1876
1950
2030
3097
1903
1862
1887
1896
18399
1889
1895
1915
1825
2921
1885
2885
1858
1911
1924
1937
3065
1922
1869
1980
1895
3085
1860
1866
1941
1742
17671
2105
1819
1874
1832
3708
1825
1895
1779
1928
3033
1888
1873
1931
1849
3079
1863
1892
1800
2287
2996
1856
2765
1917
1913
2887
1906
1869
1974
1921
3074
1883
2998
1874
1846
1866
1842
3161
1937
1985
1867
1827
2977
1924
2664
1857
1900
3013
1895
1890
1844
1869
3713
1846
1918
1960
1925
3074
1892
1910
1928
1853
3033
1877
1882
1838
2693
3040
1883
1901
1859
1890
2955
1870
1841
1844
1842
2937
1877
2915
1897
1856
1925
1847
3033
1918
1943
1897
2744
2891
1853
1864
1862
1912
3093
1915
1912
1870
1886
3676
1896
1962
1861
1918
3058
1869
1883
1839
1912
2955
2644
1833
1939
1885
3021
1924
1892
1928
1880
2960
1884
1853
1892
1741
2890
1932
3109
1877
1977
1892
1874
3048
14143
1984
1969
1963
2950
1871
1901
1902
1966
2905
1898
1871
1856
1894
3681
1872
1975
1871
1911
3092
1833
1944
2622
2017
2910
1897
1839
1863
1859
3010
1934
1904
1850
1888
3038
1841
1861
1929
1911
3036
1831
2917
1829
1786
10893
1864
2973
1878
1904
1840
1848
2974
1826
1941
1933
1890
3019
1833
1863
1909
1831
3601
1719
1846
1920
1869
2987
3112
1971
1788
1905
3015
1855
1878
1814
1860
3078
1887
1890
1951
1864
2983
1866
1898
1857
1877
3105
1831
4276
2705
1950
1821
1847
2996
1874
1874
1885
1871
2974
1840
1871
1886
1946
3122
1862
1906
1907
1963
3642
1904
1790
18667
1958
3198
1890
1853
1964
1878
2980
1854
1863
1834
1888
2991
1807
1929
1900
1885
2974
1856
1903
1866
1907
3793
1914
1833
1897
1899
3134
1900
4271
1895
1895
1872
1850
3081
1922
1823
1893
1875
2818
1863
1886
1872
1849
3199
1961
1899
1805
1825
3205
1882
1904
1823
1847
2936
1866
1896
1802
1873
2944
1984
1869
1940
1911
3191
1897
3174
1833
1937
2927
1897
1911
1873
1850
3068
1923
2934
1818
1877
1826
1899
3088
1902
1921
1837
1930
3042
1885
2670
1980
2258
3149
1909
2020
1913
1933
2940
1912
1834
1926
1831
3073
2020
1901
1869
1843
3020
2013
1856
1941
2618
2995
1901
1887
1799
1947
2875
1865
1882
1933
1824
2908
1886
2854
1899
1827
1835
1926
3095
1945
1995
1901
25212
3387
1813
1880
1860
1819
3099
1846
1849
1880
1909
2857
1854
1999
1889
1875
2997
1855
1884
1845
1961
2912
2845
1802
2296
2379
1853
3704
1867
3150
2930
2289
1994
1907
2987
1803
1891
1807
1854
2911
1873
1854
1878
1801
23568
1923
1835
1836
1954
3030
1839
1882
1838
1836
3008
1796
1790
1816
1854
2922
1886
1841
1875
1893
2958
1790
2765
1865
1899
2939
1952
1875
1795
1850
3787
1790
3027
1906
1842
1815
1816
2932
1839
2009
1872
2072
2989
1776
2488
1903
1970
3062
1857
1886
1891
1863
3067
1846
1913
1828
1825
2947
1891
1925
1922
1818
2830
1878
1908
1802
2737
2997
1871
1885
1835
1886
2938
1770
1840
1837
1986
3704
1858
1814
1845
1922
2954
1841
1839
1835
1808
2842
2659
1859
1858
3256
2894
1900
3001
1827
1865
1827
1936
2962
1890
1918
1875
1823
2921
1833
1918
1804
1814
2786
2534
1929
1845
1854
3010
1863
1895
1790
1805
2990
1857
1847
1875
1922
3728
1902
1853
1880
1850
3072
1848
1825
2489
1857
2930
1913
1876
1898
1924
2980
1870
2833
1877
1863
1849
1892
3002
1913
1876
1859
1847
2861
1788
1834
2467
1851
3023
1838
1861
1906
1828
2846
1840
1863
1789
1852
2849
1846
1828
1919
1813
3782
1855
1876
1787
1949
3627
1901
1867
1888
1929
2930
1816
1835
1872
1839
3034
1847
2906
1805
1880
1814
1916
2775
1830
2127
2189
1900
17854
1884
1932
1890
1847
2975
1738
1891
2047
1857
2933
1871
1930
1879
1854
2965
1856
1942
1866
1854
3654
1832
2499
1760
1742
4218
2025
2062
1996
1950
4281
1999
1913
1972
1981
3099
1939
3150
2135
2060
1917
1990
3918
1939
17568
2032
1966
3294
1966
1955
1925
1992
3205
1922
1976
1853
2050
3053
1899
1904
1980
2052
3291
2091
1954
2045
12488
4878
1980
1996
1951
1916
3182
1883
1901
1956
1955
3255
1993
2008
1956
2008
3092
1909
2020
1972
1925
3845
3505
3083
1961
1950
1941
1930
3253
1907
1950
1895
1927
3160
1975
1961
1951
1872
3227
1916
1941
1829
1927
3167
1939
3521
2035
1922
3271
1964
1929
1970
1931
3160
1981
1986
1896
1973
3103
1997
2024
1912
1974
3075
1914
1912
1952
3183
3149
2030
3247
1988
1900
1884
1942
3074
1970
1882
1982
2091
3247
1964
1969
1908
1935
3249
1971
2049
1899
3685
3123
1950
2083
2010
1983
3331
1964
1937
1949
1922
3078
1962
3901
1990
1969
3090
1931
2015
1908
1926
3794
29881
2122
1949
1961
3136
1940
3082
1930
1989
1870
1993
3508
1981
1947
1941
2103
3168
1995
1963
1866
1942
3155
3811
1972
1968
1972
3315
1891
2074
1942
1858
3199
2081
2001
1952
1933
3196
1929
2312
1926
1890
3218
1968
1966
3883
1950
3109
1895
2008
2004
1935
3398
1949
3109
1940
2026
2363
1989
3123
1912
1909
1945
1902
3015
1890
1881
44207
2088
4100
1826
1842
1916
1930
2959
1814
1891
1938
1953
3136
2000
1821
1952
1849
3121
1914
1866
1897
1912
20174
1895
1921
2193
1817
3225
1931
1910
1815
1908
3065
1836
3104
1891
1823
1863
1865
3248
1837
1836
1843
1826
3989
1908
1999
1827
1872
3809
1990
1947
1947
1928
3191
1857
1896
1813
1874
3988
1852
1904
1891
1921
3077
1858
2614
1932
1877
3124
1846
2057
1938
1908
3557
1876
1823
1903
1823
3000
1816
3137
1839
1900
1847
1884
3147
1898
19136
1952
1900
3317
1971
1870
1907
1885
4822
1939
1797
1806
1856
3672
1898
1859
1917
1834
2957
1946
1884
1924
2900
3155
1895
1839
1875
1838
3188
1886
1883
1899
1899
3366
1862
1845
1916
1901
3033
1867
1851
1827
1893
3066
16483
3151
2239
1901
1936
1893
2994
1836
1836
1820
1837
4222
1823
1878
1871
1841
2889
1794
1851
1860
1824
2901
4521
1836
1802
1828
2988
1888
1839
2131
1822
3708
1830
1867
1821
1969
3225
1830
1838
1866
1888
3083
1871
1875
25235
2155
3130
1896
3458
1889
1954
2199
1798
3077
1979
1761
1821
1950
4647
1848
1876
1857
2022
2961
1854
1968
15842
1868
4347
1911
2037
1823
1832
3023
1902
1828
1818
1900
3015
1835
1873
1804
1867
3030
1847
1885
1829
1960
15122
1925
1869
1747
1815
2889
1920
1836
1823
1913
3112
1928
1787
1845
1883
3967
1836
2826
2132
1951
1892
1833
16331
1901
1855
1756
1799
3198
1903
1853
1851
1859
3089
1841
1904
1986
1781
2960
1874
1857
1886
1808
2841
1856
14497
1876
1870
3109
1940
1896
1841
1755
3152
1918
1891
1807
1851
2972
1868
1787
1865
1865
3707
1836
1832
1931
14050
3149
1833
3086
1888
1911
1733
2237
2982
1855
1795
1805
1848
3109
1832
1914
1859
2176
3013
1830
1889
1874
2698
2959
1863
1819
1844
1884
2940
1930
1798
1910
1805
2978
1943
1850
1837
1867
2905
1851
1888
1839
1862
3869
2517
1893
1829
1808
2924
1883
2888
1834
1837
1814
1910
2949
1769
1801
1830
1845
3100
1800
1852
1845
1952
2948
14881
1949
1825
1846
2928
1792
1879
1869
1895
2977
1845
1818
1884
1936
2937
1836
1834
1826
1908
2973
1900
1893
13827
1891
3835
1857
1858
1907
1892
3053
1794
2963
1851
1892
1915
1839
3166
1796
1945
1858
1810
2943
1861
1930
14439
1943
2950
1872
1893
1869
1951
3016
1787
1849
1914
1860
2845
1906
1870
1829
1857
2953
1754
1931
1812
1936
14867
1849
1862
1816
1913
3670
1875
1889
1889
5228
4552
1955
1876
1858
1897
3369
1877
3797
1817
1851
1795
1808
4264
1846
1863
1810
1771
3089
1907
1862
1922
1821
3548
1891
2019
1859
1863
3166
1803
1897
1929
2124
2991
1883
48490
1963
1834
3451
1821
1857
1809
1792
4064
1858
1857
1893
1822
5005
1962
1872
1914
1992
3041
1811
2982
1823
16209
3741
1847
2918
1804
1804
1842
1828
2990
1795
1857
1825
1801
2836
1834
1757
1906
1862
2965
1796
1738
1901
13736
3213
1837
1898
1825
1800
3214
1810
2124
1848
1759
4232
1809
1828
1847
1722
3011
1848
1928
1927
1856
2995
15581
1883
1887
1823
2999
1970
1902
1824
1929
3154
1895
1932
1991
1902
3028
1916
1864
1851
1835
3098
1806
1866
15051
1945
3132
1809
1900
1874
1926
3052
1889
1793
2015
1866
3068
1845
3768
1713
1907
1869
1932
7496
2219
1821
15657
2042
3056
1729
1844
1886
1883
3026
1835
1933
1840
1872
2921
1871
1961
1868
1870
2944
1900
1891
1835
1876
4078
1819
1947
1802
1955
3058
1909
1863
1906
1910
3165
1786
1826
1867
1832
3046
1772
3800
1784
2062
1773
1794
3983
1826
1766
1911
1992
2866
1843
1836
1737
1840
2958
1786
1767
1820
2071
2862
1799
1910
1828
1976
3055
1818
19957
1901
1819
2804
1829
1814
1795
1803
3597
1826
1863
1814
1862
2817
1831
1777
1897
1864
2939
1832
3705
1722
16567
3200
2211
2981
1835
1733
1841
2133
3047
1848
1846
1941
1815
2879
1979
1828
1820
1779
3041
1822
1863
1761
2697
7894
1952
1953
1808
1942
3414
1965
1925
1976
1968
3084
1844
1818
1806
1775
2895
1800
1857
1822
1929
2979
20740
1992
1834
1789
3019
1802
3000
1903
1783
1783
1801
2914
1741
1893
1848
1879
2989
1801
1774
1810
1894
2981
16002
2059
1836
1775
2889
1973
1844
1902
1824
2969
1800
1822
1868
1923
2878
1890
1779
1773
1892
2944
1812
1771
2917
1829
2946
1872
1847
1801
1802
2843
1865
1795
1926
1769
2917
1834
2872
1807
1759
1884
1821
2899
1788
1792
16230
1856
3106
1850
1877
1788
1793
3131
1847
1877
1836
1807
2913
1862
1828
1819
1860
2834
1860
1783
1861
1843
18010
1988
1858
1748
1838
3002
1756
1839
1883
1734
2881
1850
1875
1825
1869
2980
1768
1779
1861
1737
2898
1905
16295
1911
1863
1828
1783
2886
1784
1797
1844
1813
3003
1901
1785
1881
1874
2944
1787
1807
1797
1846
2911
1869
14829
1993
1858
2885
1797
1854
1822
1811
2941
1734
1707
1844
1891
2873
1761
1830
1888
1806
2825
1778
1837
1924
12864
3288
1819
2798
1791
1929
1800
1941
2976
1826
1813
1863
1876
2944
1792
1874
1808
1837
2853
1854
1878
1911
3153
2866
1796
1830
1788
1845
2933
1812
1841
1822
1867
2900
1789
1825
1796
1808
2903
1789
1851
1798
1743
2864
2553
1991
1831
1867
2968
1842
2796
1778
1841
1799
1938
2996
2002
1774
1753
1863
2926
1910
1829
1747
1815
2874
15918
1873
1868
1825
2929
1828
1848
1799
1767
3059
1816
1764
1904
1760
2811
1773
1995
1842
1799
2864
1793
1749
10747
1866
2902
1857
1779
1829
1807
2890
1783
1938
1880
1739
2912
1951
2872
1796
1886
1799
1854
2922
1852
1793
12088
1946
2984
1823
1872
1858
1821
3027
1860
3287
1869
1844
3001
1834
1858
1901
1931
2921
1809
1855
1790
1903
26122
1909
1901
1832
1933
3089
1949
1932
1899
1845
3035
1869
1857
1810
1840
2991
1884
2907
1870
1839
1790
1809
13168
1945
1839
1868
1901
3034
1800
1845
1980
1821
2999
1851
1913
1806
1921
2947
1840
1832
1852
1902
3082
1884
1829
3166
2015
3102
1818
1904
1785
1823
3064
1855
1794
1866
1919
3020
1989
2093
1839
1891
2989
1896
1861
1905
1821
21775
2022
2044
1866
1863
3150
1846
3130
1815
1945
1878
1928
3149
1917
1883
1964
1839
3097
1916
1886
1901
1901
20950
1925
1962
1842
2060
2968
1891
1937
1825
1925
3000
1833
1982
1844
1841
3002
1919
1936
1814
1932
3128
2002
16741
2035
1864
3059
1882
1903
1905
1869
2881
1920
3022
1824
1864
1827
1886
2973
1888
1862
1879
2003
3346
1859
16169
1947
1931
3931
1899
2159
1843
1860
5916
1955
1846
1933
1853
3032
1884
1886
1825
1871
3115
1836
2039
1903
15592
3479
1940
1893
1867
1922
2970
1914
1930
1857
1990
3181
1849
2976
1850
1859
1968
2058
3091
1951
1880
1976
13885
3279
1933
1992
1860
2025
3839
1926
1857
1865
1897
3137
1871
1957
1834
1946
5542
1880
1825
1924
1893
3168
14905
2062
1870
1870
3022
1847
1943
1947
1924
3266
1878
1861
1869
1948
3321
1868
1828
1909
2112
3058
1831
2970
14156
1807
1782
1803
3144
1909
1811
1799
1906
3718
1854
2094
1839
1885
2990
1959
1831
1834
1861
3064
1979
1930
11793
1972
5539
1911
1923
1859
1960
3024
1829
1880
2083
1889
3121
2001
1964
1898
1898
2983
1893
1924
1986
1937
3845
2128
2973
1913
1778
1825
1823
2895
1843
1956
1849
1882
4052
1891
1919
1879
1761
2958
1845
1858
1835
1873
3762
1820
1857
1918
1895
3299
1887
1876
1976
1961
6538
1860
1941
1937
2105
3102
1954
2011
1752
1952
3027
1871
24519
2097
1840
2990
1885
1923
1824
1776
2830
1851
2966
1837
1854
1827
1808
3931
1832
1849
1875
1834
2953
1902
2583
1966
1883
2920
1882
1865
1862
1943
2948
1892
1907
1869
1845
3414
1916
2003
1991
1966
5540
1852
1887
1863
16992
3266
1933
1782
1824
1830
2930
1846
2000
1802
1952
2886
1807
2875
1864
1794
1866
1815
3710
1915
1809
1886
14591
3084
1839
1880
1866
1848
2958
1812
1921
1854
1829
2973
1875
1842
1762
1921
2823
1829
1844
1862
1900
3079
14848
1986
1772
1847
5292
1765
1845
1776
1731
2863
1810
1868
1813
1870
2878
1721
1951
1736
1766
3012
1905
3514
13183
1974
1965
1850
3016
1803
1792
1880
1895
3084
1847
1898
1845
1871
2992
1867
1846
1821
1848
2970
1911
1867
12443
1848
3064
1849
1862
1909
12579
7702
1966
1747
1808
1948
5185
1851
1823
1752
1902
2948
1778
1775
1798
1804
3671
1783
1828
1845
1889
2946
1840
2963
1889
2023
1938
1861
3184
2039
1928
1889
1954
3082
1884
1941
1925
1977
25077
2109
1965
1973
1941
3173
1886
1908
1898
1853
3151
1895
1886
1899
1993
3085
1963
1908
1909
1896
3116
1840
14420
2136
1977
3151
2055
1890
1862
1915
4145
1916
3180
1875
1922
1822
1925
3391
2020
2036
1990
1953
3093
1955
17170
2152
1912
3054
1816
1897
1950
2127
3041
1874
1911
1932
1978
3228
2109
1916
1893
1853
3099
1850
1914
1915
17769
4559
1935
1932
1881
1923
3056
1954
1938
1841
1770
2904
1810
3036
1847
1849
1796
1793
3087
1883
1804
1853
13283
3250
1915
1937
1807
1823
2948
1782
1875
1825
1771
2778
1966
1767
1815
1780
3012
1763
1814
1999
1876
2902
12662
1888
1886
1730
3731
1782
1699
1759
1848
2984
1763
1755
1732
1900
2903
1753
1841
1833
1866
2908
1812
2968
9706
1870
1765
1805
2751
1734
1814
1815
1805
2815
1792
1788
1827
1989
2955
1695
1715
1761
1737
3008
1720
1707
1718
17560
3181
1807
1721
1771
1804
3567
1753
1804
1936
1823
2848
1920
1810
1728
1894
2877
1874
1757
1768
1743
2915
2840
2921
1874
1714
1833
1857
2713
1740
1792
1763
1766
2778
1748
1837
1754
1758
2877
1773
1743
1764
1796
2935
14980
1970
1792
1730
2860
1776
1806
1814
1797
3676
1725
1729
1777
1717
2992
1934
1833
1812
1885
2880
1729
1839
14354
1865
2936
1816
1809
1817
1777
3039
1850
2957
1834
1810
1764
1932
2868
1803
1921
1803
1816
2963
1742
1764
2850
1910
3068
1791
1786
1809
1753
2914
1792
1843
1788
1851
3624
1822
1742
1814
2037
3081
1813
1905
1811
1819
15485
1904
1913
1809
1891
2876
1838
1835
1855
1949
2803
1802
2925
1905
1891
1847
1885
3082
1837
1823
1810
1846
14015
1890
1974
1804
1810
2953
1795
1846
1747
1856
2851
1808
1792
1828
1870
3619
1807
1894
1837
1828
2924
1863
12108
1885
2007
3162
1890
1851
1796
1878
2922
1818
1873
1868
2014
2961
1880
2899
1846
1816
1812
1888
2819
1849
12400
2034
1906
3003
1878
2003
1875
1745
2864
1827
1791
1739
1825
2877
1838
1946
1781
1768
3769
1744
1798
1783
12475
3226
1838
1784
1818
1822
2901
1768
1765
1802
1849
3165
1811
1861
1811
1837
2852
1849
1841
1882
1786
2910
11938
3114
1830
1805
1899
1849
3180
1783
1844
1766
1836
2930
1884
1807
1775
1840
2841
1804
1864
1907
1878
2918
13722
1990
2001
1912
3012
1832
1875
1807
1849
2921
1858
1827
1906
1876
2857
1798
1888
1897
1841
3014
1990
1823
3218
1779
2903
1937
2840
1857
1833
1768
1887
5336
1859
1805
1785
1869
2933
1850
1757
1792
1883
3006
1839
1921
15797
2011
3082
1928
1793
1816
1820
3039
1850
1813
1788
1770
3114
1772
1999
1860
1775
3011
1834
1821
1881
1811
14696
1882
1864
1787
1808
2954
1848
1896
1960
1813
2895
1800
2974
1754
1946
1892
1853
5419
1804
1921
1783
1822
13222
1803
1908
1891
1794
2885
1852
1852
1795
1784
2978
1750
1767
1899
1866
2825
1850
1774
1814
1813
2982
1766
12973
1840
1826
2898
1761
1792
1846
1792
2833
1827
1864
1785
1797
2916
1813
2821
1851
1890
1776
1795
2824
1729
11414
2067
1852
5355
1822
1885
1837
1808
2937
1777
1865
1830
1893
2935
1859
1888
1766
1996
2983
1799
1846
1761
12525
3318
1812
1868
1859
1800
2838
1787
1781
1854
1936
2858
1762
1771
1792
1842
2856
1807
1827
1813
1787
2788
10797
3137
1787
1756
1758
1752
2902
1817
1780
1806
1830
5008
1795
1913
1787
1804
2940
1908
1817
1892
1801
2889
10553
1848
1878
1804
2780
1795
1881
1757
1903
2864
1848
1752
1776
1817
2874
1790
1793
1845
1796
2796
1754
1932
1854
2688
3287
1764
3005
1833
1767
1764
1919
3048
1825
1819
1865
1809
2931
1853
1899
1859
1806
5517
1803
1777
1806
17327
3086
1764
1812
1835
1776
2874
1793
1796
1811
2016
2899
1747
1852
1859
1866
2830
1852
1803
1760
1771
2962
16208
1887
1827
1858
2766
1830
1861
1924
1743
2867
1754
2863
1853
1768
1783
1811
2903
1822
1825
1893
1814
2909
2623
1826
1766
1886
5410
1812
1869
1826
1822
2919
1799
1884
1919
1912
2908
1880
1815
1819
1782
2876
1787
1788
13808
1878
2917
1792
1847
1788
1805
2793
1727
1911
1868
1836
2889
1809
2834
1761
1776
1843
1789
2915
1850
1808
14839
1797
2913
1794
1791
1775
1764
2844
1823
1863
1775
1893
2756
1907
1863
1876
1821
3552
1832
1911
1903
1824
12569
1883
1882
1877
1762
2970
2308
1863
1848
1806
2866
1876
1813
1840
1840
2808
1750
1968
1819
1819
2925
1834
14244
1816
1881
1865
1808
2899
1788
1818
1760
1787
2944
1845
1795
1772
1803
2876
1707
1848
1766
1826
3790
1799
12870
1847
1813
2932
1822
1824
1783
1776
2911
1890
1814
1774
1854
2833
1782
1831
1750
1783
2897
1880
1756
1812
11833
3131
1722
2825
1755
1827
1986
1805
3012
1841
1773
1836
1806
3045
1725
1781
1792
1796
2951
1762
1747
1790
11751
4024
1899
1778
1732
1801
2863
1758
1768
1802
1825
2848
1820
1868
1737
1828
2835
1818
1855
1844
1838
2824
11262
1967
1818
1825
2777
1835
1820
1779
1764
2860
1794
3165
1763
1883
1827
1813
2909
1926
1730
1784
1766
2843
2440
1843
1814
1825
3505
1804
1801
2080
1878
3044
1785
1863
1836
1820
2977
1873
1790
1855
1841
2876
1760
1906
13521
1954
2923
1757
1807
1894
1775
2945
1790
1886
1851
1808
2807
1873
3092
1792
1889
1752
1763
2829
1793
1798
12030
1953
2996
1775
1827
3030
1847
3616
1854
1867
1805
1790
2967
1858
1790
1855
1748
2878
1813
1810
1740
1708
13122
1938
1766
1803
2111
2906
1858
1798
1780
1924
3025
1785
1818
1810
1782
2762
1774
1812
1752
1790
2920
1790
11550
1819
1804
1822
1834
2816
1832
1794
1845
1812
3571
1777
1827
1760
1737
2923
1771
1783
1807
1772
2838
1813
10333
1810
1725
2863
1780
1818
1997
1793
2868
1793
1823
1815
1802
2926
1782
1806
1770
1752
2886
1848
1798
1857
10340
3069
1804
1743
1730
1776
2862
1830
2826
1824
1831
1885
1785
3653
1852
1905
1772
1790
3348
1756
1750
1773
10787
3175
1803
1832
1811
1844
2818
1742
1835
1828
1725
2864
1774
1716
1771
1842
3074
1809
1802
1828
1712
3032
10440
1905
1789
1936
3123
1801
1795
1807
1780
2886
1777
2741
1828
1819
1876
1848
3493
1831
1761
1829
1886
3045
10242
1926
1753
1855
3113
1777
1766
2000
2004
2888
1809
2176
1912
2129
3265
1827
1795
1798
1712
3276
1761
1780
1778
17592
3300
1852
1851
1768
1892
2895
1760
1793
1745
1974
3438
1819
2820
1697
1831
1737
1793
4057
1842
1914
1775
15922
3816
1782
1741
1798
1818
2984
1748
1823
1794
1836
3194
1744
1684
1887
1736
2895
1731
1791
1911
1841
3341
14110
1864
1697
1916
3709
1900
1812
1786
1808
2830
1761
1785
1771
1850
3139
1751
1754
1896
2125
3211
1828
3764
12924
1896
1853
1728
3000
1823
1863
1827
1814
2977
1768
1846
1746
1688
3482
1802
1751
1782
1769
2930
1831
1736
13280
1810
2734
2012
1824
1807
1954
2850
2272
1839
1774
1813
2877
1904
1844
1831
1884
2965
1799
1793
1845
1837
15749
1861
1823
1836
1828
2846
1736
1791
1769
1854
2893
1736
2960
1819
1803
1796
1770
2795
1802
2126
1853
1700
12849
1894
1930
1743
1836
2897
1753
1866
1793
1849
2795
1811
1825
1821
1791
2886
1732
1775
1784
1830
2730
1932
12288
1937
1762
4272
1798
1783
1750
1735
2962
1766
1784
1806
1802
2922
1817
2828
1727
1957
1793
1789
2893
1823
10681
1869
1751
2790
1771
1824
1726
1758
2904
1827
1825
1885
1822
2899
1809
1829
1822
1845
2931
1857
1760
1860
2845
2908
1816
1789
1752
1813
3632
1733
1795
1781
1852
2941
1785
1858
1793
1814
3352
1771
2880
1837
1830
1734
2454
3004
1768
1721
1778
1801
2791
1765
1891
1870
2023
2791
1823
1790
1787
2236
2875
1867
1870
1766
1777
2988
1972
18574
2176
1790
2854
1965
1818
1803
1859
3696
1825
1860
1774
1810
2854
1794
1827
1791
1823
2841
1849
2787
1737
17240
3146
1787
3016
1818
1770
1752
1870
2866
1831
1793
1853
1973
2794
1842
1977
1809
1760
2819
1750
1870
1813
15814
3144
1738
1828
1761
1799
2784
1763
1730
1756
1878
4050
1878
1830
2022
1757
2771
1837
1789
1797
1848
2819
16422
1947
1741
1775
2865
1834
2761
1756
1887
1811
1707
2900
1806
1814
1804
1838
3009
1762
1771
1774
1819
2844
2474
1850
1725
1781
2807
1785
1805
1759
1814
2836
1735
1795
1733
1774
3562
1836
1779
1759
1798
3322
1790
1829
2478
1803
2871
1813
1847
1788
1772
2811
1721
5188
1802
1841
1834
1843
2843
1806
1737
1880
3242
2836
1793
1822
3005
1828
3615
1750
1800
1769
1831
2955
1830
2034
1845
1829
2848
1814
1855
1782
1814
3622
1772
1840
1814
1836
4345
1886
1758
1826
1832
2887
1805
1838
1725
1796
2890
1815
2778
1965
1808
1833
1845
5242
1678
1836
1800
1844
24123
1970
1780
1830
1917
2792
1845
1877
2044
1936
2842
1805
1877
1852
1798
2951
1741
1756
1789
1739
3602
1843
2365
1785
1802
2897
1877
1829
1844
1878
2831
1787
1770
1749
1754
2799
1724
2812
1870
1767
1877
1799
4440
1803
26992
1915
1865
6451
1943
1822
1790
1876
2859
1847
1840
1745
1850
2967
1813
1801
1769
1735
2861
1823
1722
1771
2818
3899
1927
1762
1715
1853
2908
1689
1726
1813
1784
2825
1818
1813
1818
1905
3103
1791
1904
2416
1812
6568
3930
3378
1831
1753
1777
1952
2989
1789
1799
1747
1744
7520
1762
1833
1939
1774
2918
1783
1882
1808
1924
3042
28666
1883
1830
9797
3764
1860
2107
1735
1780
3067
1778
1957
1759
1829
2887
1776
1778
1793
1713
2911
1817
1846
19538
1891
3040
1809
2861
1781
1791
1734
1822
3039
1775
1768
1817
1905
3024
1823
1782
1741
1755
5660
1783
1938
15920
1942
2840
1815
2005
1823
1833
3560
1905
1811
1811
1866
2864
1769
1786
1738
1912
2901
1749
1850
1830
1754
15530
1822
1780
1855
1814
2838
1757
1751
1767
1869
2868
1848
2881
1990
1826
1809
1737
2914
1747
1943
1814
1764
15033
1940
1783
1837
1802
5622
1759
1934
1739
1856
3675
1907
1981
1806
1758
2945
1753
1877
1735
1796
3020
1806
3005
1843
1834
2916
1725
1785
1724
3935
2894
1752
1841
1944
1804
2796
1792
1858
1873
1722
2994
1750
2947
1761
2909
1777
1740
2921
1778
1852
1861
1721
2792
1810
1809
1778
1783
7625
1852
1884
2118
1834
2908
1752
1770
1786
18432
3341
1847
1860
1890
1778
2855
1777
1771
1863
1779
2938
1803
1794
1753
1789
2769
1857
1761
1781
1738
2943
2692
2920
1752
1847
1746
1826
2884
1851
1743
1728
1687
2885
1875
1868
1745
1829
3747
1790
1904
1820
1804
5780
2607
1809
1765
1820
2868
1853
1910
1746
1835
2924
1785
1813
1928
1879
2959
1898
1830
1800
1838
2896
1770
1902
19157
1852
2832
1761
2848
1748
1822
1827
1798
2876
1792
1831
1741
1770
2775
1792
1824
1742
1861
3590
1818
1835
2587
1826
2967
1785
1838
1751
1774
5852
1944
1733
1804
1808
2996
1803
1829
1751
1799
2889
1789
1967
1910
1830
18596
1829
1696
1785
1879
2903
1828
2877
1798
1788
1808
1763
2822
1824
1763
1788
1746
3288
1785
1855
1863
1769
4759
1908
1816
1800
1795
3050
1823
1825
1797
1891
2977
1847
1820
1802
1747
5507
1783
1853
1809
1755
3032
1832
2545
1838
1819
2888
1817
1847
1793
1793
2857
1767
3275
1807
1774
1773
1858
2851
1963
1834
1787
1861
2926
1745
2425
1848
1828
3661
1823
1723
1809
1815
2853
1804
1744
1829
1819
2950
1777
1787
1793
1854
2920
1837
1796
1874
19841
5624
1839
1830
1817
1780
2944
1823
1905
1818
2069
2982
1743
2763
1801
1853
1930
1871
2807
1771
1825
1908
2457
2937
1806
1826
1758
1770
2812
1799
1835
1729
1787
2882
1776
1860
1807
1788
2908
1805
3007
1796
1850
2856
2540
1759
1850
1853
2802
1833
1826
1711
1899
2923
1828
1834
1801
1817
2941
1854
1798
1776
1803
2876
1920
2875
2373
1920
2015
1964
2973
1775
1821
1834
1829
2840
1875
1837
1758
1804
2937
1797
1820
1732
1792
2986
1759
11422
1860
1740
2872
1825
1865
1847
1759
2850
1809
1770
1749
1813
2884
1769
1729
1779
1779
2862
1787
1743
1802
1671
16905
1894
3023
1770
1916
1840
1832
2883
1797
1796
1819
1927
2836
1797
1853
1840
1881
2798
1748
1747
1817
1800
3581
1730
1732
1756
1794
2943
1800
1779
1809
1786
2884
1798
1764
1812
1869
2966
1781
1787
1805
1795
2904
1797
2526
1783
1804
2891
1756
2807
1920
1808
1849
1780
2953
1762
1863
1826
1820
2869
1920
1836
1727
1820
2891
1819
14586
1888
1817
2922
1784
1897
1833
1770
2950
1812
1813
1833
1825
2880
1868
1811
1880
1797
3149
1807
1769
1717
13508
3198
1779
1852
1758
1789
2815
1774
1854
1741
1816
2841
1781
2815
1915
1790
1803
1778
2817
1800
1791
1795
12348
3149
1771
1834
1815
1857
2859
1845
1908
1826
1819
2857
1751
1904
1781
1795
2862
1800
1735
1884
1829
2840
2614
1771
1808
1822
2830
1742
1818
1850
1796
2820
1826
1980
1829
1807
2867
1805
3068
1813
1779
1782
1876
2966
11911
1927
1794
1760
2941
1750
1777
1834
1811
2827
1780
1815
1902
1879
2984
1832
1773
1787
1764
2853
1801
1811
10545
1881
3014
1740
1850
1800
1896
2865
1775
1775
1809
1793
2868
1810
1796
1795
1780
3016
1847
2945
1838
1840
2554
1723
2981
1787
1913
1777
1815
3508
1763
1798
1749
1699
2823
1765
1846
1807
1794
2857
1799
1878
1793
1771
10713
1937
1954
1817
1811
2816
1826
1811
1733
1749
2868
1770
1874
1812
1745
2805
1725
1797
1814
1748
2848
1769
1823
14649
1908
3991
1821
1837
1804
2513
3720
1869
2883
1805
1850
1801
1820
3072
2152
1925
1784
1806
2939
1751
1858
4761
1853
3007
1758
1854
1834
1893
2993
1739
1826
1903
1785
2941
1858
1843
1789
1791
2972
1870
1774
1867
1873
27686
1938
1866
1838
1821
3826
1803
1835
1787
1832
2818
1810
2835
1768
1739
1817
1881
3008
1851
1819
1768
1823
18871
1903
1838
1796
1768
2954
1755
1900
1761
1798
2873
1829
1817
1856
1800
2894
1812
1769
1857
1792
2920
1819
2998
1849
1844
2989
1803
1837
1854
1818
3836
1792
1804
1768
1896
2935
1774
2864
1832
1825
1770
1795
2931
1786
20420
1891
1845
3007
1843
1781
1802
1879
2955
1895
1779
1839
1744
2865
1832
1788
1779
1805
2853
1822
1791
1820
16183
3060
1894
1821
1820
1846
2862
1813
1794
1805
1793
3790
1785
1782
1821
1890
2849
1827
1782
1876
1803
2899
16288
3143
1772
1766
1797
1826
2796
1861
1879
1746
1768
2855
1763
1798
1824
1787
2889
1789
1765
1706
1868
2887
14622
1858
1855
1810
2969
1761
1776
1803
1719
2911
1878
1813
1789
1785
3707
1747
1787
1795
1772
2854
1904
13724
6147
1407
2692
1185
2203
1112
974
1046
911
2161
928
926
920
888
1969
1014
1057
914
949
2013
977
1021
942
903
2097
904
935
949
951
2221
932
881
1007
928
2169
1047
920
906
956
4125
916
878
931
986
2153
950
958
855
931
2237
861
925
991
872
2045
1131
2350
927
904
1024
918
2129
910
911
929
892
2172
869
955
904
881
2132
911
1372
889
877
2010
878
903
909
903
2040
891
918
855
922
2749
903
887
910
953
1922
888
971
871
967
2259
912
873
911
885
2091
863
2033
929
974
1213
915
1952
873
893
905
972
1900
875
893
939
894
1978
918
918
883
915
1960
938
921
979
891
2021
866
950
928
910
2998
894
873
978
1290
2596
885
928
867
909
2345
914
1914
894
885
954
907
2003
894
891
1010
1006
2102
990
905
909
902
2056
913
904
885
1013
2081
885
921
901
956
2071
909
878
904
893
1967
979
893
902
909
2966
846
945
949
892
2411
904
918
859
942
2219
880
2017
898
896
982
924
2080
901
912
928
914
1964
948
966
883
899
2030
967
897
893
930
2084
904
924
906
943
1935
890
901
889
896
2002
909
968
928
864
2653
946
877
927
1032
1996
935
916
870
900
2751
879
2517
1054
1067
1113
1365
2594
1364
949
1256
931
2080
856
920
886
1464
2201
893
986
875
1567
2169
908
985
936
930
3012
943
964
918
1152
2562
904
889
909
897
3037
919
898
929
907
2043
926
881
858
910
2231
946
2228
865
919
958
896
2226
904
1023
928
868
2013
891
914
897
895
2093
920
897
934
882
1970
874
960
932
880
2024
964
890
2040
941
2171
893
982
902
865
2875
1021
907
926
1108
2071
925
905
1128
1112
2025
888
942
891
882
2282
882
1959
930
904
905
973
2960
944
936
927
938
1978
912
921
898
907
1939
913
915
944
958
1996
884
853
874
951
2064
874
944
870
887
2240
898
1044
904
903
2022
847
891
907
876
2074
900
954
886
902
4468
888
2049
915
1196
1023
1065
2733
1012
904
901
907
2012
881
912
910
910
2084
945
1081
1027
912
2045
870
925
945
931
1978
865
928
881
949
1914
919
1046
915
953
2051
870
939
896
903
2033
891
941
883
869
2124
911
920
885
907
4834
887
2983
891
873
886
872
2031
832
962
914
1007
2147
918
929
875
919
2005
901
898
900
945
2075
902
1027
874
909
2001
938
887
892
910
2004
908
905
876
918
2042
909
890
910
882
2248
856
871
876
956
2233
1047
2854
907
899
915
914
2340
917
935
902
919
1931
891
844
878
895
2008
916
864
999
967
1997
900
926
884
882
2059
1002
861
880
961
2205
890
869
928
953
2023
866
905
861
1006
2275
1001
915
914
895
2146
966
2693
878
917
915
934
1940
946
925
974
972
2079
877
872
916
905
2055
894
892
882
891
2044
869
1006
886
1056
2004
884
974
881
868
1947
990
896
877
945
1998
910
1036
898
914
2173
898
1964
898
1097
983
904
2714
914
910
941
931
2066
882
958
930
934
2208
1784
969
913
915
2006
864
861
1100
895
2048
893
962
925
892
2120
886
907
941
897
2111
903
1028
875
940
2022
890
987
898
913
2207
945
920
939
988
2112
892
2867
914
1029
944
918
2051
915
951
964
870
1998
886
967
922
896
2257
893
935
912
864
2105
947
897
940
902
2085
893
940
917
902
2054
921
949
979
887
2050
879
947
925
908
2377
887
2021
1073
989
1042
902
2659
867
914
893
957
2129
923
987
935
932
2096
919
937
913
896
2000
922
877
1074
925
2093
926
905
1067
947
2080
917
869
897
866
1915
878
848
873
915
1985
923
904
885
911
2207
835
1970
890
910
995
974
2762
899
955
907
877
1965
1044
969
890
920
1992
904
888
902
875
2120
889
897
873
917
1939
853
871
942
896
2009
887
915
945
945
1990
889
917
944
1037
2060
1029
952
880
946
2176
977
1945
879
857
946
915
2786
859
901
914
908
1965
903
888
971
919
2339
895
902
901
933
2097
877
939
933
912
2111
899
905
893
943
2112
892
939
874
869
2006
871
925
900
1029
2089
943
910
959
881
2233
886
1985
891
956
924
962
2721
1194
916
975
890
1903
902
879
935
841
2039
968
896
901
876
1924
904
910
916
885
2033
965
886
873
911
2053
872
891
911
911
1956
942
916
903
901
2006
908
907
871
890
2104
880
2048
887
906
876
880
2606
893
916
923
4024
3275
938
903
925
983
2123
881
962
929
954
2113
918
985
904
905
2064
916
916
876
896
2083
917
977
934
905
2132
953
882
868
927
1991
883
865
924
904
2109
889
889
987
900
2637
922
2868
894
928
916
914
2053
929
1044
920
912
2155
894
924
871
883
1955
889
824
854
885
1985
900
903
940
865
3060
870
943
1038
870
1964
914
1025
1011
900
1947
973
925
891
936
2130
939
936
879
922
2066
903
2782
888
935
930
872
2179
897
907
920
890
2002
914
895
871
921
2018
943
963
922
891
2038
877
960
837
898
2032
881
1015
900
872
2011
884
939
933
855
2056
870
936
907
914
2136
905
945
919
949
2189
914
2729
893
934
913
901
1990
899
920
886
899
2020
872
889
933
940
2020
891
928
890
850
2003
891
924
893
921
2024
906
921
875
903
1937
934
865
888
872
1931
982
860
859
937
2250
907
893
909
943
2030
918
2699
883
898
889
956
1918
892
892
880
897
1976
880
954
932
864
2006
876
962
910
897
1970
878
870
874
862
2033
907
869
882
914
1928
866
855
880
916
1950
865
879
902
879
2095
873
868
903
854
2003
888
2641
857
887
917
852
1932
897
957
902
865
1932
861
917
881
887
2310
919
851
890
932
2027
863
890
879
895
1931
941
924
883
888
2014
855
880
885
890
1978
909
876
886
859
2053
867
903
873
2367
2156
923
2851
889
924
881
877
1883
904
893
886
885
2035
892
902
886
878
2100
910
879
867
1012
2147
884
915
906
895
1938
917
931
922
883
1991
881
946
890
917
1956
869
901
892
875
2105
918
885
880
873
2112
917
2653
906
865
911
906
1976
931
882
863
897
2005
889
933
916
885
2011
870
858
868
912
2030
878
901
865
859
1934
847
880
901
877
1920
927
886
864
915
2014
899
919
862
897
2036
866
928
886
982
2352
892
2718
898
885
861
910
2189
889
943
902
1007
1965
922
879
913
910
2075
898
1060
932
949
2344
857
893
1269
869
1947
946
883
860
876
2187
929
1009
916
904
2067
872
875
907
907
2343
954
956
916
940
2146
848
2788
910
987
904
935
1913
911
879
894
932
1994
879
891
900
858
2174
845
862
928
855
1936
919
859
888
890
2058
910
893
910
900
2006
888
916
872
877
4503
856
895
877
835
2108
878
917
844
870
3033
947
2027
957
891
938
892
2103
859
878
967
890
2279
937
1001
991
888
2059
899
886
901
874
1862
868
868
902
997
1991
889
977
1001
860
2306
975
850
921
928
2189
1087
952
1027
945
4404
927
930
897
898
2816
907
2218
883
883
902
930
2058
888
913
889
880
2013
864
885
931
852
2013
899
891
872
878
1939
867
960
893
890
1913
852
1024
878
884
2012
897
875
907
1004
1951
898
898
901
911
2184
893
862
880
863
5217
924
1988
870
883
921
912
2065
900
939
947
860
2038
916
845
980
882
2130
915
933
930
1191
2072
990
902
905
917
1987
892
905
872
843
2028
983
891
910
896
2140
867
960
852
914
2193
909
883
880
947
2761
890
2469
911
885
906
885
1954
929
895
872
882
2047
856
899
883
926
1982
876
861
879
947
2039
950
937
1023
1040
2391
856
894
886
907
1908
872
889
975
875
1982
923
860
847
1105
2249
866
1843
894
859
1002
864
2059
850
884
855
903
2008
899
884
865
933
2067
897
844
888
980
1949
876
895
898
871
2091
892
907
868
903
1988
899
876
908
937
2010
916
890
890
1015
1967
851
951
844
891
2234
879
1929
901
873
992
943
1949
917
885
900
869
1956
942
956
884
900
1968
948
906
1008
995
2118
885
915
870
924
1936
882
918
910
956
1982
864
870
888
935
1984
927
862
874
952
1980
846
895
863
884
2228
1023
1945
917
887
964
881
1959
883
887
886
879
2006
946
917
924
885
1968
857
862
868
903
1972
955
888
895
876
1986
882
915
983
933
1989
882
934
911
877
1929
913
923
878
935
1948
899
860
896
934
2156
889
2036
1093
913
914
1022
2070
1328
937
972
862
2013
864
904
894
936
2082
921
875
917
918
2022
956
932
879
917
2159
924
919
914
877
2222
887
965
913
905
1970
868
888
880
920
1982
875
952
928
870
2255
903
1895
887
864
915
939
2057
913
944
905
866
2285
887
916
895
900
2000
933
969
871
865
2016
846
885
919
891
1992
940
978
1022
922
2185
1061
903
1040
892
2031
957
987
938
931
2058
916
933
935
1021
2208
923
1912
926
947
984
1073
2027
899
908
924
971
2166
956
880
937
945
2043
926
943
952
911
2212
955
929
899
895
1999
956
914
884
879
2048
902
952
910
911
1944
919
959
890
902
2005
868
903
879
926
2180
914
2028
945
950
980
897
2166
900
927
875
923
1953
909
973
887
878
1998
948
908
937
886
2010
903
916
883
904
1971
877
918
941
927
1992
900
946
864
906
1985
910
939
924
901
1988
960
932
896
914
2144
848
1994
883
917
944
983
2013
939
942
901
1012
2010
879
920
901
1040
2221
939
902
941
889
2131
914
880
920
894
1984
906
903
899
934
2201
963
906
920
968
1969
949
943
924
910
2062
890
932
899
893
2085
958
1989
896
912
876
965
2049
924
903
912
902
1990
887
915
903
865
2146
895
905
978
970
1972
893
933
957
917
2014
913
873
931
878
2057
908
922
870
902
2017
892
962
968
917
2036
872
952
1009
939
2181
1012
1899
898
863
900
979
1959
923
955
897
919
2011
891
930
911
900
1988
876
896
883
904
1961
919
1052
921
930
2032
859
884
862
946
2046
891
895
894
898
1976
905
940
910
901
1867
878
903
877
929
2123
900
874
937
929
2841
1007
1955
873
904
894
889
2017
914
930
904
895
1894
910
956
941
917
1938
930
947
983
906
1977
920
902
898
888
2011
907
933
899
920
1987
899
885
895
923
3717
970
949
870
916
2147
955
930
918
943
2974
911
1984
903
891
970
908
2242
971
932
883
932
1919
862
920
874
912
1903
912
897
945
930
2008
879
913
907
951
1940
906
902
892
951
2161
848
982
2164
986
960
866
882
2001
938
917
897
938
1998
944
910
960
961
2132
922
922
907
1021
1967
902
2012
889
948
952
966
2048
971
890
878
900
2068
933
961
934
931
1925
957
897
918
932
1970
918
883
900
934
2032
1020
896
910
924
2009
950
899
900
939
1966
915
910
935
948
2165
921
938
906
898
2064
870
1971
923
895
974
882
2095
927
919
967
927
1921
990
964
929
909
2069
944
923
948
926
1976
903
880
949
901
1972
916
901
897
897
2065
878
983
895
918
2059
907
893
885
964
2072
931
1912
884
982
930
893
2001
927
908
898
906
1954
880
929
920
929
2004
890
896
869
951
1941
893
904
919
984
2148
890
918
899
907
1925
931
909
924
970
2061
889
882
882
900
2025
906
892
905
915
2109
926
1929
908
929
891
929
1971
910
952
905
972
1947
904
916
2137
900
2029
904
900
909
889
1937
864
921
938
872
1920
924
875
885
905
1999
875
869
946
902
2015
905
887
886
884
2882
966
942
864
919
2115
967
887
936
900
2070
903
1923
897
1011
910
931
1998
938
935
949
936
1972
870
935
905
902
1921
950
924
929
896
1940
974
905
903
975
1981
936
915
919
896
1988
950
913
900
878
2719
961
933
885
920
2047
952
939
945
905
1993
913
1976
953
942
1118
889
1939
959
890
916
908
2069
962
931
945
907
2020
942
915
956
901
1942
947
929
928
944
2024
905
917
951
898
2058
960
883
868
932
2623
939
907
875
958
2073
938
1922
898
943
1005
903
2029
936
914
906
925
1942
930
940
889
910
2033
950
996
934
894
1899
971
965
907
915
1960
1015
909
970
901
2003
948
914
900
904
2004
912
923
881
943
2781
895
947
920
917
2264
908
1885
890
893
902
886
1965
948
946
899
920
1963
887
943
904
1013
1943
940
924
919
883
2290
934
882
897
922
1915
922
918
928
915
1936
903
982
949
921
2006
916
884
894
867
2652
909
925
903
890
2091
1056
4166
927
922
972
869
1884
944
1070
892
897
1950
926
976
932
908
1953
939
955
926
908
1995
959
915
911
916
1961
893
882
879
888
2019
940
895
945
895
1953
911
913
905
933
2699
889
949
886
944
2158
910
1888
942
958
897
903
4183
1590
892
858
931
2005
993
936
1011
877
2097
907
997
955
906
1956
971
853
916
893
1969
919
961
887
927
1953
932
892
925
911
2033
911
907
900
900
2613
938
907
893
923
2040
906
933
1015
964
2126
934
1972
973
899
906
921
4457
975
910
880
890
1888
937
906
926
893
2032
916
908
923
902
1965
939
930
956
922
1968
940
967
886
945
1899
950
886
926
916
2743
945
933
957
1138
2067
895
908
945
875
2113
969
1894
952
983
1003
924
1926
983
905
890
894
4275
954
910
902
883
2040
914
894
915
944
2130
903
883
919
899
2019
948
991
894
917
2103
920
935
879
925
2650
922
873
1010
947
2040
969
944
911
966
2167
901
2005
898
962
933
951
1920
916
895
880
916
1961
935
934
892
945
4207
938
913
891
929
1929
958
911
940
945
1977
925
906
945
910
1958
970
901
900
942
2660
937
902
930
922
2058
887
884
926
901
2120
926
1961
915
898
879
916
2105
938
907
941
931
1958
925
931
901
957
2017
950
972
957
885
4262
925
932
887
946
1929
922
917
976
900
2077
892
927
924
923
2718
937
930
920
875
2018
1011
896
903
908
2055
903
1911
980
936
888
892
1930
998
972
1006
895
2044
935
903
916
891
2050
930
972
873
972
2074
929
894
871
886
4196
850
925
864
914
1952
910
921
921
949
2678
891
860
900
904
2057
1648
932
929
895
2040
901
912
885
922
2111
870
1947
915
895
909
910
2065
895
928
851
1316
2715
935
907
912
891
1963
894
930
896
891
2032
919
880
894
930
4130
926
918
900
877
2709
949
867
917
886
2037
890
920
924
928
2575
886
941
909
898
1992
1003
1955
865
899
935
922
2110
955
920
964
917
2058
888
933
902
889
1991
900
921
976
919
1986
901
903
938
972
1942
920
925
918
925
4886
967
925
947
869
1941
959
942
931
988
2075
862
1891
916
904
1051
952
1981
935
937
887
942
1979
949
877
936
907
1972
917
1002
932
862
2031
944
961
904
923
1920
913
910
890
966
1896
883
878
918
880
2716
859
896
912
931
4141
919
888
901
946
2200
903
1894
890
911
917
919
1939
855
941
870
883
1936
895
903
911
894
2083
890
908
938
927
1900
895
910
927
910
1904
905
955
942
927
1968
930
935
897
911
2640
914
954
929
932
2067
891
