19520
23368
17675
18434
17506
17945
17760
18385
19756
19420
18098
18737
17057
18409
18676
18053
16954
19094
17547
18095
19168
18114
16932
17717
16639
18209
17479
18249
17049
18432
18468
17272
20910
20491
17952
17436
19754
17513
18398
18898
17930
17650
17600
24350
31773
17142
19035
17459
18218
18812
17735
16707
32591
30105
18064
18781
39058
30144
18747
16642
17780
16516
17187
17238
17454
31578
30769
30322
20213
16875
17777
18600
17850
16640
19930
16804
16270
18485
17922
17102
16877
21841
17458
17558
18134
18127
17328
19233
17278
17572
19056
18028
17392
20227
16960
17917
18459
17672
16429
26544
17193
28607
17386
19316
17321
18010
18240
30506
29497
14275
5826
6084
8483
3776
3892
5246
3910
5750
5060
3805
3612
4993
3582
3783
3685
3682
4249
3496
4019
3747
3661
5063
3576
5267
18951
3645
3628
5060
4108
3536
4840
3692
3555
5092
3578
3575
2396526
18840
3907
6467
7149
16396
3524
3494
3535
3613
3583
3546
3599
4911
3746
3544
4795
3531
3550
18041
5862
16794
5972
3628
3566
4850
3609
3710
5117
3536
3567
4822
3540
3649
3575
3612
16839
13641
5099
3648
3570
4912
3559
3628
5018
3683
3659
6206
3624
3640
8386
3559
3618
5970
3525
3671
3806
3515
3656
3611
3501
3564
3565
5737
3650
3840
4770
3597
3636
5913
3739
3820
4960
3540
3648
4915
3532
3692
5098
3597
7160
4975
3763
3631
5837
3572
4941
3644
3566
3723
3590
3539
3637
3540
6369
3566
3466
4885
3579
3668
5010
3676
4819
3689
3682
3637
3509
3744
4079
3608
3878
5253
3695
3717
4794
3449
3623
4865
3615
4886
4931
3541
5101
5866
5989
3569
5262
3564
3682
4904
3632
3527
5064
3442
3642
4409
3444
3468
4701
3539
3812
3609
5154
3501
3369
4641
3166
3295
4641
3329
3307
5535
3177
3234
4671
3426
3362
4531
3176
3254
5246
3249
3212
4642
3098
3346
3128
3182
4011
3312
3102
3217
3102
4499
3583
3300
4384
3169
3234
6032
3273
3291
4614
3274
4467
4423
3072
3069
4442
3207
3331
4513
3343
3172
3202
3199
3211
3137
3157
3106
3255
6160
3705
3262
4783
3179
3358
6061
3344
3227
12947
3381
3430
4715
3324
3337
10669
4433
3322
4694
3283
3327
10418
3333
3596
3367
3303
3302
3535
5597
3280
3204
4395
4263
3399
4504
5344
3235
4802
3167
3319
4543
3145
3174
4622
3343
3340
4507
3109
3108
5627
3154
3046
3187
3066
3138
3501
3037
3337
3222
4333
3113
3374
5258
3045
3390
4644
4294
3212
4811
3213
3243
4505
3154
3178
4414
3167
3185
4459
3050
3349
3334
3185
4028
3288
3279
3144
3074
4409
3040
3290
4511
3178
3396
4274
3179
3389
4434
3097
3162
5614
3135
3361
5611
3199
3125
4451
3151
3138
4169
3065
3150
3260
3453
3268
3203
4148
3142
3273
4769
4458
3362
5247
3100
3192
4370
3078
3170
4607
3185
3098
4529
4046
3191
4451
3224
3132
4386
3154
3201
4330
3034
3157
3265
3152
3219
3270
3120
3151
4283
4419
3210
3276
4481
3057
3321
4691
3164
3206
5726
3112
3213
4346
3059
6139
5546
5904
3577
4645
3339
3171
3143
3142
3141
3196
3167
3160
3183
4233
3139
3281
4499
5126
3123
4393
3037
3116
4286
2955
3083
4388
3179
3169
6618
3300
3269
4497
3356
4388
4248
3116
3154
3047
3105
3358
3034
3394
3220
3148
4248
3044
19472
3221
3133
3458
3989
3168
3188
3126
4188
3101
3186
4331
3051
3146
4227
3175
3054
4241
2940
3127
5101
3182
3134
5148
3203
3153
4293
3047
2913
4349
3088
3190
3190
3140
3104
3147
3836
3134
3179
4481
3077
3166
4440
3135
3037
4456
3046
3130
4144
3108
3102
4346
3476
4773
4307
2978
3061
4323
3091
3077
4073
2987
3050
3022
2930
3030
3160
3030
3153
4134
3986
2970
3102
5798
3118
3150
4327
3211
3092
4222
3097
3358
4289
3192
3039
5570
3186
3167
4616
3217
3246
12659
3204
3290
3292
3027
3110
2977
4370
3193
3099
4370
3954
3214
4358
3044
3026
4245
3018
3013
4150
3080
2961
4820
3005
3147
4298
3118
3868
6088
3156
3144
2987
2959
2968
3028
3039
3157
3109
4087
3027
3069
4232
2983
2995
5088
3072
3125
4194
3164
3037
4222
2912
2992
4275
3011
3163
4186
2955
3021
3239
3899
3073
3038
2951
3121
2976
4256
3043
3140
4139
3060
3028
4089
5209
3243
4374
3112
4467
4352
3184
3163
4242
3190
3066
5536
3201
3109
4283
3054
3061
3017
3872
3053
3619
3147
3143
3042
4060
2932
2908
4051
2976
2887
4087
2966
2918
4097
3087
2990
4133
3538
3011
4052
2991
3131
4100
3047
2992
4273
3030
3491
3220
3205
3108
3232
3065
8172
3222
4544
3085
3029
4213
3175
3157
4152
2908
3083
4306
3087
2959
4482
3074
4281
4321
3024
2995
4963
3196
3289
3324
3063
3187
3288
3226
3603
3378
4162
3034
3299
5554
3221
3063
4448
2984
3202
5054
2955
3141
4287
3139
3195
4236
3069
3019
4154
3832
3189
4304
3062
3009
3244
2960
27307
3213
3078
3010
3315
4389
3684
3071
13598
3110
4615
4381
3172
20385
28878
16130
16107
4290
3111
2718
4071
2730
2670
3849
2900
2601
4541
2663
2656
2667
2653
2704
2585
3810
2664
2610
4730
2668
2655
3940
2736
2623
4030
3773
2735
3753
2781
2678
3857
2760
2676
3799
2795
2645
3916
2789
2686
2742
2642
3818
3791
3820
2610
2627
6841
2770
2771
4259
2635
2716
4330
2597
2649
3981
2782
4079
4018
2819
2738
3867
2745
2756
4064
2757
2734
2802
2604
2668
2728
2676
2599
2635
4857
2628
2721
3765
2625
2780
4869
2633
2591
3776
2690
2618
3811
2642
2596
3864
27843
2915
5198
2571
2631
3801
2538
2577
2686
2715
2634
2603
2609
2667
2649
3937
3760
2530
3754
2534
2618
3813
2605
2554
3836
2644
2586
4073
2576
2667
3652
2577
2586
4934
2568
2600
2535
2676
2623
2577
2651
2644
2691
3801
2642
2631
10763
2692
2773
3970
3567
2760
4568
2611
2760
4002
2673
2641
3797
2582
2518
3925
2614
2635
3783
2638
27745
2885
2660
2676
2765
2690
2695
2754
3890
2606
2700
3967
2544
2706
4085
2680
3846
3916
2567
2549
4291
2727
2726
4105
2577
2642
3813
2698
2616
2744
2558
2666
2839
3235
2589
2731
3796
2536
2742
4155
2537
2646
4006
2571
2708
4058
14546
2706
4636
3772
2646
3923
2594
2490
3926
2664
2626
3784
2410
2639
2770
2508
2722
2529
2626
2660
3260
3735
2758
2794
3937
2561
2647
5364
2586
2625
3800
2713
2694
3743
2589
2653
5244
2630
2560
3809
2673
2667
3832
2777
2599
2837
2723
2600
2777
2555
2621
2816
32228
2700
2712
3967
2602
2785
3975
2636
2853
3915
2617
2659
4773
2756
2757
3949
2648
3558
3817
2633
2606
2617
3067
2613
2790
2679
2781
2712
3842
2621
2793
5577
2700
5431
4920
2612
2819
3814
2644
2711
3734
2652
2651
3784
2595
2606
3964
8651
2512
2428
27948
2349
2351
2350
2179
2399
3958
2582
2454
3606
2452
2548
3849
2594
2450
3862
4689
2578
3791
2540
2368
4534
2581
2514
3753
2493
2582
3756
2542
2586
2491
2526
24012
2681
2527
2462
2626
3766
2398
2517
3882
2565
2517
4005
4227
2593
3849
2497
2502
5133
2501
2503
3695
2544
2506
3876
2365
2446
2526
2499
2630
2528
2500
2465
2488
4163
2464
2471
3828
2445
2514
4189
2604
2570
3698
2538
2608
3743
2510
2436
3951
2432
4089
4584
2484
3047
3823
2443
2509
2605
2548
2520
2527
2513
2572
2498
3555
2510
3917
3786
2487
2456
4878
2574
2556
4006
2639
2531
3776
2586
2778
3739
2485
2409
9335
2473
2537
3943
2567
2661
2581
2480
2456
2516
2516
2501
2507
3633
2447
2463
3655
33840
2698
3788
2535
2467
3763
2538
2523
3642
2381
2470
4544
2513
2431
4102
2500
14980
2594
2518
2516
2592
2479
2486
2477
3731
2497
3770
3913
2452
2538
5291
2484
2422
5151
2568
2470
3683
2559
2434
3895
2594
2632
3767
2500
2470
3682
2429
2546
2504
3876
2625
2524
2461
2553
2437
4078
2566
2451
3699
2544
2560
3771
2516
2491
3704
4045
2592
3828
2571
2471
4687
2651
2570
3748
2521
2468
3685
2493
2523
2435
2514
2514
4230
2488
2586
2545
3762
2459
2426
4609
2467
2461
3699
2452
2533
4042
2509
2440
5174
2445
2600
3728
2521
2430
5140
2471
2531
2387
2501
2476
2531
2464
2408
2555
3733
29852
2580
3676
2535
2546
3946
2473
2530
3623
2433
2536
3524
2315
2297
3625
2382
3465
3647
2307
2446
3474
2281
2521
2458
2374
2334
2301
2403
2368
2339
3450
2337
3439
3543
2336
2344
4360
2323
2334
3467
2328
2250
3435
2302
2323
3283
2245
2325
3660
3314
2314
2272
2259
2372
2389
2352
2341
2533
3487
2354
2326
3366
2358
2326
3485
2281
3132
3534
2362
2348
3488
2349
2360
3685
2381
2313
3482
2347
2377
3509
2355
2350
3158
2289
2328
2270
2336
2388
2328
2524
3747
2384
2297
3550
2400
2351
3514
2311
21837
4014
2288
2368
3760
2293
2303
3702
2367
2303
3499
2224
2292
2383
2477
2333
2323
3699
2359
2331
4191
2363
2258
3356
2425
2388
3444
2343
2403
3610
2397
2518
3489
3228
2307
3475
2333
2391
3377
2332
2561
4156
2336
2407
2376
2324
2333
2330
2382
2345
26798
3914
2389
2340
3999
2484
2435
3609
2368
2481
3613
2330
2388
3535
2390
2325
5765
2327
2285
3674
2337
2496
2479
2405
2298
2513
3582
2404
2395
3544
2309
2473
5741
2400
2397
3541
2299
2385
3547
2472
2372
3722
2490
2415
3479
2366
2315
2410
2395
3486
2486
2252
2424
2461
3657
2371
2418
3545
2373
2522
3738
2330
2567
3647
2397
3343
3523
2341
2373
3488
2449
2370
4417
2314
2360
2380
2424
2374
2362
2318
2382
3709
3586
2407
2461
3546
2356
2424
3601
2410
2482
3745
2279
2352
4368
2277
2461
3517
3058
2334
3650
2284
2331
3465
2285
2393
2407
2360
2371
2501
2342
2313
2520
6402
3174
2428
3734
2310
2374
3575
2311
2471
3594
2438
2315
3528
2394
2477
4021
2331
3394
3609
2307
2282
4370
2313
2308
2336
2422
2260
2419
2315
2332
2432
3494
2237
2468
33148
2280
2432
3506
2368
2329
3485
2401
2353
3591
2411
2427
5661
2340
2473
3584
3328
2353
2485
2313
2434
2430
2321
2349
2450
3469
2309
2350
4482
2380
2379
3684
2287
3162
3646
2302
2445
3750
2411
2415
3846
2336
2435
3511
2297
2440
3561
2390
2443
4052
2400
2334
2411
2329
2341
2377
3373
2393
2421
3612
2266
2369
3575
2355
2598
4833
2394
2348
3694
2293
2332
3547
2366
2408
3715
2379
2301
2499
2339
2390
2367
2291
3059
2537
3390
2344
2456
3329
2331
2402
4231
2324
2425
3629
2328
2516
3514
2288
3139
3690
2371
2441
12233
2553
2423
3519
2373
2390
2370
2537
2352
2406
2295
2324
2477
4899
2374
2333
3787
2391
2421
3550
2461
2417
3590
2430
2336
3581
2407
2307
3622
3072
2342
3597
2404
2256
3380
2306
2425
2446
2323
2279
2407
2315
2454
2453
3383
2378
3634
4870
2433
2466
4297
2374
2428
3646
2305
2420
3651
2349
2410
3440
2325
2331
4952
2342
2379
2317
2316
2408
2483
2464
2445
2466
3409
2307
2468
3404
2269
2500
4704
2278
2411
3443
2261
2289
3484
2350
2367
3474
2286
2349
3542
2335
2424
4868
2357
38577
2615
2369
2406
2322
2418
2449
2430
3420
2349
2444
3706
2254
2364
3534
2321
3809
4303
2328
2284
3484
2372
2303
3606
2310
2337
3479
2336
2357
2372
2500
2349
3675
2313
2384
2328
3375
2321
2505
3428
2317
2462
3393
2275
2455
3632
2407
2431
3488
3070
2306
3459
2339
2351
3455
2381
2279
3920
2328
2459
2359
2371
2350
2456
2323
3269
2459
3438
2346
2493
3761
2382
2422
3536
2349
2405
3509
2366
2436
4363
2318
2283
4903
2267
2247
3641
2357
2351
3464
2337
2419
3189
2642
2574
2597
2442
2492
2458
6381
2430
2476
3465
2290
2300
3564
2333
2331
3532
2383
2290
3665
2422
2365
3427
3434
2308
3578
2374
2353
3498
2353
2325
2281
2363
2495
2380
2452
2373
2338
3535
2395
3342
3663
2322
2345
3489
2493
2509
3646
2326
2364
4233
2391
2340
3540
2428
2580
4984
11726
2461
2344
2477
2356
2327
2452
15255
2409
3645
2291
2398
3601
2423
2504
3510
38924
2572
3789
2333
2447
258800
3362
2966
349043
3129
3707
747101
3411
3004
2710
2487
34752
2605
2443
2539
2555
3722
2413
2415
3490
2373
2330
3879
2328
2485
4188
2390
3355
3572
2345
2441
3702
2435
2296
3520
2332
2379
2258
2283
3613
2330
2274
2307
2307
4266
2377
2313
17404
2377
2331
3603
2379
2232
3637
2334
4103
4902
2727
2730
3709
2500
3496
5128
2601
2494
2389
2300
2319
2299
2433
2422
2219
3833
2398
2405
3626
2408
3258
3567
2266
2305
3478
2306
2360
6230
2396
2351
6595
2286
2811
3436
2233
2367
4344
2402
2498
2369
2389
2340
2214
2299
2383
2613
4781
2567
2514
3932
2500
2436
3843
6025
2558
3879
2483
2392
3742
2425
2671
4299
2535
2546
3981
2352
2467
4668
2445
4650
2483
2493
2363
2345
2467
2447
2291
3788
2560
2518
3695
2550
2474
3618
2348
2472
5268
2420
2378
3708
2481
2429
3768
2382
2357
3862
2356
2637
2369
2440
2386
2389
4123
2462
2397
4428
2352
2455
3785
2452
2640
3671
2525
2425
6245
13883
2502
3658
2983
74296
4521
2472
2577
4284
2487
2477
3624
2405
2539
2378
2640
2391
2524
33663
2442
5213
4319
2479
2408
3742
2560
2507
4797
2533
2429
3728
2461
2402
3721
2502
2546
25877
2656
2512
3726
2401
2485
2543
2497
2547
2434
2380
2428
2351
3538
2518
2533
3699
3967
2632
3753
2346
2493
3720
2372
2414
3738
2402
2507
3705
2482
2388
3501
2510
3675
3685
2479
2652
2511
2518
2358
2438
2433
2473
2415
3648
2480
2478
5878
2446
2421
5172
2753
2422
3599
2541
2417
3594
2402
2434
3606
2536
2362
3676
2480
2390
3631
31665
2511
2441
2359
2481
2440
3758
2443
2575
3586
2430
2582
3627
2359
2496
3652
2483
3667
3798
2456
2552
3620
2509
2426
3777
2587
2420
3556
2439
2418
2473
2465
2431
3917
2457
2517
2292
3631
2403
2545
3707
2452
2443
3873
2404
2486
3489
2417
2423
3641
30610
2554
3639
2465
2455
3807
2498
2433
2465
2385
2410
2468
2553
2434
2380
3610
4006
2473
3565
2482
2437
3691
2486
12830
3746
2522
2423
3706
2449
2527
4486
2495
3683
3767
2330
2445
3765
2498
2387
2401
2449
2554
2404
2454
2444
2487
3537
2528
2445
26917
2601
2432
3626
2474
2479
3589
2437
2551
6547
2469
2441
3641
2518
2386
3660
16914
2668
2440
2536
2397
2401
2406
2429
2499
3569
2457
2522
4741
2459
2489
3671
4011
2485
3606
2431
2368
3772
2582
2439
3660
2451
2750
3689
2593
2543
3734
2580
2459
3640
2649
2515
2368
2436
2499
2433
3630
2428
2605
3608
2446
2393
3878
2498
2542
5163
2505
2327
3746
2495
2421
3738
2356
2534
3782
2474
2342
3598
2559
2479
2469
2426
4652
2530
2474
2472
2579
3663
2493
2325
3706
2350
2448
3636
2464
2399
3549
2432
36092
4059
2486
2487
3966
2309
2470
3642
2439
2487
2503
2455
2484
2425
2392
2446
4065
4543
2485
2336
3760
2425
2458
3680
2581
2539
3707
2475
2463
3725
2514
2404
3627
3704
2555
3721
2398
2552
3633
2484
2502
2573
2479
2358
2512
2472
2471
2390
3645
4778
2456
3605
2420
2518
3787
2489
2492
3849
2485
2496
3800
2529
2453
3640
2549
3859
3930
2459
2395
2528
2512
2383
2650
2470
2311
2560
4217
2494
2517
3715
2530
2428
5872
2595
2427
3680
2441
2379
3454
2408
2408
3621
2471
2640
4755
2450
2476
3680
33444
2508
2439
2394
2364
2414
2463
2410
2432
3649
2421
2424
3889
2418
2450
4559
2496
39327
4294
2412
2432
4030
2386
2468
3680
2370
2454
26628
2558
2413
2581
2391
2478
22298
2584
2475
2470
3803
2450
2415
3739
2496
2418
3691
2426
2649
3726
2515
2372
3800
22648
2494
4065
2430
2572
3701
2424
2476
3591
2425
2547
13577
2485
2488
2453
4467
18844
2556
3635
2485
2466
3797
2495
2541
3758
2378
2398
3688
2450
2447
3748
2345
2582
5648
2432
2375
3655
2430
2386
2417
2410
2367
2481
2365
2464
2414
3610
2465
4532
11371
2715
5296
3629
2464
2318
3734
2536
2453
3559
2298
2459
3564
2303
2365
3755
31537
2481
2421
2323
2438
2255
2437
2333
2411
3326
2341
2329
3491
2312
2247
3479
2341
22740
3870
2420
2360
3412
2284
2359
3439
2328
2410
3471
2369
2347
3429
2407
2285
13282
2274
2388
2335
2270
2310
2420
3433
2350
2567
4325
2301
2336
3809
2312
2316
3352
18453
2363
3478
2343
2403
3407
2268
2357
3542
2385
2319
2292
2430
2355
2322
2432
14015
2549
3517
2295
2275
3433
2324
2426
3713
2418
2323
3549
2322
2409
17766
2416
11618
23633
2294
2463
3371
2338
2313
2343
2363
2327
2357
2310
2382
2291
3415
2358
2378
17586
2462
2355
3546
2239
2355
4174
2274
2314
3392
2246
2367
3773
2207
2315
3392
3275
2292
3378
2379
2430
2267
2321
2272
2301
2398
2302
2311
3309
2340
2310
3376
2348
3019
3560
2270
2321
3275
2240
2353
3444
2257
2283
3454
2286
2260
3384
2260
2372
2970
2361
2310
2297
2430
2318
2265
3340
2337
2249
3432
2247
2326
3510
2373
2270
4089
2344
2231
4130
2330
2330
3472
2377
2243
3375
2301
2354
3353
2408
2308
2316
2381
21048
2364
2304
2528
2432
3386
2251
2372
3456
2251
2339
3389
2311
2295
3402
2311
12491
3700
2355
2329
3448
2345
2233
3460
2390
2345
2387
2339
2290
2276
2301
2240
2296
18428
2345
2369
3452
2335
2274
3422
2262
2253
3410
2357
2243
3309
2250
2343
4101
12230
2387
3345
2213
2997
3224
2303
2412
2398
2183
2310
2459
2390
2281
2424
3339
2306
19212
3776
2293
2299
3391
2299
2310
3375
2243
2256
3963
2411
2302
3506
2324
2301
16376
2310
2320
2316
2428
2346
2329
2256
2284
2308
17701
2459
2352
3423
2297
2247
12349
2435
2333
3387
2509
2352
3587
2231
2312
3483
2281
2306
4105
2343
2274
2536
2577
3271
2224
2378
2308
2250
3517
2363
2334
3454
2445
2251
3485
2345
2206
3324
2401
14127
3601
2258
2250
3516
2296
2260
3554
2248
2289
3423
2219
2375
2295
2280
2359
2355
3461
2293
2375
4141
2383
2277
3368
2303
2274
3395
2418
2276
3430
2263
2335
6032
14694
2420
3453
2333
2371
3363
2277
2290
2356
2327
2330
2297
2325
2336
2357
3604
10264
2398
3375
2509
2325
3509
2388
2448
3405
2258
2388
3398
2253
2294
3444
2187
2432
17105
2360
2266
2230
2253
2379
2266
2216
2382
2220
3359
2313
2327
3525
2314
2213
14428
2258
2263
3299
2256
2365
3599
2299
2217
3546
2246
2366
3485
2347
2256
3487
2274
16325
2301
2369
2296
2395
2362
2363
2361
3359
2326
2259
3361
2201
2262
3493
2338
12918
3625
2799
2301
3445
2342
2169
4025
2341
2384
3336
2310
2309
2302
2265
2364
2296
17132
2432
2295
3349
2258
2246
3305
2285
2380
3317
2395
2234
4138
2227
2225
3401
11935
2375
3317
2279
2312
3415
2257
2313
2362
2467
2288
2310
2353
2319
2276
3379
2320
3246
3449
2320
2297
5712
2312
2225
3522
2425
2333
3501
2223
2299
3429
2272
2242
4042
2304
2237
4238
2317
2406
2345
2263
2418
2304
2371
2385
2397
3447
2310
2379
15433
2351
2308
3448
2340
2318
3398
2300
2422
3472
2242
2248
3398
2363
2254
3429
2259
3020
2297
2377
2307
2270
2259
2414
2243
3479
2441
2209
4225
2388
2308
3356
2284
3178
3682
2357
2256
2385
2266
2369
2292
4932
798434
2826
5675
15758
2631
3680
2530
2461
58558
2460
2431
3525
4011
2468
3543
2407
2484
3642
2429
2486
3708
2373
2448
2470
3399
2358
2341
2426
2332
2267
3328
2325
2345
3349
2417
2310
3467
2422
2351
3557
2395
3143
4204
2405
2393
3559
2317
2242
3347
2273
2301
3397
2351
2266
2208
2388
2301
17063
2375
2340
2408
3519
2363
2929
5627
2352
2388
3486
2334
2316
3430
2315
2373
3503
3157
2327
3328
2337
2267
3730
2380
2243
2324
2383
2312
2377
2370
2290
2413
3421
15189
2408
3644
2302
2347
3467
2460
2302
3557
2362
2424
3508
2330
2336
4164
2267
2436
4338
2250
2376
5492
2247
2334
2250
2408
2310
2546
2368
2352
2322
3515
2362
2346
18542
2388
2340
3586
2347
2309
3453
2319
2339
3563
2296
2321
3452
2343
2438
3478
13142
2374
2323
2320
2275
2307
2469
2351
2267
3405
2305
2383
707097
15806
4594
5101
2941
7988
3937
2574
2421
4343
2734
2435
3541
2318
2395
3436
2282
2292
3351
2329
2251
34670
2632
2293
2383
6446
2270
2443
3450
2625
2440
4323
2284
2358
4150
2356
2371
4735
2355
2447
3558
2471
2313
3443
2448
2406
3711
2368
2358
2621
2368
2435
2425
2455
21848
2515
3542
2384
2549
3704
2387
2397
3511
2318
2345
3458
2309
2307
3612
2327
13513
6149
2285
2359
3432
2312
2338
2314
2338
2309
2285
2344
2377
2440
3255
2307
2345
18792
2408
2495
3550
2487
2387
4156
2298
2432
3495
2332
2398
3553
2399
2372
3432
3136
2519
3353
2259
2354
2411
2322
2269
2381
2363
2366
2353
5734
2338
2201
3382
2309
3176
3453
2264
2230
3561
2402
2339
3473
2324
2298
8798
2342
2509
4495
2341
2326
22068
2363
2345
15423
2253
2314
2334
3494
2321
2256
3444
2197
2214
3479
2273
2326
11992
2390
2221
3460
2261
2278
3618
2315
2333
6353
2402
2286
3304
2349
2304
2283
2303
18339
2420
2374
2393
2403
4305
2307
2271
3466
2357
2254
3361
2312
2354
3400
2278
13690
3959
2331
2329
3442
2329
2302
3259
2303
2275
2359
2377
2381
2324
2333
2335
2325
21220
2280
2416
3504
2269
2286
3392
2277
2277
3431
2347
2270
3555
2278
2327
3839
14197
2428
3491
2228
2395
2330
2340
2311
2264
2359
2268
2255
3479
2291
2266
3369
2242
18067
4609
2313
2401
3528
2430
2377
3616
2414
2304
3539
2451
2396
3521
2352
2311
4355
2409
2188
2325
2327
2342
2325
2376
2262
2311
3286
2204
2322
3496
2434
3042
19256
3018
2311
3494
2409
2286
3559
2369
2272
3497
2332
2194
3516
2283
2369
2340
2365
6141
2363
2205
2415
2437
3379
2364
2328
3528
2376
2424
3424
2280
2325
7029
2370
30472
3835
2333
2361
3419
2331
2322
3442
2330
2217
3450
2354
2287
2257
2341
2334
2296
21525
2427
2390
3408
2360
2329
3544
2289
2227
3479
2261
2358
3542
2325
2222
3528
15281
2427
3472
2297
2316
3639
2262
2315
2356
2292
2394
2344
2213
2235
2274
3629
10934
2332
3385
2319
2380
3359
2357
2330
3435
2216
2315
4219
2333
2392
3448
2268
2256
17198
2355
2254
2286
2390
2328
2317
2283
2387
2321
3352
2482
2365
3378
2293
2308
14079
2428
2269
3532
2211
2288
3472
2441
2307
3610
2338
2241
3390
2427
2404
3601
2242
19045
2370
2269
2279
2368
2323
2240
2321
3362
2327
2257
3508
2250
2217
3454
2257
13876
3740
2263
2341
3541
2315
2288
4329
2287
12793
3549
2284
2349
2333
2328
2299
2267
23933
2388
2303
10096
2355
2284
4034
2247
2304
3766
2330
2333
3739
2409
2327
3626
20405
2409
3969
2300
2362
4839
2267
2257
2750
2242
2224
2192
2302
2444
2274
4526
2362
5125
3497
2245
2216
3755
2354
2396
3659
2347
2302
3674
2281
2276
3968
2350
2260
42566
2426
2336
4427
2333
2361
2357
2306
2263
2338
2303
2361
2394
3656
2307
2378
4107
2398
2373
3479
2278
2546
3396
2289
2365
3369
2335
2644
4022
2351
2466
3690
2319
32785
2491
2331
2365
2304
2330
2296
2389
3501
2231
2307
5411
2258
2295
3526
2283
3287
3619
2280
2293
3432
2275
2267
3462
2298
2302
3565
2276
2384
3557
2261
2290
2362
3027
2359
2319
2406
2305
2235
3503
2219
2350
3480
2315
2313
3464
2286
2370
3612
21421
2447
3538
2360
2448
3363
2298
2290
3541
2315
2362
2319
2457
2308
2422
2298
3464
2285
3392
2334
2324
3568
2348
4235
4117
2293
2448
3496
2387
23866
4598
2411
2388
34009
2374
2274
3487
2322
2391
3393
2361
2359
2295
2488
2216
2223
2282
2387
2293
18011
2343
2330
3444
2325
2319
3461
2304
2296
3537
2340
2314
3462
2329
2346
4167
3364
2350
3535
2222
2337
2304
2297
2264
2343
2317
2290
2301
3616
2312
2244
4043
2305
18733
3785
2428
2319
3314
2326
2263
3561
2270
2313
3425
2301
2298
3448
2454
2559
16222
2416
2322
16431
2418
2326
2324
4320
2292
2557
3481
2316
2365
3476
2279
2459
4814
2464
2162
3515
2321
2375
3530
2282
2261
3496
2292
2331
4388
2278
2366
2383
2297
2918
2560
2277
2316
2387
3353
2285
2411
3401
2262
2312
3398
2234
2264
5730
2238
14570
3755
2284
2356
3699
2453
2472
3609
2337
2426
3416
2344
2262
2289
2282
2275
2342
18266
2377
2415
4264
2334
2461
3323
2303
2483
3402
2336
2239
3422
2272
2202
3489
2925
2337
3650
2369
2288
3540
2295
2252
2853
2398
2577
2341
2346
2169
2280
3485
2298
3144
3353
2404
2405
3489
2348
2291
3448
2283
2405
3398
2285
2239
3555
2326
2282
4487
2398
2321
3363
2295
2319
2445
2315
2330
2270
2246
2265
2277
3446
2302
2392
4066
22245
2454
3521
2265
2241
3432
2315
2326
3406
2242
2344
3472
2272
2256
3549
2206
15330
2412
2261
2300
2309
2255
2320
2311
3365
2327
2276
3287
2261
2295
3455
2316
12596
3820
2305
2312
3374
2365
2286
3625
2338
2463
3394
2180
2229
2333
2302
2332
2227
2991
2333
2285
5839
2258
2333
3319
2286
2282
3512
2273
2267
4143
2360
2285
3677
3012
2228
3476
2323
2303
3413
2360
2325
3417
2275
2289
2241
2234
2266
2294
2304
11074
2492
3536
2295
2437
3483
2311
2299
3420
2207
2370
3345
2235
2327
3541
2368
2323
19945
2409
2296
3371
2324
2254
2347
2292
2360
2325
2290
2323
2291
3271
2328
2318
14838
2920
2391
3396
2266
2398
3433
2353
2349
4221
2342
2301
3490
2298
2248
3461
2239
3139
3406
2287
2269
2320
2358
2278
2278
2313
2340
2340
3460
2912
2311
3278
2283
3064
3849
2393
2297
3469
2355
2189
3775
2266
2408
3507
2319
2300
3461
2331
2357
21134
2413
2214
2281
2283
2228
2390
3468
2295
2328
3410
2241
2322
3394
2282
2250
3491
3350
2232
3429
2360
2300
4344
16090
6266
2942
1410
1436
2390
1319
1208
1210
1237
1188
1237
1261
1148
1201
2334
1165
1311
2263
1200
1102
2335
1104
1192
2357
1112
1211
2244
1234
1117
18872
5743
1511
2760
1252
1144
1171
1100
1084
1155
1121
1139
1193
2420
1071
1077
2279
1076
1110
5125
1156
1052
2418
1114
1128
2202
1088
1137
2188
1048
1090
3000
1093
1082
2190
1130
1106
1228
1148
1079
1107
1075
1077
1156
2411
1235
1086
2268
1106
1056
2752
1043
1085
2335
1120
1132
2168
1085
1071
2919
1057
1151
2210
1261
1056
1150
1108
1167
1159
1155
1086
1214
2919
1099
1105
2390
1117
1130
2365
1100
1079
2239
1210
1140
2569
1081
1119
2166
1070
1095
2760
1107
1080
2948
1190
1073
1112
1068
1099
1088
1115
1061
1094
2358
1085
1152
2154
1121
1093
2179
1069
1171
2269
1060
1115
2221
1111
1131
2191
1100
1117
2271
1085
1080
2177
1097
1074
1090
1083
1074
1109
1210
1050
1075
3408
1088
1043
2120
1045
1092
2376
1092
1117
2207
1073
1093
2242
1069
1075
2232
1097
1078
2191
1080
1135
3097
1085
1026
1108
1055
1091
1129
1190
1109
1112
2387
1086
1066
2304
1104
1152
2232
1103
1162
2267
1101
1158
2261
1109
1060
2226
1149
1097
2181
1115
1057
1103
1048
1072
1074
1132
1079
1061
2379
1111
1084
2911
1056
1095
2202
1095
1089
4543
1092
1052
2190
1079
1119
2248
1104
1104
2593
1056
1084
2159
1055
1091
1116
1139
1050
1104
1088
1080
1050
2605
1045
1186
2216
1097
1094
2352
1098
1134
2116
1084
1097
2303
1080
1061
3061
1025
1088
2173
1120
1051
2148
1109
1098
1196
1072
1141
1036
1125
1139
1102
2260
1135
1041
2870
1114
1087
2114
1064
1117
2189
1088
1087
2200
1078
1059
2239
1096
1149
2338
1125
1156
1183
1133
1121
1115
1105
1070
1068
2277
1092
1104
2201
1072
1138
2222
1069
1142
2153
1099
1186
2194
1133
1072
2175
1106
1052
2709
2934
1187
2179
1104
1042
1099
1095
1082
1115
1125
1041
1102
2352
1116
1084
2285
1073
1166
3109
1169
1091
2235
1045
1107
2342
1061
1110
2338
1065
1113
2240
1063
1129
1091
1193
1118
1103
1164
1093
1112
2292
1175
1130
2359
1098
1102
2204
1137
1130
2226
1108
1137
2181
1116
1100
2229
1161
1096
2249
1140
1103
2362
1109
1116
1083
1206
1133
1102
1051
1071
1079
2392
1092
1135
2264
1064
1172
2224
1072
1114
3248
1049
1130
4440
1078
1085
2184
1098
1046
2219
1132
1082
2172
1105
1121
1087
1119
1097
1147
1106
1104
1110
2352
1111
1103
2250
1069
1154
2455
1201
1094
2199
1076
1145
2222
1118
1084
2245
1089
1090
3009
1123
1121
1058
1135
1060
1059
1105
1110
1061
49856
1205
1122
2367
1088
1145
2238
1114
1126
2232
1121
1114
2402
1104
1063
2235
1135
1114
2320
1111
1114
2295
1108
1128
1126
1096
1133
1103
1039
1058
1094
3070
1083
1094
2190
1062
1051
2221
1069
1070
2255
1134
1121
5454
1115
1114
2373
1066
1069
2294
1085
1102
2861
1109
1077
1107
1142
1022
1140
1144
1108
1195
2501
1082
1081
2184
1210
1180
2344
1115
1084
2221
1158
1083
2248
1064
1166
2537
1099
1242
2207
1145
1094
1088
1088
1064
1120
1114
1091
1098
2237
1059
1131
2971
1096
1087
2197
1081
1077
2406
1056
1145
2244
1081
1165
2169
1051
1105
2325
1089
1131
2192
2336
1123
1089
1129
1052
1076
1111
1077
1145
2365
1075
1119
2198
1100
1072
2174
1150
1079
2207
1126
1087
2131
1096
1108
2203
1067
1095
2137
1137
1080
2190
1128
1056
1059
1041
1060
1180
1137
1058
1094
2272
1084
1060
2968
1093
1128
2215
1132
1123
2144
1059
1059
2690
1115
1094
2178
1085
1108
2211
1097
1123
1069
1063
1100
1106
1078
1042
1030
5364
1114
1083
2136
1153
1097
2238
1073
1086
2183
1203
1069
2225
1123
1155
2298
1130
1136
2188
1136
1171
2139
1134
1117
1098
1126
1140
1105
1136
1157
1105
2358
1185
1154
2163
1124
1065
3011
1086
1096
2324
1234
1154
2230
1103
1104
4641
1082
1121
2348
1068
1079
2170
1125
1140
1156
1182
1209
15095
1223
1063
1060
2366
1106
1198
2254
1096
1145
2322
1118
1073
2184
1099
1063
2445
1028
1290
2250
1087
1090
2197
1095
1196
1171
1046
1136
1092
1177
1103
1096
2280
1127
1089
2124
1084
1137
2168
1138
1134
2991
1133
1116
2298
1197
1093
2268
1108
1119
2340
1090
1106
2408
1146
1137
1169
1113
1117
1141
1149
1123
1092
2401
1138
1098
2227
1107
1086
2195
1105
1133
2206
1107
1132
2258
1068
1074
2356
1077
1109
2238
1134
1099
2212
1092
1075
1089
1094
1094
1113
1178
1135
1102
2296
1083
1092
2097
1140
1140
2160
1142
1099
2910
1088
1143
2319
1112
1100
2126
1105
1130
2255
1086
1124
1158
1076
1090
1101
1079
1087
1120
2426
1091
1090
4337
1154
1102
2199
1107
1126
2167
1129
1094
2248
1105
1100
2297
1045
1063
2195
1051
1157
2221
1208
1130
1135
1081
1171
1053
1101
1083
1047
2261
1127
1139
2096
1188
1105
2146
1039
1128
2112
1153
1070
3030
1057
1108
2173
1146
1092
4727
1100
1085
1030
1099
1103
1079
1149
1129
1088
2573
1098
1081
2216
1086
1083
2177
1055
1085
2230
1134
1064
2286
1038
1064
2259
1090
1106
2234
1089
1109
2200
1084
1090
1162
1118
1065
1073
1121
1197
1084
2384
1100
1096
2137
1117
1105
2212
1090
1090
2157
1110
1099
2205
1098
1064
2932
1124
1132
2215
1092
1078
2207
1173
1060
1096
1049
1131
1078
1081
1109
1100
2316
1007
1083
2237
1038
1137
2261
1064
1083
2498
1224
1156
2247
1035
1055
2214
1101
1101
2180
1084
1113
1096
1140
1129
1054
1089
1054
1012
2226
1018
1117
2246
1097
1107
2259
1038
1177
2276
1109
1055
2121
1079
1123
2356
1170
1104
2907
1097
1132
2235
1099
1077
1081
1060
1089
1093
1110
1073
1092
2454
1055
1073
2118
1089
1071
4794
1133
1042
2185
1147
1084
2223
1054
1123
2236
1097
1084
2301
1099
1141
2167
1162
1109
1090
1145
1066
1108
1084
1073
1083
2237
1133
1191
2210
1120
1077
2209
1095
1052
2149
1074
1092
2208
1091
1107
2211
1069
1133
2918
1095
1036
4004
1072
1103
1192
1126
1097
1113
2271
1100
1121
2260
1067
1055
2178
1105
1055
2085
1117
1108
2230
1088
1038
2313
1073
1047
2218
1084
1110
2093
1124
1054
1081
1153
1071
1073
1089
1116
1109
2900
1082
1071
2153
1067
1149
2204
1083
1084
2271
1101
1110
2142
1061
1125
2195
1066
1119
2117
1080
1066
2779
1131
1102
1086
1191
1096
1090
1151
1027
1101
2273
1035
1419
2569
1063
1116
3026
1075
1116
2229
1108
1126
2286
1062
1050
2182
1046
1073
2232
1151
1108
2233
1060
1083
1134
1167
1130
1152
1174
1098
1086
2971
1088
1098
2174
1103
1107
2197
1006
1062
2221
1131
1096
2223
1087
1094
2171
1076
1042
2188
1045
1074
1066
1082
1088
1083
1068
1061
1076
2262
1099
1076
2160
1129
1095
2237
1069
1097
4370
1093
1070
2113
1055
1052
2161
1135
1136
2224
1120
1093
2156
1130
1108
1129
1136
1097
1091
1218
1188
1085
2304
1076
1057
2958
1043
1074
2173
1055
1089
2251
1073
1066
2172
1077
1023
2224
1093
1059
2282
1057
1144
2167
1127
1051
1056
1049
1069
1133
1160
1046
1082
2252
1056
1068
2149
1104
1050
2245
1013
1075
2217
1069
1096
2189
1117
1095
2259
1051
1138
2210
1079
1039
1121
1058
1067
1076
1217
1022
1113
2275
1093
1089
2128
1068
1061
2154
1090
1057
4312
1069
1090
2106
1101
1075
2157
1104
1082
2172
1083
1138
2262
1387
1141
1164
1167
1093
2349
1124
1126
1110
2315
1184
1112
2189
1070
1055
2150
1115
1098
2104
1060
1061
2163
1086
1087
2909
1076
1087
2142
1145
1115
2186
1080
1085
1091
1068
1111
1117
1178
1115
1125
2274
1117
1100
2155
1095
1053
2205
1063
1091
2192
1085
1133
2212
1246
1137
2274
1089
1074
2184
1051
1058
1076
1135
1068
1047
1093
1066
1117
2358
1109
1070
2114
1057
1029
2146
1041
1097
2211
1060
1146
2088
1104
1100
2087
1033
1062
2912
1044
1069
2133
1208
1164
1137
1216
1060
1115
1148
1110
1128
2348
1125
1094
2114
1067
1174
2226
1111
1187
2150
1058
1135
2232
1133
1097
2163
1126
1142
2227
1128
1150
2146
1157
1098
1129
1098
1115
1141
1136
1133
1169
2313
1103
1111
2195
1109
1159
2131
1118
1108
2120
1116
1148
2154
1080
1072
2111
1100
1091
3081
1082
1076
1061
1075
1185
1145
1133
1133
1106
2299
1087
8336
2193
1160
1127
2275
1116
1099
2175
1193
1129
7650
1078
1106
2269
1087
1080
2640
69339
1092
2264
1083
1268
1341
1082
1081
1069
1054
1090
1085
3797
1028
1114
2335
1044
1219
2665
1088
1055
2543
1045
1069
2455
1065
1097
2120
1095
1076
2158
1259
1086
3613
1207
1075
1093
1172
1145
1085
1158
1061
1065
2280
1079
1049
2276
1079
1112
2151
1152
1117
2322
1082
1128
2303
1128
1138
2242
1079
1153
2134
1096
1094
1102
1049
1093
1101
1101
1082
2900
2901
1117
1088
2948
1088
1169
2238
1078
1104
2147
1048
1118
2284
1094
1099
2198
1145
1227
2149
1117
1112
2116
1144
1073
1075
1064
1149
1047
1137
1078
1111
2254
1094
1090
2208
1071
1098
2279
1058
1042
2127
1029
1057
2088
1078
1080
2093
1126
1103
2173
1062
1115
1088
1091
1105
1076
1151
1047
1080
4425
1127
1088
2319
1091
1125
2853
1068
1257
2175
1130
1009
2379
1037
1107
2393
1127
1083
2206
1078
1063
2223
1160
1186
1031
1349
1141
1097
1131
1066
1130
2343
1098
1102
2290
1076
1059
2179
1068
1078
2177
1058
1110
2234
1072
1106
4601
1069
1174
2454
1091
1144
2129
1082
1136
1084
1136
1060
1200
1095
1090
1096
2381
1093
1080
2110
1099
1039
2913
1084
1090
2243
1088
1144
2319
1106
1138
2259
1114
1099
2216
1112
1045
2059
1153
1040
1148
1216
1072
1091
1256
1084
1085
2164
1134
1090
2115
1063
1142
2145
1063
1057
2283
1075
1113
2276
1040
1056
2114
1155
1083
2231
1142
1254
1082
1061
1058
1099
1197
1109
1074
2246
1097
1073
2179
1084
1069
2192
1078
1047
3363
1126
1084
2414
1089
1095
2177
1089
1101
2309
1092
1080
2163
1078
1098
1127
1064
1078
1083
1069
1106
1086
2299
1049
1043
2122
1074
1103
2146
1094
1075
2133
1046
1221
2248
1132
3233
4338
1550
1309
2502
1207
1149
2266
1215
1087
1182
1119
1128
1159
1165
1103
1066
5183
1077
1129
2238
1071
1084
2171
1079
1062
3013
1068
1054
2216
1065
1057
2171
1072
1214
2305
1095
1100
1086
1035
1055
1099
1129
1051
1085
3555
1082
1128
2314
1116
1085
2233
1057
1155
2130
1112
1093
2245
1099
1107
2179
1085
1072
5657
1093
1075
1140
1090
1084
1074
1130
1080
1088
2395
1049
1083
2308
1097
1074
2221
1108
1065
2117
1107
1024
2204
1229
1057
2818
1104
1074
2150
1052
1076
2124
1118
1102
1067
1073
1069
1048
1138
1069
1092
2423
1064
1100
2403
1228
1214
2228
1069
1238
2232
1114
1151
2259
1126
1121
2274
1127
1132
1157
1152
1101
1091
1182
1124
1071
3090
1105
1129
2263
1161
1170
2219
1099
1136
2197
1186
1141
2332
1140
1160
2176
1104
1154
2229
1128
1075
1185
1129
1125
1123
1169
1117
1118
2330
1093
1061
2170
1070
1141
2196
1033
1049
2121
1081
1077
2301
1122
1080
2133
1092
1117
2354
1090
1080
2139
1098
1040
1166
1125
1130
1101
1084
1088
1133
2355
1263
1189
3834
1101
1082
2242
1090
1095
2796
1183
1109
4722
1122
1067
2190
1013
1135
2207
1090
1064
1229
2422
1088
1119
2148
1091
1103
2234
1045
1093
2123
1099
1093
1095
1035
1058
1091
1164
1045
1097
2336
1070
1105
2801
1111
1144
2143
1060
1118
2168
1020
1077
2068
1039
1138
2156
1067
1065
2161
1038
1065
1067
1100
1093
1063
1100
1069
1071
3813
1118
1084
2055
1059
1092
2227
1090
1036
2220
1077
1150
2207
1075
1066
2258
1088
1090
2192
1111
1084
2231
1063
1102
1124
1077
1109
1092
1085
1062
1098
2236
1086
1131
4230
1075
1107
2778
1063
1080
2128
1123
1075
2381
1105
1149
2143
1065
1047
2167
1060
1077
1108
1061
1093
1060
1208
1119
1085
2280
1136
1130
2275
1065
1082
2138
1057
1057
2078
1135
1084
2159
1077
1103
2150
1065
1092
2869
1153
1052
2294
1053
1097
1087
1083
1029
1100
1070
1085
1061
2325
1077
1091
2220
1080
1086
2100
1075
1020
2156
1094
1060
2100
1029
1100
2147
1040
1146
2189
1098
1067
2177
1177
1083
1116
1135
1103
1055
1158
1100
1042
2369
1087
1160
4249
1066
1033
2139
1112
1102
2164
1037
1065
2126
1073
1034
2158
1081
1030
2823
1063
1074
2175
1052
1058
1114
1109
1041
1055
1143
1120
1015
2201
1056
1039
2179
1064
1051
2170
1067
1061
2169
1087
1069
2131
1034
1048
2077
1102
1086
4341
1052
1060
1102
1032
1051
1051
1079
1074
1048
2968
1094
1047
2150
1101
1096
2174
1294
1058
2312
1095
1075
2160
1040
1006
2147
1037
1046
2156
1079
1063
2888
1082
1054
1064
1088
1070
1096
1125
1048
1077
2241
1074
1057
2109
1032
1085
2141
1108
1114
2213
1114
1053
2134
1078
1089
2096
1095
1036
2162
1047
1072
2088
1061
1055
1076
1112
1086
1117
1113
1078
1097
2942
1085
1122
2110
1052
1037
2145
1063
1089
2191
1082
1116
2162
1099
1088
2234
1042
1115
2084
1100
1014
1066
1052
1192
1068
1095
1050
1085
2228
1109
1090
2145
1022
1040
2110
1075
1059
2100
1082
1077
2128
1080
1128
2117
1070
1048
2130
1079
1021
1052
1028
1081
1050
1090
1074
1067
2138
1063
1065
2206
1030
1039
2864
1066
1029
4437
1086
1024
2114
1069
1079
2119
1045
1035
2114
1025
1103
2194
1083
1054
1078
1087
1141
1049
1089
1164
1052
2286
1081
1091
156889
1230
1043
2125
1079
1081
2118
1017
1043
2090
1070
1038
2182
1082
1110
2104
1077
1080
2206
1103
1048
1069
1077
1070
1092
1123
1049
1059
2288
1076
1070
2185
1069
1030
2898
1064
1090
2094
1079
1045
2174
1081
1054
2205
1028
1084
2144
1120
1042
1070
1073
1073
1097
1091
1079
1081
2133
1097
1050
2111
1067
1083
2174
1103
1084
2103
1083
1058
2185
1074
1058
2081
1090
1047
2134
1158
1075
2128
1106
1045
1043
1089
1106
1084
1076
1082
1065
2271
1086
1077
2108
1114
1105
2186
1061
1027
2796
1068
1031
2176
1113
1131
2152
1043
1105
2132
1058
1032
2075
1095
1107
1082
1080
1014
1131
1070
1097
4707
3788
1279
1285
2339
1195
1071
2141
1145
1138
2126
1122
1090
2345
1086
1203
2537
1190
1061
2174
1063
1043
1083
1115
1058
1101
1119
1079
1006
2143
1063
1101
2273
1095
1063
2212
1108
1107
2251
1072
1105
5583
1085
1086
2182
1131
1080
2221
1072
1088
2113
1097
1104
1100
1086
1092
1048
1077
1063
1108
2231
1098
1054
2134
1057
1043
2135
1126
1111
2089
1176
1068
2079
1051
1068
2150
1118
1082
2134
1033
1111
2144
1096
1085
1129
1086
1066
1083
1076
1079
1074
2215
1064
1106
3511
1090
1095
2210
1063
1018
2162
1124
1068
2812
1091
1092
2140
1056
1042
2091
1075
1106
1080
1052
1068
1096
1115
1071
1048
2177
1118
1082
2398
1060
1026
2070
1074
1066
2140
1077
1068
2078
1120
1044
2187
1076
1064
2138
1068
1087
2373
1099
1050
1046
1076
1096
1048
1093
1051
1070
2319
1086
1095
2116
1037
1059
2112
1119
1074
2285
1037
1098
2177
1060
1117
2864
1081
1169
2153
1070
1040
2127
1029
1125
1050
1153
1193
1038
1159
1131
1079
2338
1024
1078
2184
1100
1029
2347
1058
1046
2109
1051
1063
2347
1097
1088
2160
1120
1068
2099
1070
1069
2078
1134
1081
1075
1072
1054
1129
1146
1102
1068
2181
1076
1110
2294
1085
1130
2164
1095
1089
2326
1122
1037
7118
1078
1077
2780
1111
1085
2166
1036
1031
1163
1101
1083
1145
1111
1059
1107
2351
1109
1084
2116
1151
1168
2122
1101
1075
2356
1080
1118
2140
1068
1101
2137
1276
1098
2257
1109
1282
2205
1086
1083
1081
1104
1060
1077
1060
1098
1078
2320
1098
1088
2110
1142
2738
2254
1073
1042
2231
1046
1320
2135
1067
1091
2286
1071
1074
2925
1040
1075
1132
1104
1120
1096
1083
1083
1040
2237
1023
1057
2152
1082
1100
2096
1024
1084
2097
1074
1145
2074
1040
1096
2115
1066
1044
2375
1019
1112
2151
1067
1049
1067
996
1202
1147
1131
1096
1115
3031
1045
1093
2157
1067
1018
2170
1040
1076
2138
1099
1098
2264
1191
1146
2138
1104
1070
2281
1075
1066
1133
1067
1085
1093
1201
1072
1111
2272
1100
1132
4988
1080
1151
2196
1072
1159
2165
1106
1098
2142
1162
1144
2117
1087
1139
2254
1095
1169
2227
1083
1135
1121
1162
1152
1112
1059
1107
1082
2423
1124
1079
2863
1100
1096
2152
1077
1052
2207
1122
1087
2261
1109
1099
2193
1094
1132
4653
1107
1109
2112
1076
1098
1161
1126
1113
1103
1108
1084
1132
2658
1095
1105
2136
1091
1114
2289
1081
1108
2200
1129
1127
3220
1113
1081
2232
1181
1098
2407
1146
1104
2197
1135
1162
1045
1108
1121
1059
1229
1058
1118
5935
1080
1052
2157
1083
1136
2277
1048
1186
2322
1083
1289
2166
1109
1086
2264
1124
1159
2238
1079
1123
1139
1112
1082
1203
1149
1117
1117
2218
1105
1103
2120
1084
1114
2175
1072
1109
2191
1063
1060
2236
1140
1117
3127
1102
1079
5353
1123
1097
2166
1120
1242
1377
1111
1121
1134
1084
1102
1114
2467
1084
1126
2195
1136
1107
2252
1084
2322
2192
1098
1150
2097
1101
1067
2169
1085
1218
2441
1126
1179
1121
1109
1063
1093
1092
1118
1069
2246
1046
1065
2023
1056
1039
2039
1102
1124
2207
1075
1065
2080
1082
1074
2140
1079
1097
2983
1069
1078
2034
1076
1171
1090
1122
1113
1050
1161
1166
1121
2216
1130
1086
2112
1072
1103
2076
1088
1072
2179
1074
1090
2105
1088
1093
2221
1096
1098
2130
1116
1067
1093
1123
1072
1077
1169
1068
1092
2895
1108
1090
2263
1095
1098
2091
1082
1095
2195
1085
1360
2074
1081
1074
2204
1064
1098
2057
1092
1050
2891
1078
1102
1082
1168
1100
1036
1080
1242
1075
2231
1087
1041
2182
1106
1093
4199
1102
1288
2163
1143
1100
2138
1098
1091
2148
1102
1095
2155
1067
1033
2135
1059
1066
1089
1126
1085
1048
1097
1115
1066
2954
1112
1109
2112
1138
1111
2240
1102
1165
2150
1039
1119
2322
1105
1147
2064
1093
1058
2093
1124
1098
4895
1054
1047
1097
1106
1110
1126
1125
1064
1144
2261
1087
1106
2111
1129
1106
2463
1091
1098
2125
1104
1114
2188
1067
1086
2330
1098
1142
2158
1103
1108
1086
1020
1075
1071
1085
1078
1087
2403
1091
1112
2723
1214
1102
2110
1031
1091
2184
1056
1041
2102
1063
1073
2152
1047
1054
2312
1097
1066
2063
1086
1068
1143
1100
1084
1060
1038
1037
1055
2265
1210
1059
2236
1048
1089
2201
1041
1067
2149
1118
1061
2210
1095
1101
2180
1101
1061
2242
1108
1135
1094
1064
1035
1046
1199
1076
1114
2275
1086
1162
2131
1114
1062
2861
1106
1111
2195
1109
1153
2135
1098
1101
2120
1159
1128
2221
1105
1076
2104
1112
1099
1046
1035
1054
1028
1134
1025
1077
2226
1047
1080
2037
1015
1062
2049
1046
1098
4410
1073
1029
2046
1051
1090
2122
985
1090
2276
1034
1066
1117
1070
1113
1035
1075
1081
1071
2086
1065
1087
2182
1029
1113
2399
1060
1081
2838
1128
1059
2113
1089
1082
2140
1059
1147
2203
1117
1170
2064
1070
1136
1023
1142
1090
1078
1078
1058
1130
2312
1081
1039
2013
1045
1021
2200
1093
1112
2063
1059
1104
2080
1174
1078
2131
1077
1078
2242
1083
1080
2111
1137
1068
1111
1113
1095
1085
1086
1081
1073
2294
1077
1057
2068
1028
1081
2028
1084
1256
2933
1084
1078
2101
1083
1043
2178
1049
1156
2193
1153
1158
1993
1153
1125
1195
1140
1071
1027
1158
1101
1031
2294
1038
1102
2088
1074
1073
2169
1081
1100
2141
1177
1103
2191
1085
1093
2090
1041
1069
2257
1094
1132
1079
1045
1092
1077
1152
1070
1085
2235
1040
1210
2129
1082
1062
2264
1042
1056
2148
1085
1100
2868
1070
1090
2178
1071
1061
2270
1031
1101
2140
1081
1075
1151
1146
1101
1116
1297
1178
1071
2285
1203
1084
2122
1085
1088
2096
1138
1119
2079
1127
1151
4376
1140
1113
2356
1135
1053
2049
1076
1070
1204
1100
1119
1078
1118
1102
1082
2190
1102
1092
2257
1080
1145
2123
1081
1103
2100
1148
1175
2173
1107
1135
3026
1118
1206
2106
1098
1108
2252
1197
1204
1151
1128
1115
1128
1145
1094
1098
2247
1104
1101
2281
1083
1121
2186
1192
1093
2200
1132
1140
2211
1070
1073
2288
1105
1086
2166
1206
1149
2129
1145
1142
1084
1145
1102
1147
1093
1081
1082
2361
1068
1135
2351
1127
1042
2096
1134
1139
2068
1122
1080
2179
1105
1101
2814
1172
1133
2211
1143
1113
2081
1101
1130
1122
1063
1135
1083
1133
1255
1156
2222
1104
1118
2154
1102
1076
2139
1087
1321
2439
1061
1106
2175
1094
1085
2146
1100
1206
2262
1144
1091
1122
1064
16942
1149
1120
1025
1074
4551
1026
1073
2129
1063
1103
2194
1073
1017
2208
1094
1088
2094
1028
1103
2127
1074
1119
2800
1055
1060
2083
1136
1065
1131
1081
1049
1064
1103
1062
1185
2322
1070
1044
2304
1123
1146
2297
1069
1113
2184
1030
1079
2315
1064
1034
4304
1067
1032
2107
1051
1123
2084
1112
1051
1080
1055
1065
1145
1119
1083
1080
2214
1035
1052
2095
1056
1029
2119
1035
1046
2231
1066
1093
2238
1086
1048
2122
1044
1091
2774
1060
1056
1084
1084
1130
1067
1100
1070
1059
2256
1030
1089
2171
1106
1055
2122
1061
1034
2162
1047
1048
2223
1044
1039
2241
3014
1100
2132
1111
1168
1094
1088
1089
1153
1148
1067
1037
2201
1086
1093
2119
1065
1041
2137
1158
1155
2086
1060
1100
2194
1061
1204
2510
1080
1122
4573
1096
1106
2112
1123
1155
1111
1096
1061
1077
1086
1072
1064
2257
1085
1069
2054
1079
1094
2032
1045
1084
2164
1171
1058
2896
1131
1043
2100
1119
1074
2166
1064
1116
2205
1057
1043
1081
1113
1079
1078
1157
1014
1128
2222
1115
1124
2085
1051
1076
2169
1146
1068
2120
1094
1065
2117
1075
1044
2090
1053
1078
2138
1045
1056
1226
1104
1048
1165
1098
1082
1071
2202
1077
1096
2313
1076
1113
2157
1085
1086
2055
1059
1076
2348
1060
1081
2827
1074
1127
2168
1053
1076
2074
1133
1053
1089
1070
1044
1071
1125
1054
1145
2265
1105
1089
2089
1143
1085
2243
1065
1076
2177
1057
1096
2184
1081
1061
2053
1051
1066
2184
1136
1080
2198
1133
1054
1107
1108
1084
1093
1078
1111
1119
2392
1081
1079
4363
1105
1131
2220
1065
1087
2264
1287
1102
2173
1092
1178
3039
1126
1070
2292
1036
1172
2047
1086
1097
1119
1087
1067
1089
1168
1011
1076
2171
1023
1247
3364
1104
1091
2194
1079
1112
2412
1099
1039
2278
1153
1108
2287
1071
1136
4889
1065
1133
1113
1109
1095
1118
1203
1146
1084
2259
1087
1081
2217
1127
1085
2119
1094
1221
2223
1126
1075
2148
1047
1134
2666
1157
1142
2943
3033
1098
2245
1119
1087
1117
1204
1119
1104
1346
1060
1151
2354
1087
1118
2139
1136
1049
2189
1084
1093
2366
1116
1135
2431
1100
1128
2271
1132
1133
2152
1108
1097
1100
1107
1089
1530
1089
1105
1056
3381
1154
1078
2109
1141
1045
2143
1058
1179
2392
1170
1060
2200
1117
1065
2071
1059
1083
2286
1092
1051
3271
1100
1169
1048
1152
1059
1153
1043
1125
1071
2341
1108
1068
2297
1069
1063
2041
1036
1082
2135
1025
1056
2105
1053
1069
2164
1069
1043
2061
1085
1114
1972
1121
1043
1033
1106
1048
1091
1105
1078
1079
3012
1068
1032
2116
1083
1057
4589
1007
1082
2079
1075
1111
2168
1064
1093
2135
1115
1019
3358
1071
1117
1137
1104
1052
1039
1103
1048
1125
2195
1043
1018
2087
1067
1002
2153
1044
1051
2191
1111
1007
2147
1033
1083
2093
1038
1045
2181
1045
1075
2147
1089
1039
1121
1089
1054
1098
1073
1051
1045
2410
1076
1034
2791
1104
1061
2085
1045
1078
2061
1096
1092
2135
1104
1044
2066
1255
1064
2182
1120
1102
2020
1334
1087
1106
1106
1030
1161
1131
1159
1067
2271
1131
1038
2113
1059
1107
2111
1106
1119
2111
1094
1089
2106
1091
1034
2088
1063
1114
2084
1085
1090
1123
1178
1076
1069
1128
1027
1053
2148
1060
1058
2132
1122
1115
2924
1064
1068
2061
1093
1160
2098
1059
1074
2128
1034
1105
2146
1064
1043
2152
1028
1124
1110
1096
1020
1061
1088
1085
1051
2218
1061
1141
2247
1090
1078
2099
1074
1039
2128
1074
1107
2134
1094
1124
2186
1067
1135
2109
1085
1067
1111
1086
1062
1086
1103
1218
1057
2225
1099
1063
2081
1103
1132
2259
1088
1139
2771
1066
1069
4518
1167
1078
2133
1100
1093
2055
1080
1087
2051
1096
1071
1130
1143
1135
1078
1056
1138
1115
2275
1080
1149
2123
1065
1093
2160
1085
1019
2349
1085
1058
2237
1103
1083
2095
1019
1101
2135
1098
1112
2358
1115
1092
1124
1044
1029
1160
1125
1145
1145
2446
1065
1128
2201
1050
1065
2258
1071
1077
2758
1103
1157
2102
1091
1058
2255
1242
1087
2132
1140
1107
1087
1064
1155
1085
1195
1167
1125
2225
1172
1139
2100
1102
1081
2215
1071
1154
2082
1140
1081
2184
1087
1092
3026
1118
1097
5377
1172
1131
2244
1064
1086
1095
1117
1050
1109
1078
1111
1083
2381
1078
1118
2423
1075
1098
2191
1025
1099
2089
1053
1031
2939
1060
1143
2164
1059
1087
2194
1102
1044
2142
1054
1059
1068
1169
1041
1125
1127
1072
1096
2257
1063
1112
2139
1063
1072
2153
1104
1108
2196
1036
1112
2136
1036
1033
2114
1024
1114
2059
1064
1104
1885
1067
1108
1211
1124
1114
1096
2154
1068
1171
2407
1055
1037
2047
1071
1468
2293
1070
1126
2148
1047
1019
7215
1090
1154
2293
1105
1019
2172
1089
1017
1079
1144
1123
1119
1188
1055
1042
2414
1095
1040
2078
1047
1031
2075
1048
1067
2227
1089
1052
2135
1030
1071
2478
1015
1024
2212
1100
1051
2378
1068
1028
1129
1153
1101
1171
1065
1147
1147
2270
1059
1071
2244
1085
1027
2106
1014
1030
2197
1025
1073
2041
995
1043
2989
1089
1032
2069
1055
1061
1239
1064
1166
1053
1055
1044
1037
2200
1088
1092
2497
1059
1153
2035
1023
1110
2047
1061
1055
2922
1149
1080
2143
1117
1086
2127
1051
1082
2502
1044
1086
1194
1073
1060
1028
1065
1030
1133
2223
1089
1055
2111
1032
1229
2409
1098
1062
2316
1194
1105
2221
1095
1013
2331
1102
1058
2247
1039
1145
2699
1061
1034
1045
1074
1060
1121
1056
1030
1073
2325
1044
1101
2323
1058
1059
2865
1047
1055
2316
1062
1104
2276
1060
1062
2215
1042
1059
2109
1125
1046
2081
1041
1074
1134
1080
1069
1073
1149
1031
1095
2226
1059
1072
2153
1091
1110
2119
1077
1084
2156
1041
1031
2127
1050
1037
2161
1087
1058
2212
1071
1011
1068
1059
1051
1096
1185
1053
1029
2142
1027
1059
2146
1055
1012
2179
1075
1085
3065
1048
1121
2151
1019
1113
2166
1045
1030
2042
1055
1136
2082
1090
1069
1073
1048
1032
1013
1041
1024
1033
4580
1055
1033
2093
1001
1093
2101
1068
1080
2211
1020
1026
2111
1040
1041
2210
1076
1014
2084
1063
1044
1982
1087
1075
2700
1052
1065
1065
2104
1090
1107
2178
1030
1100
2064
1036
1041
2240
1078
1012
5349
1392
1052
2666
1063
1068
7715
1097
1070
2551
1118
1073
1061
1068
1096
1065
1266
1089
1037
2363
1111
1060
2163
1078
1075
2103
1022
1135
2099
1013
1062
2102
1100
1260
2601
1133
1102
2054
1072
1136
2168
1093
1064
1063
1118
1099
1089
1077
1107
1154
2392
1071
1122
2156
1068
1126
2158
1121
1139
2242
1078
1135
2963
1120
1103
2167
1110
1131
2191
1056
1155
2112
1123
1108
1099
1094
1132
1066
1158
1070
1113
2374
1128
1118
2126
1149
1109
2179
1082
1117
2113
1133
1100
2169
1131
1148
2274
1085
1090
2238
1083
1121
1155
1097
1136
1145
1208
1117
1122
2329
1105
1122
2161
1077
1122
2123
1118
1069
2216
1063
1116
2130
1108
1033
2991
1087
1118
2190
1075
1101
2124
1095
1095
1154
1098
1062
1139
1374
1087
1102
2332
1082
1112
4496
1069
1120
2138
1075
1052
2233
1094
1072
2284
1066
1100
2128
1045
1164
2184
1053
1196
2110
1199
1071
1096
1107
1097
1113
1105
1157
1096
2218
1090
1139
2205
1128
1170
2242
1104
1108
2269
1099
1127
2169
1112
1115
2949
1141
1144
4648
1121
1111
1129
1104
1069
1098
1197
1114
1139
2244
1100
1114
2268
1061
1141
2124
1135
1136
2087
1068
1117
2254
1090
1115
2172
1119
1114
2204
1078
1089
2172
1133
1116
1123
1215
1137
2949
1112
1140
1138
2298
1102
1168
2112
1145
1145
2158
1249
1140
2193
1145
1122
2500
1227
1098
2180
1071
1216
3122
1076
1136
1098
1119
1165
1088
1174
1125
1131
2207
1109
1108
2219
1072
1156
2255
1084
1140
2294
1191
1146
2129
1103
1155
2161
1108
1107
2188
1053
1320
2137
1124
1176
1093
1107
1073
1091
1102
1057
1071
3030
1101
1098
2229
1089
1069
4793
1130
1099
2150
1078
1116
2099
1086
1041
2249
1111
1035
2109
1115
1101
3058
1119
1063
1116
1058
1072
1086
1144
1064
1076
2242
1070
1109
2107
1099
1075
4290
1034
1039
2145
1075
1071
2195
1122
1080
2146
1113
1095
2126
1040
1055
2063
1092
1080
1066
1072
1063
1090
1143
1081
1151
3070
1151
1102
2101
1098
1081
2985
1151
1095
2139
1076
1030
2125
1118
1109
2106
1079
1063
2261
1018
1142
1130
1126
1030
1070
1095
1036
1032
2451
1070
1093
2045
1089
1157
2144
1087
1059
2197
1088
1072
2154
1083
1065
1306
2144
1043
1100
2072
1061
1092
2125
999
1068
2201
1114
1079
2187
1112
1088
2086
1129
1128
1083
1112
1122
1062
1196
1104
1107
2215
1126
1094
2148
1106
1049
2183
1099
1058
2121
1136
1077
2097
1116
1132
2090
1125
1098
2077
1096
1113
1103
1094
1103
1108
1133
1075
1054
2320
1079
1106
2165
1115
1109
2884
1099
1085
2191
1152
1107
2148
1084
1092
4556
1087
1097
186531
1374
1130
2184
1108
1087
1068
1120
1075
1122
1204
1084
1045
2253
1179
1056
2081
1040
1105
2233
1083
1066
2136
1056
1161
2262
1132
1058
2114
1103
1028
2230
1031
999
1074
1081
1074
1057
1074
1080
1044
2305
1070
1055
2331
1008
1138
2155
1078
1078
2802
1074
1108
4760
1160
1030
2163
1058
1016
2140
1003
1068
2159
1045
1062
1052
1094
1042
1023
1054
1090
1042
2380
1182
1031
2293
1028
1006
2108
1162
1098
2388
1066
1045
2102
1031
1092
2128
1032
1091
2189
1029
1101
2153
1080
1040
1049
1081
1028
1063
1123
1065
1021
2270
1087
1138
2303
1083
1037
2143
1053
1066
2903
1119
1094
2190
1020
1047
2121
1080
1028
2226
1072
1041
2075
1050
1104
1054
1066
1031
1117
1109
1058
1057
4532
1066
1084
2079
1059
1117
2239
1061
1038
2184
1087
1074
2151
1072
1171
2113
1098
1074
2138
1052
1077
1081
1057
1066
1059
1131
1041
1171
2331
1109
1105
2138
1069
1084
2139
1013
1058
2268
1101
1029
2885
1126
1066
2184
1036
1093
5042
1080
1140
2122
1050
1086
1122
1190
1090
1097
1178
1058
1042
3029
1105
1069
2088
1062
1048
2107
1083
1048
2186
1045
1096
2103
1093
1091
2141
1103
1061
2107
1057
1042
2926
1118
1070
1071
1098
1077
1123
1145
1022
1074
5574
1078
1088
2199
1108
1049
2065
1122
1083
2224
1086
1080
2270
1076
1121
2318
1043
1027
2339
3564
1071
1017
1063
1024
1091
1071
1149
1062
2243
1088
1087
2805
1058
1098
2270
1063
1094
2201
1053
1015
2109
1053
1050
2184
1090
1093
4519
1053
1076
2135
1037
1096
1113
1093
1064
1053
1075
1025
1076
2420
1198
1094
2194
1034
1117
2109
1065
1023
2237
1133
1073
2189
1069
1047
2162
1036
1113
2136
1006
1088
2034
1127
1099
1071
1081
1050
1080
1094
1051
1098
2209
1041
1097
2844
1102
1068
2136
1067
1061
2095
1063
1067
2204
1067
1090
2184
1023
1079
2302
1046
1056
1111
1082
1026
1090
1114
1068
1102
2263
1066
1097
2192
1093
1087
2085
1079
1106
2104
1047
1080
2239
1046
1065
2155
1096
1074
2183
1147
1153
2176
1104
1111
1075
1100
1086
1056
1085
1039
1083
2309
1086
1064
2176
1089
1071
2733
1079
1100
2099
1131
1071
2083
1031
1090
2132
1069
1058
2096
1104
997
2150
1124
1193
1091
1069
1115
1149
1097
1113
1226
2151
1122
1161
5069
1122
1201
2340
