26693
22484
23072
23414
21349
21669
22527
21961
21468
20039
21414
23302
20842
22421
22372
21850
21621
21982
20303
22609
22977
20775
21040
20625
35727
28973
21407
21479
23071
20680
21262
21285
22950
23341
21077
26791
22039
23255
20289
21559
20271
22331
34722
21154
21435
20532
22562
20721
20233
34270
22348
20838
21113
20239
22450
20995
19907
20962
34484
34986
20839
21169
20531
22330
21182
19663
20747
23409
20823
20558
20278
22508
21839
20194
21103
20862
20623
32846
19303
33645
22799
20226
2676226
50788
43892
34966
69698
32484
21461
20864
20500
20521
20850
23071
19851
20007
20600
34386
20146
33749
20407
25142
22813
20129
20710
20791
21530
20967
20281
32738
22000
20564
19482
20771
33810
34441
21169
20094
20379
22931
20775
20977
20261
21867
21332
20486
37382
21355
22055
21287
21146
33501
35384
24865
21149
21822
21779
20518
21136
19775
22028
20859
19335
22680
35937
62295
44908
20778
21521
22520
20101
12942
20889
24790
21175
21113
20828
18387
20389
22927
16601
19134
11615
16934
17964
12261
19827
18670
14686
18797
20868
20719
18398
19519
17960
20150
19432
19126
18233
15314
18334
19702
16215
20044
12204
17417
18749
12848
20803
18388
14192
18222
12588
24657
17826
11615
19891
18671
19335
19600
32965
15885
17601
22363
33686
20203
11455
18184
18267
29357
19508
18026
27461
19021
10927
4763
4323
4524
5698
4051
4302
15354
5641
4210
4066
4132
5415
6526
4084
4073
4130
5475
4071
4031
5501
5331
4056
3964
3994
5351
4020
4053
4037
5866
3859
4079
4122
7090
5709
18650
5642
3990
4028
5270
6204
4112
4378
4393
5579
18004
4094
4073
5331
4024
3876
4106
9384
4058
3911
4017
5284
5378
18916
4201
4045
6867
4053
3975
3975
5344
3961
4058
4066
9240
5989
4141
4211
5986
4054
3999
3967
5333
5241
4092
4058
5367
5442
5620
4101
4149
5400
4016
4008
4175
5548
4063
5024
4253
5621
5433
4140
4118
7284
5833
4164
4033
5163
18772
4057
4060
4282
5670
5153
3892
4080
5902
4509
4060
4179
5349
4032
4057
4054
5265
5267
5455
4162
5506
5793
4070
4084
4048
5448
3957
3981
3905
5382
4871
3939
4132
5443
3845
3954
3904
5297
5622
3988
4006
6159
5338
4964
5523
4464
5745
4143
4077
4072
6107
4039
4013
4100
5466
4931
3953
4212
5873
5446
4093
3959
4007
5423
4041
12201
4368
5521
5335
4147
4192
10446
4100
4123
4215
5418
3945
4025
4068
5338
5271
5148
4055
3938
5411
4060
4078
4177
5512
3920
4041
4136
5248
18251
4076
3986
5288
4101
3981
4012
5395
5219
4056
4306
4109
6126
4861
4021
3995
5332
4209
4159
4005
5318
3958
4719
17039
5443
4882
4069
4080
5487
5352
3964
4072
4078
5498
4040
4072
4018
5407
5318
4117
3980
5453
3969
4046
4090
5346
4204
4008
4050
5361
19444
4196
4040
3982
5405
4109
3907
4038
7720
4164
4059
4036
5277
5234
4193
4156
6148
4151
4084
4079
5370
5236
3911
4077
5343
5294
4962
4008
4063
5432
4161
3992
3972
5052
3982
3993
3928
5526
5056
3954
4115
5098
5374
4066
4066
4052
5571
21361
4053
4022
9181
6958
19503
4716
4506
7019
4684
4059
3657
8062
3892
3822
3888
19673
5359
3872
3750
4785
5087
3769
3741
3592
4879
3670
3602
3576
35425
3707
3509
3520
4814
3512
3539
3674
5025
4811
3621
3567
4937
5863
3448
3533
3630
4972
3452
3476
3484
4862
3443
3525
3485
6812
3445
3555
3520
4784
4623
3396
3447
4647
5886
3473
3604
3685
6041
3490
3705
3516
5035
3606
3696
30928
5460
3750
3625
3831
6192
4968
3402
3528
3539
4725
3657
3514
3591
4948
3378
3488
3361
5728
3468
3394
3405
4725
3401
3584
3718
5681
4531
3455
3559
3608
6039
3382
3494
3432
4520
3516
3581
3535
4704
3493
3429
3470
5826
3364
3394
3465
4739
4723
3451
3481
3441
4604
3550
3518
3718
6149
3530
3451
3480
7015
3403
3502
3438
4786
3557
3488
3533
6100
4787
3356
3478
3446
4669
3464
4438
3472
4697
3354
3632
3572
6327
3564
3570
7897
4725
3349
3337
3530
4694
4912
3471
3435
22392
4882
3543
3405
3493
4677
3636
3351
3472
4638
3541
3445
3373
5503
4575
3383
3548
3577
4852
3421
3813
3533
4601
3373
3418
3393
5896
3388
3398
3298
4714
3491
3447
3456
4738
4831
3526
3386
5832
4753
3349
3504
3363
5477
3354
3274
3463
4621
3534
3358
13089
9167
3125
3363
3147
4422
4319
3246
3253
3329
4374
3182
3273
4098
4745
3166
3220
3155
4622
3105
3152
3111
4561
3304
3253
3139
35694
9426
3362
3292
3504
4588
3193
3271
3204
4266
3157
3324
4463
4273
3359
3230
3170
4500
3691
3174
3118
5657
4614
3387
3281
5543
4518
3140
3265
3270
4325
3057
3108
3389
4548
3224
3156
4495
5225
3135
3199
3148
4493
4419
3367
3176
3141
4426
3050
3073
4191
7011
3156
3226
3177
4496
3240
3014
3144
4435
3174
3159
21393
4638
4693
3271
3175
3131
4406
3007
3200
3367
4747
3181
3115
23014
4871
3270
3171
3337
4596
3040
3143
2966
4493
4348
3099
3398
4110
4638
3078
3094
3312
5315
3112
3096
3038
4487
3107
3191
4809
5465
2977
3119
3137
4373
4668
3103
3132
3136
4612
3313
3209
5000
4494
3011
3045
3157
4574
3014
3017
3091
4416
3081
3288
10366
4487
4569
3066
3089
3926
4387
3103
3168
3205
4357
3166
3237
4251
4475
3046
3107
3137
4635
3280
3088
3214
4532
5830
3105
41822
3288
4485
3174
3148
3689
4585
3066
3143
3189
4276
3004
3138
4380
4367
3095
2975
3176
4292
4389
3136
3245
2959
9149
3051
4318
3156
4533
2983
2854
3106
4621
3076
3093
3097
11137
3122
3141
4022
4341
4376
3129
3292
3107
4079
3086
3184
3176
4472
3108
3069
3921
4407
3026
3106
3046
4217
3033
3093
2972
4333
4310
3143
29870
3223
4342
3110
3051
3200
4302
3003
3162
2994
4460
3053
3057
3986
4419
3043
2937
2947
4155
4286
3023
3064
2952
4375
3008
3884
3099
5579
2992
3046
3125
4275
3107
3049
2981
4407
2944
3076
4053
4247
4495
3056
3032
5827
4355
2899
3011
3112
4339
3065
3098
29445
4752
3183
3086
3096
4289
3120
3113
3140
4942
4698
3103
4657
3518
4467
3226
3034
3294
4766
3096
3071
3018
4470
3157
3010
4858
4443
3289
3235
3231
4459
11694
3170
3167
2963
4823
3445
4203
3152
4294
3006
3142
3218
4245
3056
3010
3063
4221
3053
3038
4159
4426
4686
3077
3160
3188
4398
2995
3130
3161
4522
3163
4009
3277
4439
3084
3127
2987
5176
3028
3634
3196
6809
4756
3195
4049
3234
4265
3165
2985
3089
4400
3069
3041
3077
4447
3207
5112
3171
4325
2969
3103
3193
4489
4456
3195
3228
3043
4394
3015
4240
3059
4344
3117
3129
2930
4270
3076
3059
3202
4494
3064
3016
4063
4410
4396
3030
3084
4318
4480
3027
2974
3073
5083
3118
3983
3046
4378
3218
2979
3080
4422
3098
3091
3091
4244
4224
2999
3841
4495
4377
2977
3012
3504
4388
3208
2980
3152
4533
3035
3971
2977
4320
2960
3127
3149
4452
4284
2920
3055
5064
4250
2995
3940
3179
4504
3033
3074
3181
4452
3227
3129
3268
4200
2939
3096
8562
5403
5871
3299
3136
4751
4528
3269
3262
3148
4491
4172
33160
3456
4436
3237
3133
3054
6924
3369
3021
3099
4541
4236
3281
23206
4786
4613
3027
3131
3083
5525
3030
3078
3016
6219
3207
3230
31737
5053
3348
3126
3225
4288
4413
3136
3136
3132
4548
3158
4243
3154
5434
3193
3129
3102
4341
3053
3190
3043
4226
3003
3046
3971
4433
4295
3213
3157
3252
4608
3233
3127
3150
4559
3089
4007
3184
4467
3029
3120
3194
7147
3127
3142
3101
4283
4469
3217
4255
3080
4623
3154
3071
3090
4319
3076
3094
3221
4229
3072
21362
3415
4285
3099
3283
3120
4503
5249
3035
3115
3167
4368
3209
23191
3378
4519
3170
3139
3116
4341
3096
3239
3116
4743
3144
17301
3340
4453
4604
3124
3183
3337
4273
3057
3015
3113
4357
3116
4659
3186
4136
3312
3092
3094
4858
3054
3147
3151
4174
4236
2973
3989
3043
4361
3108
3157
3155
4200
3017
3117
2927
4344
2938
24682
3186
4515
3089
3245
3154
4411
4308
3002
3096
3141
4556
3123
4311
3065
4216
2988
3068
3001
4330
3138
2999
3023
4264
3060
21441
3352
4295
4404
3151
3014
3002
4348
3121
3065
3029
4823
3090
4143
3273
6825
3070
3006
3104
4224
3016
3161
3032
4373
4227
4149
3061
2995
5300
3269
3222
2990
4541
2968
3132
3047
4205
2958
27390
3370
4303
3031
3161
3086
4262
4290
2943
3020
3036
4288
30400
3333
2971
4403
239533
3707
3132
4360
4860
3225
3253
4392
4330
4768
3093
4274
5148
2992
2968
3155
5333
3083
3109
2933
4258
11159
4968
3320
4560
3093
3221
3117
4278
4275
3028
3141
3069
4275
24860
3277
3017
4427
3146
3050
3039
4095
3116
3177
3102
4227
3085
4027
2967
5105
4331
3016
3094
3113
4410
3061
3077
3098
4250
19391
3201
3009
4667
3020
3052
2984
4252
2943
3023
2939
4288
4073
4315
3088
3192
4456
3038
3073
2868
4330
2944
3012
3106
7864
17803
3259
3126
4418
3038
3128
3045
4311
4198
2994
3013
2998
4066
19273
3410
3067
4401
3075
3320
3093
5426
3108
3022
3172
4470
2974
26566
3226
4361
4111
2981
3061
3112
4396
3138
3167
2941
4282
17834
3178
3154
4439
3076
3100
3337
4303
3020
2980
3207
4376
4300
21750
3216
3362
4355
3032
3075
3185
4263
3036
3200
2874
3180
16554
4764
2984
3040
3282
4415
3141
3307
3394
4428
3044
3259
3393
6244
2980
3073
3268
4300
3068
3005
3251
4335
4133
3001
3078
3084
5199
2965
3027
3199
4268
2991
3020
3155
4297
3075
3090
3270
21086
4664
3199
2992
4334
4564
2953
3040
3160
5158
3031
3032
3298
25889
3264
3284
3091
4368
3020
3028
3123
4192
4139
3035
2982
5367
4312
3024
3166
3082
4494
3030
3108
3045
4496
3026
3052
3147
24212
3286
3001
3233
4362
4286
3029
3175
3267
4298
2980
2959
13910
4878
3032
3032
3285
4210
3029
3077
3085
6741
3024
3046
3319
20209
5674
3102
3001
3142
4291
2899
3140
3158
4214
2913
2978
3269
5902
2996
3166
3235
4638
3095
3090
3314
4235
4157
2970
3170
16208
4742
3018
3039
3250
4152
3056
2990
3380
4484
2920
2964
3205
22598
3113
3139
2997
4248
8198
3085
3006
3353
4407
2991
2958
14472
4697
3069
2970
3298
4571
3001
3005
3321
4302
2946
2915
3112
20823
4753
3133
2970
3226
4263
3108
3066
2994
4400
3052
2923
3168
5321
2986
2956
3217
4328
3136
2949
3206
4492
4444
3033
3061
17587
4834
7311
3042
3287
5019
3031
2996
3282
4313
3055
3247
3403
5137
3054
2948
3302
4299
4264
2909
3231
3117
4384
3044
3010
15319
4960
2953
2928
3087
6687
3042
3040
3193
4308
2985
2930
3263
5489
4512
2996
3005
3227
4232
2954
3022
3405
4304
3116
3331
13796
4573
3027
3112
3291
4276
3067
3172
3251
4322
4985
2990
2974
3852
4330
3160
3116
3306
4366
2983
3033
3076
4415
2932
3004
3046
4887
2995
3021
3151
4217
4171
2969
2978
3175
4355
3083
3006
4508
4353
3026
3024
3303
4312
3235
2978
3250
8578
3110
2970
3278
5387
4243
3073
3146
3299
4275
2983
3082
3763
4635
3121
2944
17030
4787
2974
3150
3330
4243
2935
2945
3256
4307
4301
3104
3248
20688
4837
3102
3110
3047
4509
2977
2967
3205
4389
3042
2965
12823
4518
4156
3026
3918
4819
4231
3227
2892
3053
4248
3063
3100
4276
7412
2943
3043
3082
4278
3169
3016
3126
4163
4226
3116
2982
4920
4062
2989
3029
3049
4101
2932
3029
3040
4148
2917
3105
21686
4717
3090
3086
3085
4320
4126
3111
3051
4308
4225
3262
3067
24546
4509
3169
3028
3125
4332
3073
3210
2958
4422
3185
3001
4178
4169
4103
3035
3121
4225
4941
2977
3013
3033
4109
2920
3043
24327
4749
3141
2967
3060
4075
2999
2994
3000
4202
4299
3042
16438
4647
4165
2997
3074
2924
4225
2983
3027
2988
4100
3114
3014
3989
4123
3059
2936
3077
5075
4195
3083
3099
4015
4192
3000
3790
10931
4584
3389
3103
2940
4273
2944
2929
3165
4088
2847
3163
22131
4683
4188
3080
3033
3055
4112
3074
3250
3004
6874
3000
2949
3958
4251
3047
3025
3067
4187
3044
3054
2941
4020
4172
2963
17359
3331
4188
2984
2961
2995
4329
2995
3087
2931
4756
2971
3032
22174
4453
3108
3077
3116
4143
4202
2929
3054
2997
4120
3016
4053
3085
4302
3012
2924
3027
4107
3072
3070
3022
4206
2952
3044
21580
4617
8398
3006
3082
3069
4226
3061
2993
2989
4193
3021
2906
3881
4232
2939
3054
2989
4159
3040
2999
2971
4207
4064
2881
17244
3266
5013
3055
3098
2970
4294
3036
3006
3002
4213
2894
2949
3961
4142
3044
3024
2970
4443
4428
3021
2989
3112
4051
2965
13639
8521
4344
3144
3066
3083
4367
2997
2940
3021
4240
2978
3153
18829
5331
4361
3017
2978
3015
7965
2917
3188
2927
4057
3008
11924
3296
4250
3012
3044
2982
4577
2997
3071
2982
4273
4449
2903
4064
3014
4259
3046
2959
3161
4323
2997
2952
2971
4215
3127
2981
23086
4737
3081
2993
3036
18101
5814
3549
3277
3096
4750
3155
34255
3269
4471
3151
3213
3198
6123
2842
2960
2956
4450
2973
2963
22159
4506
4353
3048
3008
3113
4249
3111
2917
2930
4274
3026
2928
4433
4112
3314
2971
3007
4612
4027
3088
2838
4165
4254
3027
17874
3170
4459
3041
3019
3001
4631
2935
8787
3084
5022
3745
3168
35948
4997
4538
2889
2849
4754
5100
3015
3048
2984
5677
2852
4033
2827
4866
2851
3122
3015
4158
2923
2846
2923
4187
5000
2979
3689
4272
8412
3150
2871
3035
5697
2934
2997
3079
4129
3106
3109
30202
4655
3057
3057
2993
4226
4229
3278
2951
4978
4360
2989
16940
3434
4777
2968
2986
3122
4341
2933
2937
2976
4525
2881
3030
20674
4570
4913
2893
2951
3040
4016
2938
3097
2922
4161
2957
13184
3026
4274
2904
3166
3625
4666
2920
3015
3078
4307
4057
3002
20392
3520
4255
2947
3048
2925
4092
2949
3002
3463
4638
3068
2994
4011
5288
2974
3189
2959
4196
4010
2840
3134
3006
4222
3143
22940
3415
4491
3049
2960
3078
4354
3021
3102
2988
4209
3030
3100
4190
4163
4170
3135
3027
3016
4128
3004
3045
2975
4316
2987
21660
3309
4568
3259
3039
2998
4269
3049
3010
5375
7272
3993
3044
3977
2867
4025
2892
2851
2756
4198
2647
2787
2904
3941
2793
18927
2990
4018
2911
2814
2771
3889
4123
3503
2832
2764
4630
2733
21818
2872
4104
2757
2878
2739
3879
2833
2795
2693
4011
2932
13311
2917
3942
3888
2741
2943
2864
4001
2942
2830
2757
4276
2816
3928
2793
4013
2920
2748
2835
4160
2872
2957
2912
4712
4071
11358
3065
2811
4029
2767
2898
2763
3929
2842
2900
2745
3886
2837
3582
2870
3927
2869
2853
2830
3895
3960
2840
2862
2829
3954
2918
3691
7155
3958
2793
2808
2880
4009
2799
2751
2805
4337
2868
17156
2854
2802
3979
2936
2822
2757
4097
2739
2882
2763
3961
2931
3656
2797
4693
2759
2926
2778
6202
3977
2766
2885
3868
3984
12702
3019
2804
3968
2955
2839
2882
4057
2877
2818
2707
3860
2789
19062
2850
4067
3880
2874
2749
2845
3788
2798
2768
3038
4006
16123
5767
2795
4027
2887
2891
21408
4058
2722
2749
2787
4141
3940
19576
2783
2759
3906
2711
2552
2662
4707
2701
2541
2729
3876
2813
3801
2860
3798
2631
2743
2653
3852
3822
2705
2718
2783
3776
14186
2890
2770
3851
2763
2685
2628
3819
2817
2733
2641
3863
2577
18264
2831
3865
3820
2685
2619
2697
3835
2751
2818
2816
3879
11331
2925
2793
3854
2711
2671
2803
3806
2707
2643
2664
3886
4537
16065
2865
2862
3681
2761
2755
2697
3962
2784
2799
2737
3703
2636
3791
2797
6157
2718
2608
2936
3717
3948
2660
2702
2638
3840
13745
2908
2633
3951
2814
2755
2713
3926
2771
2841
2742
4715
2648
20738
2700
4012
4000
2650
2960
2652
3847
2747
2720
2753
4005
12212
2829
2773
3839
2787
2653
2734
2811
3888
2801
2730
2657
3880
4014
2852
2897
3834
2612
2649
2783
3803
2705
2867
2824
3824
3714
3766
2758
2837
3801
2680
2680
2680
3851
2757
2648
2891
3959
3462
2746
2729
4623
2791
2808
2710
3801
6356
2712
2783
2668
3994
3393
2735
2750
3819
2824
2782
2701
3898
2764
2742
2744
3944
16735
2921
2767
4091
3752
2739
2825
15533
4047
2797
2789
2880
3949
19603
2856
2738
3882
2648
2669
2717
3864
3784
2641
2732
6027
4743
2783
2727
2634
3734
2674
2739
2712
4568
2697
2738
2808
3953
18339
2845
2775
3899
3813
2670
2601
3680
3748
2717
19894
2722
13500
2847
2816
2802
3820
2886
2814
2831
3778
2883
2789
2746
3793
17804
2979
2791
2701
4026
2673
2620
2548
3755
2740
2680
2770
3815
3525
2826
2766
3988
3107
2827
2711
3974
3884
2858
2758
2868
22760
2787
2791
2760
4298
2644
2790
2752
3833
2676
2701
2850
3952
4107
2950
2745
3949
6358
2840
2667
2653
3868
2775
2876
2669
4699
2793
2695
2642
4484
2776
2679
2715
4105
2891
2754
2770
4926
23144
2805
2666
2749
3847
2731
2714
2736
3957
2701
2866
2704
3787
3678
2634
2646
4068
2762
2700
2693
6346
3751
2607
2649
2645
16998
2803
2780
2802
3875
2717
2688
2634
3790
2642
2676
2661
3993
19386
2830
2638
3797
4087
2582
2982
2802
3877
2703
2793
2815
5254
2838
2773
2785
4621
2661
2712
2651
11578
2792
2812
2762
3785
19428
2900
2761
2660
4022
2707
2906
2758
3848
2661
2846
2795
3969
3943
2700
2698
27686
4440
2804
2709
2936
3963
2720
2865
2765
27229
2833
2906
2844
4004
2656
2706
2889
4009
2641
2730
2710
3905
7686
2906
2765
2750
3973
2734
2774
2758
4666
2860
2861
2744
4920
2757
2831
2742
3819
2867
2792
2879
3826
3798
2936
2723
2777
23357
2851
2765
2774
3940
2755
2887
2808
3722
2725
2692
2724
12821
2935
2871
2787
6890
3787
2847
2798
2655
4164
2829
2804
2640
19268
2763
2767
2727
4350
2752
2957
2870
4014
2857
2938
2818
14027
5977
2945
2894
2657
3940
2878
2881
2595
4357
9112
3080
2676
5165
2717
2865
2822
4012
2937
2849
2684
4005
3941
2857
2627
2788
25039
2897
2868
2827
3865
2819
2676
2669
4220
2540
2764
2758
6236
2758
2783
2740
3980
4002
2773
2769
2767
4158
2635
2635
2712
4891
2740
2726
2675
3980
2756
2715
2754
4030
2817
2759
2877
16934
4418
2831
2759
2769
4621
2770
2998
2712
3837
2701
2873
2752
19994
2813
2790
2694
3833
2651
2668
2795
3691
3744
2678
2713
2728
4996
2702
2672
2589
4663
2691
2717
2737
3860
2702
2649
2736
7167
2722
2759
2788
3992
3926
2711
2750
2948
3936
2664
2837
2679
22733
2843
2855
2728
3975
2729
2744
2774
11588
6637
1792
1493
2532
2509
1460
1339
1298
2366
1219
1239
1225
2733
1362
1310
1290
2390
1240
1297
1206
2354
1334
1261
1185
2488
3101
1259
1229
1256
2340
1240
1266
1225
2353
1242
1218
1218
2359
1239
1241
1253
2388
1318
1300
1359
2527
2347
1363
1243
1246
2336
1332
1245
1239
2244
1328
1363
1285
5133
1256
1217
1277
2274
1247
1247
1193
2308
2286
1208
1192
1286
2342
1250
1223
1230
2291
1201
1315
1215
3161
1250
1228
1234
2564
1333
1276
1236
2337
2479
1221
1251
1213
2345
1221
1256
1214
2303
1212
1252
1220
2318
1243
1272
1225
2424
1327
1279
1235
2363
2372
1211
1192
1255
2310
1238
1246
1229
2406
1261
1227
1232
2398
1257
1251
1241
2453
1292
1203
1238
2378
2438
1216
1227
1231
3046
1197
1232
1227
2414
1217
1292
1263
2334
1249
1201
1222
2282
1243
1277
1318
2437
2440
1197
1297
1226
2247
1291
1543
1357
2454
1269
1246
1238
2351
1257
1231
1233
2477
1271
1261
1212
3158
2835
5761
1306
1230
2236
1195
1264
1250
5162
1248
1254
1206
2208
1200
1175
1250
2387
1340
1240
1225
2329
2575
1238
1390
1253
2394
1292
1251
1248
2414
1256
1294
1268
2393
1216
1253
1222
2390
1585
1705
1298
2678
2628
1320
1211
1330
2434
1205
1363
1303
2706
1275
1335
1339
2957
1253
1268
1236
2280
1442
1283
1275
13431
2708
1326
1317
1353
2356
1244
1333
1204
2325
1228
1249
1182
2383
1289
1241
1212
2300
1261
1235
1302
2344
2494
1273
1237
1237
2431
1253
1236
1227
2352
1269
1201
1221
2429
1249
1254
1196
2407
1250
1264
1192
2326
2630
1193
1263
1227
3069
1285
1232
1210
2328
1242
1205
1206
2341
1207
1244
1223
2442
1228
1250
1217
2324
2399
1221
1223
1212
4964
1252
1242
1233
2427
1216
1214
1197
2305
1268
1193
1234
2271
1259
1234
1276
3052
2559
1223
1290
1287
2464
1300
1216
1256
2290
1214
1321
1229
2335
1268
1233
1219
2253
1239
1449
1416
1327
2438
1283
1394
1292
2464
1254
1269
1327
2330
1363
1301
1252
2306
2870
1250
1260
1299
2390
1232
1264
1225
2383
1333
1317
1324
2696
1293
1366
1297
2286
1324
1287
1379
3259
2525
1210
1340
1227
2362
1217
1201
1231
2241
1200
1216
1168
2384
1203
1235
1232
2321
1226
1215
1268
2375
2438
1266
1231
1225
2376
1198
24511
1449
2444
1282
1239
1252
2366
1269
1163
1197
2377
1298
1190
1195
2417
2407
1220
1246
1231
2382
1594
1273
1194
5566
1268
1278
1267
3166
1486
1253
1234
2309
1232
1275
1175
2326
2424
1201
1226
1265
2563
1214
1206
1240
2303
1184
1272
1274
2489
1268
1221
1177
2346
1375
1223
1279
2354
2483
1274
1199
1480
2405
1259
17415
1579
2399
1269
1270
1275
2440
1267
1194
1238
2362
1357
1253
1208
2405
2626
1298
1259
1210
2959
5821
1245
1229
2361
1210
1246
1259
2417
1238
1184
1273
2262
1323
1218
1206
2355
2440
1224
1178
1246
2408
1201
1225
1227
2393
1228
1230
1236
2419
1315
1224
1189
2339
1230
1271
1190
3129
2444
1227
1220
1187
2419
1186
1230
1189
2372
1289
1209
1201
2363
1223
1250
1213
2389
1244
1311
1164
2265
2417
1230
1182
1237
4654
1264
1258
1214
2499
1213
1260
1224
2327
1249
1214
1234
2257
1321
1190
1222
2336
2462
1195
1212
1202
2378
1237
1268
1205
2355
1267
1266
1297
3120
1222
1247
1244
2458
1317
1237
1178
2319
2508
1322
1183
4375
2340
1254
1223
1231
2362
1232
1219
1266
2371
1221
1252
1205
2318
1296
1201
1203
2264
2394
1200
1240
2392
2652
1214
1216
1216
2337
1182
1297
1182
2370
1177
1274
1163
2445
1311
1266
1239
2251
2341
1289
1254
2242
3048
1226
1228
1233
2315
1248
1263
1260
2391
1202
1316
1227
2394
1261
1255
1319
2656
2539
1248
1266
1255
2261
1277
1218
1244
2345
1266
1221
1230
2427
1252
1358
1287
2350
1380
1236
1323
3094
4863
1295
1323
2287
2404
1306
1268
1284
2473
1253
1261
1364
2597
1283
1284
1285
2364
1278
1206
1318
2284
2745
1272
1308
2323
2475
1229
1266
1247
2326
1207
1273
1259
2722
1257
1236
1263
2314
1280
1287
1444
5163
2469
1231
1250
2336
2304
1300
1314
1331
2352
1343
1307
1271
3160
1314
1339
1318
2504
1380
1301
1270
2403
2757
1298
1319
2394
2450
1254
1317
1308
2371
1352
1274
1244
2369
1283
1308
1264
2536
1274
1247
1208
2471
1245
1265
1216
2309
2235
1260
1180
1240
2478
1252
1186
1256
2246
1235
1237
1244
2285
1244
1217
1274
2375
1266
1232
1250
2275
3125
1234
1224
1230
2268
1166
1232
1207
2302
1207
1271
1215
2255
1288
1261
1331
2282
1284
1290
1285
2307
2410
1311
1242
1236
2379
1222
1219
1257
2366
1220
1258
1249
2336
1295
1173
1200
3080
1267
1207
1272
2404
2419
1334
1193
1312
2424
1188
1212
1159
2291
1180
1265
1218
4679
1259
1225
1179
2332
1295
1226
1266
2402
2534
1212
1227
1244
2296
1282
1327
1272
2267
1226
1230
1240
2326
1307
1206
1219
2363
2369
1224
1233
2386
2375
1205
1232
1311
2412
1370
1364
1219
2317
1275
1248
1220
2298
1234
1246
1202
2354
1234
1223
1237
2368
2341
1194
1217
1284
3277
1192
1272
1232
2427
22526
1353
1414
2315
1285
1196
1222
2390
1360
1301
1241
2466
2256
1222
1262
1221
2269
1202
1285
1183
4585
1205
1209
1182
2318
1188
1289
1193
2415
1219
1196
1178
3233
2242
1342
1212
1230
2258
1192
1158
1260
2352
1359
1320
1191
2217
1287
1227
1235
2326
1268
1220
1205
2262
2362
1232
1236
1189
2245
1220
1223
1273
2286
1183
1203
1177
2302
1205
1246
1195
2204
1250
1196
1206
2421
2444
1252
1226
1248
2381
1192
1261
1220
2293
1166
1209
1178
2991
1274
1267
1200
2242
1296
1179
1219
2391
2407
1165
1232
1269
2377
1183
1237
1230
2363
1164
1227
1172
2297
1297
1224
1249
2285
1252
1196
1157
2323
2546
1238
1211
1214
2310
1206
1233
1196
2257
1215
1236
1231
2221
1181
1183
1182
2302
1232
1180
1190
2306
2437
1240
1183
1196
5265
1230
1223
1180
2302
1196
1207
1229
2266
1193
1240
1231
2278
1185
1259
1179
2256
2609
1202
1194
1254
2205
1240
1229
1229
2384
1248
1211
1239
2360
1176
14321
1305
2279
1284
1272
1253
3752
2509
1200
1272
1286
2352
1196
1295
1256
2225
1209
1241
1208
2234
1194
1234
1244
2322
1343
1295
1228
2410
2461
1260
1174
1259
2325
1194
1200
1153
2290
1184
1260
1201
2390
1221
1284
1163
2236
1255
1163
1268
2345
2737
1193
1183
1193
2184
1204
1209
1231
2480
1204
1241
1201
3289
1191
1203
1197
2291
1241
1184
1246
2563
2428
1169
1158
2264
2310
1220
1232
1194
2261
1241
1223
1184
2367
1241
1258
1218
2407
1211
1231
1338
2239
5076
1170
1231
2325
2217
1187
1194
1215
2462
1212
1222
1292
2405
1184
1350
1211
2319
1241
1314
1185
2301
2380
1240
1271
2318
2813
1168
1196
1184
2414
1235
1222
1175
2871
1186
1229
1275
2652
1390
1167
1178
7311
3170
171083
1446
2347
2477
1384
1293
1230
2269
1206
1565
1221
2454
1309
1209
1599195
7667
1712
1509
1438
4685
2994
1343
1418
2428
2463
1247
1239
1250
2571
1184
1219
1200
2672
1299
1276
1233
2482
1247
1276
1211
2216
2258
1183
1202
2174
2245
1166
1189
1200
2477
1244
1181
1134
2308
1269
2737
1426
2326
1237
1155
1196
2194
2220
1167
1144
2574
2177
1185
1146
1147
2389
1138
1197
1171
2867
1157
1163
1156
2185
1180
1246
1196
2180
1195
1175
1246
2210
3791
1236
1248
1182
2298
1119
1196
1162
2243
1240
1186
1178
2414
1238
1153
1170
2174
2193
1177
1153
2222
2169
1153
1177
1139
2239
1178
1173
1221
2240
1183
1169
1173
4591
1214
1182
1156
2330
2263
1162
1152
2206
2936
1180
1158
1163
2238
1128
1201
1186
2367
1168
1200
1175
2229
1172
1185
1159
2218
1214
1189
1154
2222
2178
1189
1156
1178
2095
1170
1177
1160
2183
1150
1138
1202
2552
1186
1148
1187
2751
1208
1175
1233
2216
2223
1153
1203
1176
2257
1163
1237
1207
2194
1151
1217
1219
2340
1182
1225
1159
2173
1240
1172
1174
2201
2286
1176
1157
1166
2179
1163
1176
1193
2483
1142
1220
1196
2344
1133
1217
1177
2247
1226
1170
1150
2196
2472
1198
1186
14459
1586
2735
1329
1374
1263
2589
1193
1234
1203
2363
1266
1190
1262
2285
1370
1231
1210
2706
2421
1270
1252
1265
3124
1208
1192
1212
2407
1178
1258
1168
2853
1304
1247
1153
2263
1225
1270
1153
2212
2446
1210
1196
1276
2231
1224
1221
1179
2361
1210
1171
1200
2330
1206
1207
1159
2276
1186
1235
1167
3047
2467
1178
1173
1196
2185
1222
1168
1194
2408
1159
1193
1179
2493
1178
1213
1184
2378
1203
1177
1179
2181
2566
1235
1189
1321
2472
1212
1255
1285
2387
1532
1265
1182
2327
1191
1259
1463
2512
1319
1184
1268
2304
2343
1278
1177
1210
65814
1508
2725
1304
2351
1380
1313
1287
3596
1285
1219
1249
2248
1234
1226
1230
2227
2454
1273
1207
1208
2583
1230
1229
1192
2447
1261
1289
1260
2254
1206
1268
1264
2732
1251
1215
1303
2294
2502
1214
1215
1185
2247
1215
1237
1243
2383
1201
1243
1214
2354
1229
1184
1313
2368
1231
1260
1194
2317
2364
1249
1182
1243
3067
1275
1207
1195
2341
1205
1290
1262
2262
1290
1240
1192
2242
1257
1307
1218
2262
2468
1206
1250
1359
2291
1258
1194
1257
2195
1202
1240
1255
2247
1333
1274
1203
2281
1227
1222
1227
2968
2680
1248
1243
1208
2268
1245
1239
1248
2293
1188
1204
1254
2450
1242
1193
1229
2444
1238
1249
1208
2338
5358
1213
1183
2146
2285
1261
1203
1213
2231
1317
1233
1243
2294
1222
1222
1228
2284
1199
1276
1211
2272
2429
1236
1179
2176
2443
1272
1230
1208
2314
1209
1179
1222
3028
1212
1180
1256
2366
1221
1331
1290
2319
2372
1236
1158
2373
2299
1300
1289
1177
3437
1249
1202
1189
2217
1204
1191
1209
2340
1233
1248
1207
2247
2361
1194
1165
2320
2313
1229
1239
1186
3229
1294
1365
1280
2452
1266
1291
1264
2185
1252
1309
1202
2553
2503
1209
1267
1272
2282
1216
1306
1188
2329
1175
1272
1245
2304
1193
1291
1163
2252
1239
1252
1166
2248
2978
1218
1233
2206
2332
1261
1183
1202
2265
1223
1216
1217
2318
1229
1193
1187
4654
1264
1279
1225
2364
2382
1220
1205
2171
2278
1192
1219
1211
2208
1175
1229
1197
2324
1211
1259
1181
2975
1250
1236
1148
2299
2282
1223
1223
2223
2347
1246
1217
1206
2412
1226
1220
1182
2282
1228
1194
1219
2253
1211
1227
1216
2221
1264
1227
1189
2282
2220
1201
1258
1219
2511
1182
1210
1199
2250
1195
1245
1218
2403
1220
1245
1171
2279
1220
1220
1220
2270
2264
1226
1181
1218
2863
1195
1301
1236
2355
1210
1298
1226
2172
1239
1233
1182
2292
1271
1223
5290
2315
2420
1200
1158
1206
2402
1198
1487
1226
2203
1216
1212
1154
2291
1275
1212
1239
2217
1258
1270
1241
3081
2303
1194
1212
1207
2472
1173
1272
1233
4563
1202
1234
1194
2311
1170
1259
1174
2287
1252
1216
1160
2224
2435
1222
1216
1250
2348
1151
1242
1206
2289
1215
1224
1170
2301
1257
1259
1204
2365
1203
1212
1172
2347
3406
1225
1281
1233
2425
1158
1182
1224
2229
1198
2545
1281
3169
1265
1217
1275
2268
2344
5738
1206
2276
2275
1150
1198
1191
2396
1171
1180
1198
2281
1255
1161
1217
2188
1265
1259
1210
2291
1225
1241
1196
2217
2251
1232
1258
1206
2471
1214
1298
1165
2294
1221
1176
1191
2235
1185
1251
1207
2255
1257
1212
1175
2277
2277
1222
1212
1199
2819
1174
1209
1261
2388
1266
1222
1221
2314
1231
1208
1194
2206
1253
1177
1203
2262
2544
1190
1215
1235
4815
1188
1203
1192
2241
1232
1248
1205
2303
1232
1246
1343
2313
1221
1213
1210
2973
2445
1223
1219
1232
2637
1204
1200
1202
2435
1197
1217
1130
2379
1167
1205
1186
2275
1230
1188
1210
2267
2455
1165
1187
1235
2388
1199
1269
1209
2253
1183
1259
1219
2231
1247
1184
1278
2404
1213
1183
1210
2308
2518
1209
1185
1228
2548
1224
1213
1247
2308
1268
1327
1175
3116
1218
1188
1184
2430
1239
1236
1180
2226
2513
1188
1327
1313
2499
1297
1172
1299
2158
1180
1228
1195
2265
1277
1228
1195
2374
1276
1220
1334
2283
2500
1148
1219
1222
2438
1194
1210
1255
2198
1186
1214
1233
2276
1175
1249
1214
2308
1240
1209
1228
2306
5039
1231
1236
2183
3087
1223
1257
1225
2716
1465
1210
1256
2313
1272
1152
2669
2379
1295
1246
1251
2487
2417
1196
1245
1244
2438
1274
1206
1181
2291
1176
1221
1231
2322
1198
1223
1202
2419
1281
1211
1202
5484
2454
1201
1294
1266
2379
1327
1225
1234
2315
1280
1236
1272
2458
1269
1202
1303
2359
1241
1208
1246
2349
2440
1290
1223
1202
2508
1228
1240
1213
2266
1313
1204
1228
2416
1257
1223
1243
2249
1264
1257
1244
2281
2456
2876
1393
1302
2333
2521
1293
1304
1337
2369
1257
1516
1286
2518
1259
1260
1252
2290
1318
1276
1277
2312
2616
1270
1264
2329
2803
1245
1310
1282
3009
1255
1360
1247
2287
1326
1276
1266
4519
1239
1319
1236
2328
1311
1262
1295
2430
2300
1296
1302
1275
2280
1245
1313
1279
2314
1282
1289
1243
2399
1263
1274
1249
2301
1260
1266
1281
3402
2344
1263
1255
1236
2422
1289
1226
1260
2323
1248
1214
1288
2267
1217
1212
1253
2245
1285
1217
1348
2216
2447
1203
1201
1231
2288
1177
1229
1246
2328
1191
1199
1270
2275
1229
1252
1261
2372
1240
1299
1267
2336
2312
1287
1236
1325
2445
1219
1368
1389
2257
1264
1185
1261
3286
1327
1287
1280
2477
1455
1404
1301
2348
2645
1348
1335
1292
2343
1301
1303
1326
2377
1263
1334
1249
2458
1361
1285
1194
2422
1331
1325
1263
2413
2429
1328
1351
1287
2327
1307
1276
1285
8822
1351
1299
1310
2503
1378
1297
1292
2430
1341
1319
1349
3269
2452
1291
1289
1304
3072
1294
1341
1343
2515
1246
1300
1277
2417
1288
1269
1291
2440
1378
1264
1338
2478
2575
1338
1316
1289
2317
1310
1350
1349
2316
1283
1292
1307
2406
1265
1293
1311
2431
1316
1289
1281
2984
2487
1271
1314
1311
2457
1277
1323
1265
2297
1327
1352
1280
2609
1300
1309
1291
2315
1293
1317
1322
2389
2540
1320
1282
1275
2318
1284
1431
1368
2345
1291
1259
1304
2416
1337
1307
1321
2413
1408
1267
1695
2400
2539
1283
1253
1335
2622
1240
1317
1228
2544
1296
1314
1273
3236
1313
1323
1263
2401
1356
1270
1305
2439
2863
1418
1471
2229
5827
1266
1227
1540
2462
1346
1357
1267
2427
1295
1290
1295
2372
1382
1292
1276
2495
2467
1280
1299
2315
2410
1264
1406
1258
2481
1255
1341
1219
2561
1304
1317
1284
2618
1248
1262
1293
2398
2819
1314
1287
8875
2471
1333
1281
1276
2441
1248
1291
1294
2255
1352
1299
1393
2351
1370
1454
1291
2340
1349
1300
1289
2313
2419
1247
1297
1297
2447
1271
1328
1277
2431
1265
1297
1360
3023
1406
1408
1314
3637
5526
1362
1334
1462
2421
1349
1431
1350
2410
1351
1361
1293
2408
1326
1411
1355
3030
1405
1305
1347
2239
2430
1280
1318
1284
2480
1287
1316
1288
2404
1319
1282
1336
2376
1327
1276
1307
2433
1319
1336
1289
4609
2520
1330
1279
2507
2337
1297
1369
1282
2523
1360
1305
1314
2456
1316
1315
1364
2445
1328
1291
1318
2375
2575
1328
1272
2266
2265
1374
1262
1303
3094
1333
1342
1288
2343
1306
1285
1274
2391
1298
1313
1316
2368
2547
1354
1248
2279
2443
1412
1461
1235
2323
1347
1321
1242
2599
1338
1300
1248
2645
1313
1285
1344
2940
2516
1385
1327
3021
2443
1292
1350
1322
2420
1290
1275
1345
2361
1319
1303
1307
2720
1298
1414
1282
2534
1308
1312
1277
2302
2257
1264
1356
1293
2302
1297
1380
1286
2461
1203
1338
1305
2432
1363
1293
1263
2422
1312
1327
1347
2218
2575
1251
1245
1247
2213
1239
1309
1288
2335
1231
1249
1289
5427
1289
1242
1241
2267
1339
1257
1224
2450
2377
1223
1207
1243
2333
1197
1387
1238
2333
1254
1348
1276
2277
1282
1232
1234
2461
1292
1219
1323
2466
2725
1227
1314
1204
2392
1244
1252
1240
2390
1249
1221
1244
2393
1251
1272
1258
2366
1384
1228
1234
2412
3737
1235
1269
1244
2985
1235
1234
1268
2369
1275
1233
1250
2375
1249
1243
1254
2537
2438
12220
1328
2196
2376
1248
1213
1257
2321
1238
1180
1212
2334
1206
1249
1247
2245
1263
1224
1328
2434
2271
1233
1265
3008
2416
1219
1226
1279
2241
1204
1279
1246
2366
1227
1246
1267
2274
1220
1318
1252
2514
1269
1248
1233
2202
2284
1166
1268
1242
2224
1196
1236
1267
10589
1228
1291
1262
2435
1254
1293
1243
2372
2338
1246
1252
2324
2294
1221
1212
1260
2312
1231
1302
1283
2382
1214
1227
1240
3052
1216
1242
1270
2346
1526
1379
1192
2431
2292
1275
1210
1247
2285
1181
1257
1240
2338
1203
1253
1235
2267
1252
1243
1205
2409
1252
1219
1260
2312
2355
1225
1216
1217
2264
1214
1241
1211
2332
1222
1261
1260
2327
1225
1231
1217
2393
1252
1189
1211
2320
2397
1226
1229
1194
3211
1246
1269
1238
2342
1439
1206
1230
2264
1285
1207
1199
2299
1370
1249
1229
2444
2548
1233
1238
1242
2292
1196
1840
1214
2443
1208
1223
1213
2386
1279
1276
1293
2342
1281
1265
1229
3098
2385
1255
1211
1237
4577
1250
1209
1244
2287
1222
1222
1194
2490
1220
1253
1195
2376
1256
1269
1238
2304
2540
1194
1193
1287
2310
2489
1263
1221
2335
1262
1187
1226
2371
1217
1238
1290
2439
1285
1250
1220
2273
2441
1235
1234
1301
2341
1254
1250
1293
2413
1234
1180
1257
3157
1212
1310
1341
2367
1229
1201
1224
2247
2648
1174
1174
1252
2259
1218
1256
1262
2427
1231
1315
1252
2333
1247
1243
1318
3361
1293
1264
1227
2292
2471
1225
1276
1280
2305
1212
1294
1251
2478
1245
1352
1228
2409
1225
1313
1247
2375
1269
1230
1210
2312
2467
1218
1212
1262
3016
1250
1246
1318
2295
1253
1198
1235
2511
1270
1211
1297
2225
1263
1283
1263
2347
4661
1268
1275
1234
2308
1205
1229
1175
2371
1208
1208
1244
2234
1282
1202
1238
2618
1308
1342
1254
3007
2658
1245
1232
2323
2306
1243
1194
1251
2399
1269
1196
1226
2555
1234
1229
1226
2415
1285
5415
1312
4977
2378
1258
1252
2223
2296
1229
1254
1227
2315
1357
1256
1192
2423
1207
1243
1245
2483
1265
1188
1191
2295
2533
1246
1282
2296
10414
1395
1366
1246
2375
1339
1242
1226
3156
1244
1274
1239
2520
1265
1243
1290
2359
2452
1447
1361
2359
2229
1219
1237
1302
2340
1268
1243
1253
2420
1214
1209
1243
2351
1268
1201
1295
2208
2341
1252
1297
2292
2307
1200
1256
1223
2424
1240
4048
1293
2373
17723
1351
1376
2459
1342
1334
1203
2307
2500
1274
1217
2334
3100
1258
1410
1251
2619
1257
1319
1246
2433
1229
1256
1169
2378
1274
1194
1183
2325
2471
1210
1230
2637
2263
1203
1378
1202
2395
1267
1187
1216
2370
1244
1187
1232
4668
1264
1241
1218
2916
2341
1229
1203
2255
2342
1204
1215
1206
2326
1200
1239
1384
2265
1246
1253
1239
2399
1221
1239
1206
2365
1262
1245
1222
2316
2285
1190
1292
1230
2257
1192
1267
1226
2232
1227
1237
1234
2324
1252
1259
1229
2327
1235
1264
1210
2361
2329
1252
1265
1229
2335
1232
1226
1203
2327
1204
1223
1202
2422
1245
1216
1273
2262
1263
1185
1292
2333
2384
1198
1223
1253
3138
1274
1265
1198
4901
1176
1204
1217
2321
1229
1233
1270
2374
1256
1278
1296
2339
2428
1195
1251
1238
2403
1251
1253
1205
2532
1200
1261
1266
2382
1223
1235
1167
2338
1210
1240
1229
2961
2469
1226
1407
1269
2330
1233
1209
1268
2454
1204
1223
1184
2523
1195
1244
1198
2533
1316
1197
1222
2265
2399
1285
1232
1225
2393
1178
1174
1314
2437
1233
1253
1231
2368
1237
1235
1184
2366
1213
1203
1184
2397
2395
1179
1266
1228
2220
1191
1308
1190
2513
1196
1207
1274
3274
1339
1240
1222
2324
1232
1230
1234
2342
2477
1245
1187
1198
2232
1259
1225
1192
2297
1232
1263
1173
2401
1223
1215
1200
2408
1209
1220
1238
2276
2405
1228
1206
1212
4583
1241
1203
1201
2383
1246
1274
1243
2431
1276
1250
1209
2379
1319
1265
1209
2262
2459
1221
1225
1255
3011
1219
1553
1228
2372
1248
1310
1256
2562
1280
1247
1263
2365
1264
1222
1235
2260
2558
1188
1217
4368
2326
1199
1262
1176
2392
1204
1194
1202
2373
1187
1218
1376
2326
1208
1260
1229
3091
2444
1213
1245
12124
2426
1423
1290
1310
2432
1220
1369
1165
2415
1201
1240
1187
2258
1209
1228
1255
2271
2401
1209
1209
2290
2239
1322
1276
1203
2346
1211
1232
1209
2374
1217
1235
1314
2287
1257
1205
1253
2428
2426
1176
1215
2263
2303
1246
1192
1226
2376
1193
1218
1191
3124
1206
1252
1231
2342
1229
1228
1171
2286
4992
1281
1287
2269
2380
1204
1190
1227
2364
1198
1245
1185
2368
1274
1229
1197
2323
1231
1229
1168
2252
1243
1178
1218
2329
2223
1207
1267
1208
2321
1164
1282
1155
2446
1204
1242
1208
2302
1219
1268
1200
6098
1268
1262
1252
2357
3094
1230
1198
1195
2329
1245
1215
1181
2335
1208
1203
1205
2447
1270
1316
1277
2691
2403
1246
1355
5456
2296
1235
1262
1223
2442
1255
1245
1200
2677
1256
1214
1258
2423
1222
1421
1227
3194
2366
1284
1301
2357
2213
1277
1264
1288
2320
1206
1385
1320
2390
1248
1364
1282
2417
1237
1255
1248
2294
1326
1388
1236
2330
2343
1226
1274
1274
2392
1250
1250
1267
2603
1216
1227
1256
2274
1225
1277
1220
2271
1253
1235
1195
2328
2217
1232
1186
1299
2251
1219
1205
1173
3917
1216
1218
1239
2404
1220
1207
1258
2385
1218
1235
1167
2210
2325
1290
1206
1302
2333
1265
1198
1239
2659
1202
1277
1226
4848
1229
1319
1308
2460
1336
1324
1294
2367
2478
1279
1274
1273
2406
1309
1310
1311
2366
1319
1260
1267
2494
1264
1285
1249
2422
1342
1302
1292
2312
3179
1289
1264
1311
2417
1291
1277
1261
2323
1256
1266
1270
2511
1285
1253
1268
2406
1330
1273
1262
2339
2422
1296
1247
1291
2406
1253
1280
1300
2402
1283
1304
1187
2381
1305
12488
1318
3240
1332
1326
1379
2388
2471
1287
1320
1322
2291
1287
1304
1284
2445
1281
1282
1222
2389
1287
1319
1278
2603
1369
1265
1262
2312
2551
1318
1287
1328
2344
1271
1258
1270
2412
1283
1302
1293
2303
1306
1278
1339
2288
1259
1282
1303
2290
2659
1269
1304
1295
2347
1235
1362
1247
6837
1272
1292
1257
2477
1371
1362
1266
2381
1268
1266
1278
2347
2422
1290
1246
1362
2325
1250
1439
1403
2481
1300
1810
1214
2288
1309
1204
1315
2252
1273
1211
1223
2310
2555
1196
1684
1503
2649
1192
1303
1258
2293
1212
1272
1239
2256
1201
1252
1204
2388
1230
1212
1178
2593
3310
1221
1191
2363
2332
1204
1218
1228
2242
1252
1276
1232
2519
1262
1179
1244
2304
1281
1268
1325
2346
2518
1213
1238
2187
2318
1233
1215
1236
2491
1173
1237
1222
2268
1207
1219
1218
3032
1213
1248
1279
2419
2417
1313
1219
2401
2275
1252
1236
1210
2625
1389
1201
1203
2371
1229
1197
1190
2438
1211
1247
1251
2298
1268
1219
1213
2364
6968
1238
1249
1237
2440
1188
1241
1399
2422
1191
1214
1219
2330
1192
1334
1238
2368
1219
1235
1206
2303
2280
1259
1418
1234
3126
1174
1301
1290
2258
1233
1205
1238
2460
1254
1291
1238
2338
1254
1193
1231
4719
2419
1226
1256
1194
2427
1173
1223
1195
2241
1228
1209
1350
2846
1212
1401
1171
2406
1260
1378
1290
3121
2446
1193
1344
1280
2413
1245
1208
1190
2297
1181
1200
1266
2315
1231
1278
1220
2295
1223
1215
1287
2338
2479
1230
1219
1246
2449
1272
1247
1201
2355
1193
1256
1195
2327
1202
1232
1229
2385
1250
1265
1251
2271
2446
1242
1271
1203
2405
1182
1274
1169
2369
1225
1252
1189
2962
1192
1311
1174
2244
1245
1235
1175
2294
2527
1264
1304
1190
2388
1233
1197
1214
2342
1265
1259
1199
2282
1245
1248
1378
2534
1289
1231
1234
2694
2447
1183
1216
1227
2311
1213
1224
1223
2370
1186
1283
1234
2498
1180
1252
1232
2370
1224
1228
1219
2385
2509
1203
1214
1223
2463
1196
1227
1178
2291
1294
1281
1211
2355
1274
1236
1217
2260
1274
1204
1193
2262
3068
1207
1243
1222
2432
1184
1211
1250
2303
1220
1282
1232
2323
1216
1241
1215
2274
1251
1207
1249
2306
2384
1215
1191
2345
2329
1190
1221
1206
2391
1255
1217
1245
3682
1250
1228
1169
3733
1224
1253
1213
2526
2610
1279
1220
2183
2304
1192
1255
1188
2307
1192
1215
1201
5360
1207
1195
1183
2290
1273
1260
1206
2298
2327
1255
1212
2189
2270
1207
1283
1316
2460
1180
1213
1226
2617
1174
1192
1232
2341
1152
1267
1209
2266
1271
1258
1256
2314
2246
1242
1239
1222
2922
1236
1274
1216
2324
1203
1232
1232
2398
1249
1229
1254
2302
1286
1220
1210
1224
2282
1197
1219
1221
2270
1215
1276
1214
2415
1214
1190
1236
2460
1247
1211
1187
2278
2369
1246
1205
1241
2517
1227
1245
1194
2402
1208
1254
1170
2262
1193
1222
1174
2408
1211
1246
1186
2262
3062
1234
1201
2268
2377
1199
1211
1198
2272
1251
1180
1230
2350
1276
1320
1195
2309
1251
1251
1243
2297
2694
1211
1214
2188
2399
1202
1189
1238
4942
1186
1247
1306
2291
1190
1183
1203
2856
1213
1251
1181
2216
2463
1208
1180
2281
5667
1227
1227
1222
2296
1204
1165
1229
2429
1240
1190
1238
2340
1242
1211
1197
2400
1252
1152
1242
2322
3405
1211
1223
1186
2289
1172
1221
1254
2222
1224
1207
1311
2322
1216
1226
1213
2326
1239
1248
1217
2462
2229
1231
1193
1238
3284
1326
1236
1185
2306
1188
1239
1213
2299
1295
1199
1241
2302
1308
1203
1173
2241
2229
1206
1201
1195
2342
1218
1214
1299
2196
1237
1237
1204
2240
1233
1252
1248
2226
1243
1439
1186
2991
2445
1189
1214
1230
2275
1198
1230
1222
2266
1225
1248
1203
2226
1253
1181
1181
2246
1266
1279
1239
2378
4733
1186
1238
1210
2368
1147
1210
1242
2264
1197
1229
1256
2259
1248
1268
1154
2252
1241
1223
1178
2185
2328
1210
1170
1225
2260
1219
1167
1199
2281
1250
1474
1234
3083
1233
1232
1232
2228
1267
1215
1238
4654
2310
1319
1281
1270
2333
1285
1233
1160
2268
1194
1201
1191
2285
1251
1227
1263
2266
1233
1644
1241
2266
2148
1158
1219
1189
2357
1231
1225
1234
2340
1238
1214
1238
2261
1306
1197
1188
2313
1269
1176
1228
2220
2431
1199
1435
1197
2879
1170
1211
1185
2297
1236
1345
1155
2226
1199
1227
1174
2294
1215
1187
1193
2284
2329
1206
1240
1195
2304
1212
1209
1189
2354
1197
1228
1229
2271
1257
1252
1197
2295
1237
1185
1214
3058
2653
1230
1343
1175
2269
1206
1224
1197
2240
1191
1229
1145
2288
1188
1251
1203
2339
1235
1249
1192
2246
2407
1188
1195
1227
2331
1232
1198
1191
3501
1244
1283
1270
2407
1213
1198
1200
4655
1224
1159
1196
2238
2504
1191
1203
1229
2293
1288
1252
1155
2244
1169
1236
1187
3032
1237
1235
1197
2208
1236
1241
1204
2234
2416
1215
1296
1212
2134
1218
1219
1174
2296
1185
1191
1172
2242
1219
1218
1259
2228
1252
1220
1203
2199
2662
1208
1239
1247
2232
1202
1292
1197
2214
1181
1272
1221
2304
1206
1279
1175
2251
1182
1190
1144
2370
2433
1204
1186
2184
2867
1199
1160
1225
2300
1238
1252
1203
2259
1210
1200
1184
2241
1244
1247
1200
2307
2475
1181
1212
1191
2300
1148
1210
1163
2172
1177
1179
1171
2315
1176
1256
1215
2232
1190
1235
1170
3006
2416
1231
1178
1230
2388
1204
1196
1231
2304
1195
1229
1211
4544
1206
1227
1197
2266
1289
1226
1202
2284
2472
1210
1219
1246
2235
1307
1296
1186
2260
1221
1241
1142
2242
1184
1238
1170
2297
1214
1237
1152
2240
2332
1295
1232
1204
2186
1189
1177
1188
2213
1227
1184
1208
2936
1232
1189
1243
2188
1286
1190
1223
2344
2575
1181
1224
1247
2237
1167
1240
1208
2358
1233
1224
1223
2399
1205
1230
1186
2230
1198
1205
1176
2155
2484
1212
1152
2181
2246
1155
1216
1247
2316
1238
1250
1193
2476
1205
1220
1214
2284
1242
1223
1236
2244
2438
1203
1199
2189
2822
1186
1211
1196
2267
1201
1252
1193
2221
1218
1250
1179
2272
1245
1231
1160
2239
2508
1239
1209
2203
2214
1229
1177
1224
4550
1250
1202
1258
2253
1261
1258
1183
2236
1243
1198
1218
2919
1340
1245
1221
2285
2388
1161
1204
4512
2252
1203
1212
1226
2214
1204
1250
1202
2274
1180
1215
1165
2308
1198
1240
1170
2386
2209
1246
1220
1240
2170
1255
1163
1239
2211
1302
2069
1590
2438
1447
1319
1324
2228
2431
1212
1229
1253
2257
1173
1250
1192
2304
1309
1242
1238
2235
1274
1224
1217
2223
1271
1333
1385
2217
2854
1183
1172
2248
5291
1246
1223
1630
3685
1228
1204
1249
2387
1191
1205
1179
2226
1232
1226
1236
2240
2447
1215
1206
2100
2233
1145
1208
1157
2472
1218
1217
1188
2458
1183
1254
1318
2408
1245
1233
1211
2226
2483
1224
1177
5384
2282
1192
1232
1196
2254
1214
1219
1215
2242
1198
1218
1235
2247
1216
1195
1206
2229
3026
1252
1198
2326
2281
1204
1258
1251
2320
1175
1282
1223
2352
1233
1226
1185
2234
1232
1187
1221
2433
1254
1202
1186
2275
2177
1192
1214
1205
2217
1189
1209
1233
2413
1196
1189
1220
3057
1199
1238
1237
2227
1327
1222
1221
2245
2325
1173
1193
1217
2390
1198
1233
1220
2314
1230
1281
1198
2216
1227
1252
1265
2312
1223
1373
1298
6906
2533
1197
1200
1198
2319
1255
1251
1199
2324
1221
1233
1220
2312
1214
1257
1241
2230
1255
1215
1209
2286
2430
1200
1231
1278
2985
1190
1210
1217
2319
1176
1197
1327
2283
1217
1229
1211
4727
1258
1193
1225
2389
2478
1264
1231
1234
2740
1227
1287
1226
2222
1201
1206
1181
2348
1283
1221
2085
2214
2462
1290
1195
3090
2251
1175
1181
1232
2319
1169
1213
1290
2305
1162
1195
1200
2255
1205
1182
1170
2396
1312
1192
1281
2343
2270
1219
1199
1190
2289
1239
1213
1211
5637
1179
1231
1244
2232
1254
1223
1226
2553
1381
1177
1261
2321
2350
1184
1199
1239
2298
1190
1211
1164
2477
1241
1199
1143
3109
1218
1205
1208
2186
1297
1253
1236
2352
2628
1305
1180
1209
2489
1841
1148
1159
2272
1199
1479
1192
2322
1217
1234
1168
2329
1275
1260
1201
2184
2460
1197
1186
1246
2545
1346
1194
1177
2263
1242
1183
1215
8230
1234
1207
1282
2243
1477
1202
1181
2661
2453
1189
1282
1332
3416
1167
1243
1181
2456
1320
1202
1192
2369
1276
1313
1402
3483
1343
1200
1203
2202
2640
1246
1267
1233
2470
1201
1182
1269
2689
1199
1184
1240
2408
1268
1186
1201
2261
1276
1206
1216
3055
3023
1201
1224
1208
2206
1189
1209
1250
2287
1192
1279
1246
2551
1238
1243
1250
2855
1228
1234
1228
2188
2513
1242
1198
1237
2201
1244
1159
1260
2299
1244
1227
1215
2600
1230
1232
1235
2675
1339
1193
1232
2592
2287
1202
1217
2231
2286
1225
1226
1310
2272
1213
1239
1308
3068
1212
1255
1222
2313
1312
1287
1252
4688
2454
1293
1248
1238
2561
1183
1225
1255
6492
1225
1233
1213
2284
1155
1221
1210
2581
1519
1199
1278
2478
2416
1257
1320
1261
2879
1249
1196
1297
2491
1208
2526
1334
2329
1207
1170
1164
2232
1305
1163
1220
2419
2456
1140
1170
1208
3057
1213
1166
1197
2634
1208
1203
1172
2201
1157
1233
1178
2360
1176
1185
1204
2227
2729
1161
1186
1187
2321
1195
1181
1220
2242
1192
1206
1229
2295
1226
1195
1170
2168
1202
1175
1215
3170
2331
1194
1209
1176
2265
1190
1212
1210
2199
1175
1222
1143
2171
1206
1169
1216
2404
1338
1182
1185
2300
2379
1223
1214
2140
2400
1184
1204
1162
2266
1196
1180
1179
2169
1191
1173
1183
2343
1262
1195
1190
2250
2344
1219
1190
2131
3611
1193
1196
1148
2337
1207
1164
1199
2935
1307
1181
1189
2245
1324
1196
1196
2204
2383
1204
1193
2194
2173
1218
1246
1220
2173
1250
1182
1203
2213
1176
1203
1194
2264
1247
1237
1158
2300
2370
1495
1371
4895
2249
1257
1170
1168
2229
1190
1186
1203
2159
1194
1187
1189
2168
1198
1230
1190
2538
1209
1247
1204
2153
2750
1184
1199
1178
2195
1236
1220
1195
2238
1187
1182
1192
2481
4596
1142
1239
2156
1203
1212
1207
2155
5787
1360
1300
1293
2246
1258
1200
1267
2323
1252
1184
1210
2377
1185
1171
1155
2883
1263
1206
1157
2146
71531
1281
1215
1191
2207
1193
1206
1199
2399
1155
1193
1176
2190
1499
1211
1141
2211
3371
1180
1154
2559
2187
1214
1211
1199
2499
1245
1189
1215
2266
1181
1209
1230
2355
1261
1241
1247
2171
1209
1175
1148
2176
2321
1194
1190
1198
2183
1141
1171
1223
2778
1189
1173
1182
2215
1181
1200
1160
3524
1184
1247
1225
2648
2292
1186
1286
1195
2220
1179
1186
1170
2319
1202
1205
1192
2345
1297
1199
1225
2558
1216
1209
1214
2243
2423
1161
1217
1221
2247
1221
1192
1179
2201
1185
1192
1216
2225
1307
1220
1189
2280
1255
1232
1230
2286
3053
1225
1232
1200
2279
1182
1209
1193
2407
1181
1223
1184
2270
1191
1191
1178
2393
1598
1199
1183
2409
2533
1206
1194
1203
2220
1212
1202
1214
2394
1182
1204
1198
2265
1206
1234
1198
2962
1240
1216
1204
2292
2419
1196
1228
1170
2460
1188
1241
1261
2533
1200
1235
1192
2288
1188
1212
1198
2284
1265
1169
1200
2318
2427
1167
1190
1239
2376
1193
1208
1157
2190
1180
1218
1187
2460
1245
1286
1218
2332
1224
1275
1203
2321
2346
1203
1227
1203
2199
1191
1231
1286
2290
1216
1209
1186
2337
1195
1202
1248
2238
1181
1251
1244
2374
2415
1202
1175
1212
3026
1233
1194
1208
2297
1205
1228
1184
2260
1223
1203
1208
2158
1217
1213
1235
2276
2340
1193
1274
1224
2329
1215
1237
1180
2222
1181
1234
1276
2441
1375
1243
1161
2256
1218
1189
1174
2989
2524
1193
1204
2141
2338
1208
1221
1199
3491
1188
1173
1178
2249
1276
1204
1199
2290
1258
1188
1191
2254
2452
1212
1203
2180
2420
1210
1206
1252
2335
1203
1224
1193
2250
1301
1219
1173
2357
1211
1183
1269
2258
2328
1250
1166
2246
2228
1206
1171
1219
2250
1312
1185
1234
2987
1192
1224
1155
2371
1191
1171
1214
2519
2346
1256
1216
2273
2209
1193
1326
1224
2501
1178
1217
1179
2330
1182
1281
1238
2310
1261
1230
1198
2226
1218
1207
1200
2464
2301
1295
1295
1288
2459
1370
1181
1234
2246
1193
1163
1189
2595
1235
1199
1219
2228
1224
1260
1190
2172
3170
1258
1208
1219
2176
1216
1208
1205
2264
1194
1196
1155
2216
1224
1208
1199
2233
1254
1236
1302
2329
3636
1228
1290
1219
2316
1307
1194
1211
2220
1228
1297
1223
2277
1270
1201
1277
2971
1279
1200
1238
2261
2503
1199
1197
1190
2285
1204
1206
1272
2321
1226
1256
1244
2395
1252
1229
1197
2248
1250
1177
1226
3503
2504
1221
1243
1204
2341
1213
1272
1272
2262
1264
4733
1188
2401
1283
1240
1227
2265
1263
1268
1202
2321
2350
1169
1200
1226
2335
1204
1240
1202
3025
1234
1198
1215
2259
1235
1239
1236
2218
1260
1207
1188
2312
2487
1211
1226
1241
2308
1308
1226
1258
2263
1228
1210
1289
2363
1240
1187
1191
2243
1185
1183
1182
2273
2556
1237
1191
1217
2305
1210
1229
1191
2301
1218
1236
1211
2294
1226
1223
1234
2367
1193
1191
1236
2278
3191
1253
1343
1177
2182
1188
1251
1235
2221
1210
1179
1235
2376
1228
1194
1177
2267
1206
1211
1244
2274
2407
1271
1201
1260
2333
1183
1242
1217
2217
1212
1222
1181
2256
1202
1219
1203
4292
1232
1185
1197
2254
2321
1217
1225
2128
2204
1195
1205
1266
2203
1158
1238
1172
2268
1246
1211
1213
2224
1228
1239
1180
2311
2299
1197
1213
2154
2417
1198
1208
1178
2257
1203
1201
1204
2470
1223
1238
1203
2392
1250
1207
1196
2229
2353
1245
1278
2490
2287
1222
1245
1197
3037
1205
1225
1194
2266
1197
1231
1255
2260
2409
1188
1183
1246
2281
1223
1209
1230
2256
1191
1215
1185
2218
1289
1240
1187
2469
1315
1238
1245
2407
2404
1216
1229
1174
2273
1246
1171
1193
2428
1218
1233
1246
2272
1316
1192
1239
2267
1248
1263
1215
2207
2419
1184
1215
1209
2911
1203
1231
1234
2291
1217
1193
1176
2430
1617
1249
1252
3489
1284
1199
1302
2223
2537
1226
1221
1223
2219
1246
1237
1227
2270
1184
1286
1233
2208
1193
1201
1206
2261
1240
1188
1306
2967
2431
1242
1188
1230
2147
1359
1228
1193
2278
1216
1191
1271
2224
1169
1196
1213
2290
1263
1201
1254
2268
2426
1191
1236
1275
2185
1255
1254
1268
2346
1165
1225
1223
2220
1273
1246
1198
2265
1253
1217
1215
2278
2400
1169
1194
2188
2253
1209
1237
1227
2369
1215
1231
1184
3015
1286
1238
1192
3191
1269
1203
1204
2203
2508
1214
1204
2168
2227
1216
1228
1231
2298
1219
1226
1220
2270
1259
1191
1193
2244
1267
1253
1225
2252
2347
1216
1173
2219
2298
1204
1194
1196
2229
1198
1225
1205
3574
1200
1214
1210
2209
1288
1247
1243
2226
2416
1180
1208
2180
3002
1208
1222
1323
2307
1206
1249
1235
2308
1256
1260
1228
2533
1267
1263
1256
2308
1269
1244
1321
2291
2207
1233
1238
1220
2254
1225
1237
1228
2203
1234
1194
1280
2243
1217
1238
1231
2875
1276
1200
1233
2315
2328
1211
1205
1211
2267
1183
1253
1215
2277
1236
1315
1229
2254
1224
1431
1343
2294
1200
1269
1273
2310
2297
1254
1218
1234
2309
1264
1246
1260
2208
1257
1249
1243
2374
1249
1268
1315
2247
1239
1264
1274
2290
2376
1238
1199
1252
2387
1253
1241
1324
2885
1223
1302
1243
2289
1244
1269
1216
2316
1279
1225
1225
2342
2406
1240
1239
1244
4034
1221
1248
1202
2380
1285
1223
1243
2346
1252
1206
1333
2325
1346
1258
1269
2479
2525
1252
1261
1284
2612
1327
1188
1304
2347
1286
1260
1280
2320
1268
1274
1296
2330
1346
1299
1245
2385
3314
1245
1201
1220
2259
1204
1251
1285
2364
1603
1255
1250
2320
1247
1318
1219
2678
1246
1271
1230
2162
2348
1194
1252
1153
2233
1230
1242
1216
2434
1177
1205
1178
2212
1218
1206
1149
3177
1201
1212
1203
2453
4514
1243
1280
1220
2588
1201
1183
1213
2293
1219
1246
1209
3062
1220
1253
1206
2495
1235
1202
1194
2341
2286
1219
1245
1219
2477
1202
1208
1197
2501
1180
1217
1185
2452
1250
1266
1186
2389
1228
1217
1175
4215
2388
1216
1162
1240
2295
1206
1214
1236
2333
1230
1195
1246
2319
1235
1202
1178
2262
1266
1204
1193
2553
2334
1235
1252
1293
3072
1222
1225
1237
2284
1310
1226
1214
2316
1224
1223
1358
2294
1211
1252
1285
2233
2373
1210
1232
1224
2323
1187
1191
1216
2303
1208
1210
1273
2320
1197
1226
1191
2232
1212
1226
1185
3073
2414
1219
1300
1203
2211
1237
1166
1201
2172
1237
1245
1192
2365
1171
1224
1196
2230
1224
1199
1181
2236
2382
1228
1255
1178
2204
1226
1233
1177
2228
1180
1237
1191
2245
1191
1171
1192
2355
1287
1277
1157
2265
2305
1261
1197
2233
2538
1213
1223
1222
2280
1211
1230
1276
3120
1237
1218
11174
4964
1348
1238
1297
6337
2471
1278
1305
1250
2229
1210
1226
1273
2365
1361
1269
1261
2268
1231
1299
1242
2217
1240
1212
1294
2586
2700
1188
1205
2740
2514
1258
1212
1198
2604
1228
1221
1341
2393
1238
1215
1318
5312
1365
1219
1245
2195
2651
1177
1195
2157
3034
1199
1213
1188
2260
1197
1205
1187
2211
1211
1200
1162
2256
1212
1196
1201
2323
2408
1226
1244
2313
2215
1241
1170
1204
2361
1203
