89536
89690
162366
97686
140890
102568
87313
150273
156892
1987108
111213
86628
114798
88659
114712
100652
87764
87282
140642
99838
83842
85922
86611
57181
39820
40330
42722
44694
74767
77881
50197
68322
41290
42468
72226
28965
28256
31678
34050
36285
52995
59470
43407
60084
44472
28529
30880
65783
33349
36118
39434
39145
70293
102276
37567
42623
64076
32620
34776
35161
39403
54261
43260
45147
30018
31832
34353
33433
52534
35746
39201
40239
58151
26604
47427
31103
34388
31077
35767
22301
23311
21360
22605
20891
22545
22843
22089
21266
22852
20984
22838
21522
21212
22592
21170
22827
21585
22120
21596
22122
27725
22357
301665
18275
16455
18563
16389
17322
16145
17385
16231
17356
16994
17158
16243
19171
15936
41104
16557
17049
15907
17297
15883
16910
16299
17234
16871
15872
17353
15832
16919
16396
17423
16215
16955
16099
17421
16562
16945
17101
15649
16351
16836
29198
16962
16132
17910
16060
17059
16005
17230
16078
17440
16108
17086
15110
17269
15887
17030
17076
16974
16392
16963
16044
17019
15993
17186
16907
16126
17484
15541
17383
16427
17075
15919
17302
47016
17466
16131
16732
15920
16915
15842
16801
16577
15784
17243
17480
15960
17082
16389
16956
23816
17836
16534
36088
15980
16764
16067
17131
17140
15960
23844
19298
15931
15022
15665
15033
15928
15104
3427903
30950
21165
22321
16443
14766
15930
14613
15963
14709
15156
19360
15841
14142
15257
14184
15577
14296
15344
14514
15788
14381
15485
15937
53250
13962
29749
14723
23895
13934
13712
46665
14007
14990
15055
15210
13768
14685
13776
46612
13882
70380
13805
52718
13959
36017
14400
33835
14141
30122
14335
25373
14050
13702
14662
14039
15206
15960
61355
14397
40308
13980
37064
14213
33959
14805
30113
14067
27151
13949
13637
15659
18535
49765
14378
35396
13825
33486
13872
15945
14286
26686
26089
13723
15217
13592
14713
16539
14819
14327
13756
13784
15714
13948
14732
13592
14169
14049
14175
14054
14471
16565
16578
13439
87245
12422
34530
13228
14396
13482
54242
13941
22957
14326
13744
45127
27207
16719
13569
15002
25956
39079
13826
35979
13775
31706
14670
29057
13681
25238
13716
13516
16558
14440
14920
12818
41035
13956
37258
13732
32368
13851
69571
14033
25267
13943
13616
17285
13677
14882
12448
46079
13835
15850
13545
40573
13794
34992
14112
32657
18366
27488
27112
27522
13650
13254
14752
12257
39478
13524
35060
13484
32017
14227
28353
13560
29045
13516
22486
13554
13297
14503
13369
38480
13388
34598
14458
29830
13431
2222142
14535
31189
14095
14041
14820
14305
14454
13850
14785
13981
43686
13775
36743
13883
32510
12876
29444
18121
14929
13914
22767
14065
13556
39092
13991
36343
13993
31446
13902
30310
12782
25218
13534
13706
14370
13831
38008
14039
34616
13793
30912
13751
26254
13666
23145
13753
13753
14558
13730
16539
13550
43024
14084
16262
10849
6175
7358
6112
6056
6070
4821
5771
5673
5780
5821
5738
5472
5742
5587
5832
5521
5457
5593
5711
5771
8142
5676
5653
5692
6617
5492
5647
5612
6424
5559
5687
5562
5800
5539
5782
10070
5760
5808
4701
5946
5382
5763
5668
5676
5536
5486
5599
5721
5480
5775
8045
5599
5692
5852
5621
6599
5745
6153
6724
6292
5894
8329
5772
5562
5541
6443
5583
5936
5488
5704
6026
4509
5742
5467
7026
5810
8264
5501
5759
5579
5522
5717
5416
5588
5403
5735
5705
4556
5484
5376
5550
7942
6203
5492
5593
5590
5468
5528
5498
6294
5399
5560
6040
5658
5677
5494
8018
5439
5526
5395
5385
5917
5659
5621
5494
5627
5580
5582
5807
6017
4607
8074
5531
5544
7093
5612
6380
5541
5537
5393
5583
5497
5439
6319
5447
6855
5902
5707
5369
5677
5590
5660
5562
5646
5569
5568
5607
5619
5448
5572
5378
5461
5682
4566
5613
5546
5469
5396
5548
5723
6366
5453
5511
5601
5657
5986
8358
5566
5901
4454
5650
5703
5869
6285
5548
5641
5669
5902
5601
5563
6573
8076
5559
5582
5881
5744
4728
5656
5552
5650
5519
5533
5582
5599
5367
5626
9167
5534
5526
5543
5547
5950
4501
5466
5432
5295
5292
5354
5452
18923
5714
5362
5567
5797
5767
5426
5454
5923
5829
5468
6504
5461
5489
5271
5577
5395
5586
6259
5467
5659
5485
5770
5601
7041
6603
5418
5394
5563
5537
5839
5408
5456
5628
5703
5530
5694
5422
5279
5413
5310
5631
4404
18664
5481
6164
5520
7511
6316
6070
11390
5671
6123
5471
5173
5535
5644
5602
5573
5416
5488
7865
5350
5497
5451
6203
5493
5396
5289
5415
5415
5489
6043
5697
5675
4503
7751
5425
5451
5566
5337
5342
5489
5576
5494
5392
5434
5275
5453
18670
5416
5465
6324
5425
5428
5405
5552
5343
5377
6248
5453
5452
5343
5543
5342
5328
6276
4342
5472
5319
5458
5361
5447
5321
5484
5476
5357
5371
5414
5559
5271
5349
5704
5527
4445
5592
6112
5480
5524
5486
5389
5463
5267
6239
5213
5274
5123
5426
5422
5678
6501
5685
5475
5377
5330
5411
5229
5486
5368
5509
5554
5495
5282
5446
5224
5852
5523
4435
5446
5162
6064
5364
5202
5469
5306
5448
5497
6260
5475
5542
5398
5413
5538
5458
5403
5551
5235
5461
5327
5461
5517
5394
5381
6559
5581
5476
5417
5262
5496
4423
5480
5235
5367
5346
6023
5345
5418
5231
5336
5366
5450
6037
5393
5248
5478
5463
4579
5437
5410
5378
5370
5399
5318
5641
5493
5352
5371
5400
5205
5410
5386
5679
4389
5614
12541
5327
5471
5265
6197
5467
5418
5387
5529
5499
5457
6043
5540
5427
5549
4376
5392
5347
5544
5287
5441
5531
5321
5467
5559
5364
5474
5356
5468
5380
5658
4296
5434
5465
5318
5305
5471
5386
6210
5283
5465
5359
5411
5178
5371
5992
5320
5571
5424
5399
5335
5464
5227
5407
5490
5461
5397
5332
5343
5461
5265
5224
5383
7623
4435
6146
5453
5350
5391
5215
5279
5354
6086
5360
5476
5351
5372
5308
7865
6162
5566
5363
5463
5549
5270
5283
5506
5384
6578
5495
5321
5348
5385
7998
5360
5481
5576
4452
5505
5884
5430
18813
5304
5417
5402
5342
6040
5207
8132
5423
5200
5298
5300
6373
5399
5274
5185
5413
6980
5219
5225
5397
5166
7779
5427
5365
5232
5393
5552
5521
5380
5363
5174
6257
5173
5502
5459
5353
7459
5319
5911
5387
5390
5246
5384
5568
4496
5500
5206
5411
5337
5309
5348
7706
5318
5264
5211
5285
5318
5249
5302
5538
5488
5342
5318
5290
5241
5871
7368
5198
5234
5382
5370
5248
6026
5344
5202
5427
5341
4477
5604
5431
5098
7668
5271
5629
5382
5242
5390
5439
5475
5450
5283
5466
5464
5464
5336
5489
7678
5393
5425
6163
5315
5340
5313
5254
5410
5230
5959
5262
5575
5410
4532
7709
5291
5192
5388
5276
5324
5356
5364
5388
5338
5247
5216
5441
5356
5476
5275
5548
5387
5224
5421
5340
5263
5970
5215
5245
5319
5224
5382
5491
5939
5398
5455
4365
5428
5137
5508
5356
5288
5321
5331
5406
5332
5415
5340
5443
5330
5478
5433
5547
6296
5237
5459
5285
5227
5324
5414
5922
5212
5401
5464
5206
5466
5261
6193
6793
5319
5320
5259
5247
5573
5433
5401
5289
5621
5211
5291
5291
5479
5448
5553
5510
4458
5434
5838
5278
5471
5364
5224
5215
5479
6020
5263
5974
5391
5517
5497
5424
6304
5561
5355
5431
5245
5260
5349
5334
5305
5295
5528
5314
5091
5131
5401
5521
5439
4626
5469
5159
5974
5528
5464
5293
5319
5355
5288
6398
5420
5146
5409
5473
6042
5500
5384
5214
5223
5194
5242
5241
5273
5357
5098
5328
5285
5376
5286
10611
7960
5467
5464
5363
5173
5259
5897
5328
5349
5284
5300
5332
5403
5994
5255
5502
5393
5531
4293
5244
5151
5126
5334
5387
5290
5335
5224
5444
5194
5188
5248
5415
5264
5551
5815
5431
16929
5361
5439
5354
6089
5172
5520
5427
5369
5375
5293
6013
5371
5365
5643
4404
5351
5263
5271
5347
5366
5392
5302
5492
5228
5180
5354
5093
5410
5256
7514
5360
5262
5113
5134
5139
5235
5598
6092
5535
5484
5293
7038
5411
5371
8827
5308
5473
5299
5468
5366
5163
5300
5272
5326
5189
5229
5361
5402
5474
8638
5399
5531
5482
4347
5990
5294
5344
5100
5152
5353
5148
6016
5166
5264
7649
5334
5153
5171
6201
5482
5362
5262
5192
5353
5154
5247
5310
5274
5231
7686
5320
5182
5529
5343
5258
5340
4351
5235
5994
5486
5422
5535
5336
5354
8258
6145
5278
5452
5301
5192
5258
5403
6197
5267
5416
5091
6043
5257
5187
8625
5278
5291
5284
5264
5500
5225
5145
5363
5518
5318
5298
5018
6152
5169
7924
5481
5231
5253
5280
5913
5317
5536
5413
5311
5360
4287
5421
5191
5243
7801
5169
5306
5357
5344
5334
5278
5224
5177
5620
5536
5347
5412
5246
5584
7805
5284
6098
5309
5514
5386
5392
5289
5250
5929
5269
5291
5436
5418
4324
7835
5360
5268
5470
5136
5200
5259
5210
5372
5145
5333
6233
5359
5579
5461
5484
5291
5353
5218
5271
5228
5897
5252
5127
5209
5295
5352
5262
5876
5306
5522
5364
4264
5276
5240
5389
5291
5438
5254
5257
5413
5387
5196
5254
5329
5309
5433
5441
5377
5246
5106
5437
5221
5273
5304
5966
5236
5286
5278
5178
5212
5305
5895
5232
5358
4408
5383
5094
5194
5211
5158
5318
5326
5283
5238
5341
5435
5388
5138
5168
5512
5568
5249
5382
5295
5203
5100
5297
5338
5176
7363
5283
5241
4943
5263
5243
5182
5329
4222
5407
5235
5243
5632
5228
5211
7364
5267
5104
5150
5979
5280
4982
5209
5324
5342
5178
5177
5441
5330
5194
7418
5169
5300
5113
5080
5319
5160
5304
5382
5623
5488
4218
5490
5228
5238
7276
6120
5187
5188
5122
5172
5280
5315
5784
5077
5467
5377
5300
5344
5212
7672
5321
19819
5198
5484
5149
5042
5335
5389
5331
5184
5343
5717
5669
4476
7916
5417
5338
5248
5263
6104
5313
5268
5290
5192
5444
5027
5879
5139
5596
5371
5257
5267
5363
5394
5474
5261
5397
5278
5385
5245
5180
5378
5350
5212
5402
5426
4338
5477
5348
5279
5219
5241
5277
5929
5084
5283
5103
5150
5401
5157
5784
5542
5345
5388
5316
5581
5294
5135
5280
5294
5240
5324
5353
5258
5270
5464
5034
5255
5370
4408
5956
5333
5211
5230
5313
5487
5228
6095
5295
5214
5147
5235
5275
5344
6291
5548
5274
5227
5211
5387
5265
5326
5340
5362
5226
5170
5324
5335
5292
6082
5192
5416
5286
5400
5998
5172
5041
5300
5183
5357
5104
5783
5231
5164
5141
5187
5219
5516
4339
5230
5255
5291
5098
5305
5239
5110
5275
5175
5347
5231
5431
5378
5269
5395
5401
5401
5414
5242
6162
5347
5226
5225
5145
5169
5147
6125
5168
5432
5198
5160
5317
4210
5319
5166
5457
5193
5269
5297
5514
5273
5147
5351
5376
5209
5360
13483
5364
5365
5226
5326
5156
5177
5825
5121
5105
5142
5312
5208
5307
5957
5211
5137
5374
5278
4233
5249
5293
5229
5351
5132
5190
5162
5124
5186
5327
5129
5174
5426
5236
5363
8460
5259
5221
5213
5159
5351
5784
5317
5176
5091
5114
5333
5145
5859
5265
7660
5409
4342
5358
5167
5231
5261
5344
5237
5217
4976
5265
5175
5285
5398
7827
5379
5383
5279
5251
5364
5173
5242
5278
5189
5862
5323
5267
5245
5270
8156
5353
5959
5253
5814
4623
5278
5353
5362
5406
5311
5376
5490
6171
5243
7856
5177
5519
5318
5392
5514
4340
5864
5046
5290
5163
5649
5302
5233
6010
7621
5932
5441
5155
5537
5324
6466
6020
5360
5231
5226
5439
5191
5174
5235
8135
5174
5287
5312
5385
5286
5157
5528
5386
4195
5510
6164
5175
5192
5372
7872
5331
5171
6145
5116
5318
5276
5232
5397
5395
6229
5312
5217
5218
5072
7732
5437
5515
5159
5296
5073
5229
5313
5268
5248
5302
5582
4376
5498
5399
8446
5198
5187
5588
5156
5419
5193
5829
5286
5016
5309
5317
6305
4311
5361
7462
5187
5646
5206
5332
5203
5176
5433
5290
5132
5382
5359
5289
5256
5527
4575
5404
5158
5173
5864
5231
5310
5315
5227
5324
5220
6212
5291
5584
5243
5683
5264
5343
5133
5112
5221
5341
5279
5455
5284
5364
5311
5213
5166
5363
5101
5295
5424
4408
5477
5091
5304
5171
6166
5437
5337
5149
5317
5224
5208
5920
5312
5367
5416
5272
5592
5180
6645
5195
5218
5151
5101
5185
5260
5267
5250
5069
5412
5193
5336
4305
5335
5312
5528
5298
5329
5228
6115
5275
5302
5214
5232
5141
5189
5917
5403
5237
4427
5295
5207
5249
5250
5151
5131
5207
5335
5191
5166
5168
5206
5274
5116
5565
4382
5972
5135
5187
5220
5123
5136
5176
5706
5168
5165
5392
5200
5188
5226
6037
5380
4305
5179
5055
5359
5419
5228
5160
5219
5206
5329
5172
5243
5102
5083
5132
5418
4325
5316
5864
5275
5317
5212
5267
5126
5114
5950
5163
5176
5185
5353
5400
5387
6000
5249
5200
5284
5247
5481
5236
5074
5090
5361
5332
5257
5073
5274
5108
5424
5405
4203
5478
5060
5955
5175
5321
5150
5383
5232
5190
5786
5285
5195
5143
5182
5683
5423
5432
5354
5294
5241
5222
5234
5346
5452
5237
5401
5327
5573
5322
5371
5362
7752
4413
5466
5234
5093
5880
5138
5476
5923
5173
5341
7771
6688
5613
5295
9840
12502
4425
5486
5338
5350
5263
5188
5282
5250
5274
5305
5326
5309
5362
7401
5270
5405
5660
6516
5324
5326
5234
5235
5829
5290
5231
5301
5268
5142
7255
5857
5317
5417
5498
4368
5388
5121
5300
5220
5103
5347
5459
5381
5326
7337
5299
5289
5185
5189
5344
5370
18188
5365
18033
18678
18387
5286
5884
5371
7339
5259
5112
5279
5213
5964
5408
5415
5349
5083
5337
5218
5160
5197
5294
7802
5268
5153
12198
5260
5247
5310
5270
5349
5270
6021
5277
5337
5354
5408
7225
5218
6237
5201
5288
5278
5479
5241
5245
5954
4339
5423
5240
5335
5332
7907
5200
5249
18203
5143
5266
5060
5148
5156
5200
5129
5380
5125
5084
5663
7192
5197
5128
5081
5169
5176
5495
5256
5250
5135
18335
5351
5329
4320
5480
7535
5180
5193
5352
5267
5209
5205
5290
5404
5223
5262
5170
5281
5442
5335
8685
5330
5240
6126
5191
5214
5270
5275
5267
5751
5954
5297
5042
5400
5451
7544
6081
5306
5161
5072
5318
5230
5176
5882
5256
5276
5299
5235
5251
5208
8231
5419
4368
5409
5244
5042
5184
5123
5203
5121
5185
5222
5109
5118
5304
7563
5364
5305
5409
5160
6127
5160
5141
5357
5170
5247
5157
6096
5195
5406
8532
5327
5281
4381
5446
5278
5275
5311
5354
5508
5256
5249
17563
18276
5385
20654
5132
5000
5097
5284
5240
5161
5305
5270
5742
5163
5088
5282
4999
5062
7867
5654
5071
5451
5355
5774
4245
5186
5054
19713
5489
5798
5330
5218
5150
20451
5086
5067
5277
5166
5310
5393
4332
5149
5327
5157
5298
4972
5740
5262
8116
5028
5254
5368
5253
5935
5274
5368
5759
5402
5508
5206
5255
5112
5139
9023
5698
5147
5059
4989
5172
5205
5039
5278
5193
4140
4975
4994
5080
5192
8175
5203
6064
5233
5100
5328
5812
17644
18349
6617
5349
5411
5164
5287
5345
8129
5253
5311
6166
5269
5360
5176
5159
5404
5638
5773
5375
5465
4393
6227
9534
5382
5794
5145
5234
5047
5912
5144
5304
5256
5244
5188
5288
6125
4377
7415
5254
5235
5240
5250
5126
5204
5191
5369
5268
5214
5225
5359
5214
5146
5645
4334
5311
6196
5369
5324
5211
5522
5347
5341
5908
5210
5452
5203
5119
5357
5260
4302
5288
5326
5448
5128
5139
5401
5079
5202
5220
5188
5340
5216
5352
5255
5452
5266
4377
5483
5153
6027
5210
5379
5327
5135
5207
5211
6039
5253
5393
5280
5422
5260
4199
5375
5157
5190
5172
5456
5272
5266
4992
5250
5449
5256
5410
5357
5307
5462
5301
5609
5238
5349
5232
5731
5316
5272
5282
5208
5091
5216
5917
5146
5283
5226
5432
4257
5222
5173
5258
5324
5229
5441
5278
5398
5350
5490
5282
5175
5237
5197
5454
5481
5240
5536
5117
5192
17623
5603
18503
5174
5146
5248
5301
5184
5779
5145
5181
5261
4133
5651
5050
5065
4972
5186
5117
4934
5153
5133
5173
5106
5169
5004
5207
5245
4278
5233
4993
5124
18153
5026
5112
5890
5084
5196
5156
5188
5065
4986
5852
5055
18593
5333
5173
4894
5035
5248
5029
5119
6138
4974
5142
5133
5067
5074
5150
5486
5589
4162
5773
4920
5061
5040
5019
4948
5079
5777
5163
5113
5141
5046
5197
5192
5708
7496
5153
5002
5360
5462
5055
5162
5254
5041
5122
5404
5031
4957
5134
5165
7651
5140
4185
5314
5924
5112
5056
5147
5309
5198
5122
5694
5097
4959
5163
7571
17913
5314
4290
5201
5079
5070
4984
5234
5096
5157
5194
5074
4992
5126
10110
5128
8616
12265
5396
18164
5046
5150
5514
5118
5298
5116
5074
5316
5048
7716
5169
5173
5186
5138
5218
4154
5378
5142
5118
5125
5108
5085
5080
5114
7455
5325
5219
5192
5355
5327
5325
5544
5431
5172
5234
5206
6302
5405
5181
7828
5240
5193
5277
5946
5977
5193
5530
5405
4317
5273
5505
5367
5284
18395
8496
5035
5178
5112
5124
5016
5146
5188
5270
5125
4250
5106
5088
5204
5073
7056
5614
5184
5122
5035
5095
19782
5231
5725
5316
5155
5088
5085
5135
5151
8768
5437
5109
19773
5295
5260
4991
5178
5178
5058
5191
5293
5222
4187
5203
7305
5213
5215
5024
5085
5627
5203
5155
5056
5117
4957
4925
5662
5107
5264
7202
5055
5345
5002
5089
5195
5294
5195
4864
5065
5101
17976
5158
5138
5348
5551
5377
6088
5483
5270
5467
5341
5123
5224
5825
5361
5207
5339
5341
5268
5434
19394
4287
5402
5212
5483
5371
5271
5192
5209
5191
5362
5348
5221
5102
5190
5215
5282
10378
5311
5328
6099
5303
5178
5247
5299
5345
5357
6280
5403
5250
5376
5190
5152
5195
5240
5269
5013
5070
4940
5066
5111
4953
4898
5139
5057
4957
5002
5128
5200
5495
4316
5264
5208
5143
5809
5198
5079
5012
5703
5219
5133
5836
5142
5072
5090
5065
5033
5210
5108
18258
5304
5219
5005
5143
5161
5218
5150
5110
5201
5287
5138
5215
5103
4149
5212
5283
4974
5048
5756
19611
5240
5138
5017
5121
5060
5828
5118
5198
5073
4206
5184
5510
5026
5099
5119
5027
5260
5029
5083
5150
5073
17465
5014
4987
5213
5254
5057
5222
5003
5031
7912
5729
5934
19688
17817
5295
5383
5235
5196
6046
5300
5199
4382
5396
5434
5424
5193
5206
5208
5294
5116
5134
5344
5146
5181
5272
5115
5408
4364
6058
5243
5255
5334
5215
5321
5261
5807
5266
5247
5194
5185
5278
5098
5799
5314
5317
5243
5198
5190
5405
5304
5390
5266
5258
5227
5372
5180
5259
5309
5255
7696
4319
5248
5815
5192
5164
5118
5264
5211
5112
5780
5106
5031
5186
5100
20167
18288
5922
5291
5182
5052
5001
5153
5083
5196
5040
4972
5221
4971
5047
7219
5007
5285
5065
4252
5174
5086
6580
5032
5181
5052
4986
5008
4970
5781
7100
5213
5098
5141
5121
4277
5189
5061
5065
5229
4933
4972
19121
5232
5134
5132
5146
5055
5208
5699
5100
5149
5085
4990
5160
5097
5032
5096
5282
5176
5038
5048
5208
5037
4998
5115
5196
5121
4198
5858
4808
5204
5173
5072
5214
5230
5750
5144
5167
5127
5203
5865
4988
5854
18408
5240
5258
5556
5171
5339
5074
5264
5357
5103
5223
5532
5218
5227
5258
5346
5375
4479
5231
6072
5451
5291
5381
5182
5252
5198
6009
5269
5379
5383
18041
5338
5390
4206
5448
5196
5364
5273
5216
5256
5211
5244
5106
5287
5157
5328
5274
5269
5208
5335
4438
5443
5293
5823
5179
5339
5427
5468
5201
5235
5936
5313
5237
5317
5228
5492
4406
5644
5275
5231
5392
5278
5060
5166
5175
5135
5274
5314
5476
5436
5109
7761
5440
4456
5383
5181
5250
5909
5460
5167
5290
18408
5257
5102
5873
5443
7962
5872
5431
4200
5639
5295
5309
5230
5254
5250
5438
5343
5269
5413
5332
7655
5155
5468
6018
5487
5305
5147
5272
5257
5367
6120
5351
5303
5353
5257
8714
5161
6280
5269
5268
5358
5442
5176
5284
5293
5226
5337
5229
5185
5235
7263
5102
5243
5331
4266
5498
5132
5883
5306
5453
5084
5229
5290
5258
5838
7362
5193
5144
5087
5254
5150
5293
5444
5438
5277
5402
5176
5165
5182
5149
7423
5235
5181
5277
5108
5264
5253
5310
5378
5265
5188
5878
5253
5234
5262
7536
5093
5229
5850
5236
5272
5547
5414
4466
5549
5288
5121
5271
5270
5208
7600
5173
5209
5264
5242
5326
5361
5192
5209
5399
5264
5088
5337
5335
5205
8077
5268
5194
5143
5248
5351
5326
5955
5329
17813
5159
4242
5205
5165
5160
7339
5069
5418
4975
5033
5025
4972
5164
5041
4959
5334
5259
5042
5170
6435
7483
5015
5072
19803
18157
4937
5182
4960
5067
5428
5550
5686
5096
5176
5091
7665
5127
5049
11480
5521
5122
17364
5041
5152
5147
5051
5040
5108
5196
5394
4133
5654
4978
5022
5125
5230
5191
5047
5748
5027
5246
5280
17394
5012
5088
5842
4011
5091
5186
5091
5267
4966
4968
5019
5100
5003
5289
5090
5093
5060
5276
5140
5171
4451
5238
5656
5021
4971
5006
4965
5084
5055
5585
5016
5262
5270
5308
5501
5378
4347
5404
5355
5259
5131
5248
5274
5242
5226
5433
5376
5137
5531
5416
5513
5277
4281
5314
5265
5387
6055
5355
5216
5281
5163
5504
5203
5997
5138
5141
5265
5380
5459
5245
5360
5214
5209
5288
5239
5165
5254
5326
5043
5233
5408
4346
5569
5856
5320
5164
5382
5469
5071
5448
5938
5324
5276
5239
5426
5115
5411
6071
4301
5515
5231
5330
5105
5245
5195
5328
5387
17572
5095
5127
4946
19937
5234
5284
4348
17775
5159
5567
5122
5045
4981
5226
5021
5052
5774
5092
5733
5109
5197
5097
4237
5119
4883
5270
5195
5245
5382
5279
5251
5263
5338
5243
5187
5630
5426
5356
5213
5436
5261
5483
5555
18234
5070
5392
5350
5129
5140
5290
6190
5225
5789
5823
5698
4361
6625
6472
5563
5859
6597
5794
5216
5417
5317
5202
5393
5464
5634
5252
5292
4041
5315
5579
5433
5233
5362
6708
5384
5369
5453
5312
5280
5451
5986
5899
5352
5217
4450
5218
5088
5131
5315
5297
5438
5318
5470
9816
6073
5314
5127
4995
4799
4692
4646
4577
4526
4580
4582
4577
4572
4567
4673
4857
4546
4516
4612
4733
4537
4535
4724
4433
4459
4668
4439
4410
4205
4377
4255
4294
4465
4614
4614
4541
4452
4936
4805
4653
4513
4299
4350
4436
4476
4704
4247
4562
4349
4389
4847
4561
4945
4724
4188
4904
4263
4476
4246
4406
4319
4354
4225
4490
4221
4374
4386
4591
4311
4224
4384
4247
4636
4754
4267
4649
4481
4302
4096
5234
5324
5260
5186
5226
5193
5125
5617
5220
4202
5452
5326
9072
5190
5208
5168
5300
5266
5536
5820
5088
5144
4909
5489
5340
4194
5409
8043
5723
5084
5066
5444
5078
5326
5239
5180
5136
5107
5042
5065
5316
18501
17096
5678
5725
5226
6914
19780
5221
5288
5162
5248
5331
6195
5796
5221
5196
5798
4360
5672
5163
5245
5165
5240
5334
5340
5527
5812
5169
5201
5303
5183
5489
5398
5779
5664
5630
5263
4374
4220
4390
4716
4330
4338
4321
4421
4915
4579
4493
4597
4803
4179
4503
4334
4476
4296
4550
4424
4726
4660
4372
4385
4311
4611
4881
4496
4379
4425
4429
4171
4462
4300
4657
4780
4357
4438
4660
4879
4647
4309
4450
5162
4225
4356
4354
4318
5450
4363
4334
4357
4513
4367
4409
4451
4561
4556
4433
4518
4501
4797
4904
4334
4525
4366
4345
4294
4404
4422
4697
4606
4292
4334
4480
4761
4252
4488
4277
5760
4863
4213
4599
4697
4744
4425
4461
4368
4667
4416
4438
4320
4486
4999
4538
4389
4440
5101
4486
4394
4386
4443
4563
4425
4410
4493
5164
4462
4564
4611
4482
5252
4307
4246
4465
4821
4408
4557
4346
4726
4864
4368
5111
4500
4606
4381
4850
5082
4301
4436
4374
4612
4601
4315
4434
4235
4683
4565
4557
4463
4460
4364
4515
4406
4273
4288
4348
4474
4351
4528
4305
4365
4415
4949
4360
4410
4470
4370
4364
4411
4350
4305
4280
4313
4576
4280
4337
4227
4242
4386
4462
4386
4486
4322
4404
4327
4489
4319
4172
4365
4542
4327
4998
4476
4444
4378
4276
4393
4460
4292
4449
4309
4367
4172
4549
4286
4375
4290
4449
4447
4471
4241
4284
4260
4378
4341
4382
4543
5058
4342
4475
4679
4505
4354
4435
4260
4500
4527
4373
4286
4387
4310
4390
4353
4426
4355
4616
4652
4266
4215
16339
4713
4216
4251
4160
4258
4233
4214
4464
4315
4360
4273
4287
481884
5452
5428
5073
4796
4459
4886
4551
4507
4419
4618
4438
4355
4468
4667
4495
4420
4387
4259
4306
4429
4678
4272
4308
4583
4229
4518
5063
4450
4456
4488
4487
4422
4350
4288
4268
4336
4168
4548
4310
4194
4444
4400
4371
4242
4423
4394
4458
4387
4496
4094
4325
4126
4238
4405
4231
4340
4419
4446
4439
4322
4396
4344
4299
4422
4392
5317
4365
4203
4380
4379
4360
4509
4463
4436
4343
4395
4654
4508
4368
4467
4315
4608
4605
4422
4397
4340
4468
4444
4476
4373
4622
4512
4623
4594
4452
4742
4380
4631
4624
4226
4444
4476
4363
4590
4188
4372
4353
4301
4493
4507
4450
4687
4410
4460
4502
4323
4323
4256
4507
4458
4320
4447
4436
4740
4448
4365
4454
4449
4477
4455
4496
4401
4401
4444
4266
4411
4426
4419
4458
4466
4545
4427
4525
5245
4430
4558
4362
4350
4278
4360
4569
4212
4684
4447
4399
5591
5412
5704
5536
5309
5325
6087
5559
4309
5493
5270
5120
5322
5324
5183
5070
5125
5328
5236
5404
5280
5045
5101
5459
5163
5342
5853
5164
5148
5254
5105
5098
5425
5894
5140
5331
5177
5464
5230
5192
6048
4283
5383
5588
5270
5487
5360
5101
5303
5264
5249
5318
5221
5197
5305
5455
5271
5364
5309
5369
5984
5091
5186
5065
5357
5259
6073
5750
5277
5584
5381
5175
5412
5401
5480
5178
5263
5290
4489
4268
4311
4337
4500
4508
4625
4476
4571
4411
4463
4409
4429
4492
4266
4433
4371
4271
4371
4425
4444
4548
4543
4307
4618
4543
4334
4293
4306
4369
4416
4362
4507
4393
4495
4367
4546
4346
4478
4304
4416
4440
4395
4696
4282
4316
4504
4413
4360
4452
4231
4524
4387
4353
4314
4436
4434
4258
4325
4453
4467
4223
4245
4238
4299
4258
5468
4638
4367
4440
4361
4621
4534
4296
4646
4390
4578
4527
4380
4431
4316
4438
4441
4357
4414
4456
4458
4519
4461
4665
4368
4466
4490
4312
4335
4296
4245
4424
4515
4428
4387
4287
4530
4583
4332
4426
4412
4421
4501
4581
4557
4452
4503
4205
4301
4601
4871
4299
4608
4461
4338
4377
4363
4492
4591
4571
4242
4385
4481
4513
4452
4393
4560
4513
4463
4573
4382
4527
4597
5346
4330
8083
4785
4404
4690
4444
4377
4413
4384
4508
4378
4493
18910
4335
4444
4453
4308
4365
4341
4351
4444
4301
4370
4377
4368
4429
4568
4286
4474
4524
4462
4396
4443
4519
4450
4354
4352
4314
4543
4474
4318
4290
4314
4307
4320
4553
4510
4602
4260
4334
4401
4560
4532
4786
4401
4475
4458
4592
4460
4374
4486
4430
4615
4749
4381
4583
4756
4829
4984
4503
4456
4309
4677
4692
4583
4234
4615
5920
4771
4397
4664
4519
4713
4248
4452
4471
4457
4431
4530
4574
4287
4440
4585
4285
4330
4358
4503
4405
4701
4528
4522
4542
4185
4438
4912
4276
4480
4379
4445
4653
4527
4469
4425
4379
4308
4547
4264
4252
4313
4162
4290
4428
4339
4475
4516
4424
4640
4385
4346
4298
4475
4531
4381
4370
4510
4618
4365
4282
4653
4421
4487
4486
4366
4454
4349
4342
4646
4586
4481
4315
4530
4135
4302
4375
4711
4258
4629
4336
4541
4664
5086
4458
4714
4291
4432
4493
4301
4420
4374
4415
4347
4359
4326
4484
4392
4253
4328
4324
4313
4394
4656
4500
4351
4228
4278
4194
4326
4427
4283
4579
4513
4273
4443
4302
4422
4474
4521
4438
4346
4260
4137
4326
4285
4370
4308
4320
4587
4264
4468
4399
4207
4359
4398
4315
4410
4372
4215
4353
4281
4342
4487
4425
4346
4267
4364
4396
4510
4370
4292
4419
4261
4359
4424
4283
4297
4372
4352
4308
4481
4322
4460
4390
4353
4383
4354
4389
4375
4304
4458
4404
4330
4311
4380
4429
4467
4363
4232
4356
4597
4773
4691
4569
4530
4442
4288
4291
4380
4496
4417
4275
4611
4333
4507
4477
4422
4405
4521
4304
4479
4279
4566
4589
4443
4199
4481
4492
4412
4229
4524
4380
4407
4243
4385
11880
4496
4501
4264
4377
4241
4415
4331
4167
4267
4407
4405
4878
4395
4360
4324
4353
4402
4312
4858
4431
4316
4425
4217
4343
4400
4331
4350
4365
4520
4302
4426
4293
4397
4433
4371
4637
4322
4396
4178
4483
4486
4493
4416
4391
4333
4429
4373
4543
4404
4668
4508
4399
4251
4284
4315
4336
4471
4577
4258
4404
4413
4381
4284
4612
4800
4398
4232
4616
4643
4358
4514
4137
4320
4342
4318
4222
4599
4431
4419
4258
4472
4441
4308
4320
4376
4169
4384
4436
4472
4287
4239
4543
4356
4569
4257
4469
4303
4496
4525
4399
4306
4503
4303
4410
4218
4312
4387
4147
4288
4440
4472
4432
4331
4441
4144
4464
4227
4431
4314
4384
4157
4577
4478
4326
4393
4384
4616
4340
4369
4588
4582
4342
4552
4496
4676
4359
4318
4314
4625
4330
4341
4279
4648
4421
4457
4361
4430
4265
4288
4293
4377
4273
4301
4319
4341
4244
4417
4530
4409
4188
4360
4482
4537
4395
4524
4416
4432
4258
4312
4320
4326
4372
4338
4507
4321
4331
4237
5217
4297
4369
4257
4380
4441
4731
4538
47150
4499
4347
4411
4528
4363
4444
4427
4319
4599
4573
4532
4293
4840
4331
4469
4316
5130
4911
5238
4415
4810
4685
5328
5281
4447
5221
4293
4282
5678
5178
6095
5797
4679
6180
5371
5180
5066
5538
5985
29965
4587
5284
4423
4325
4512
4233
5093
4345
4810
4312
4556
5055
4432
4643
5325
4501
4455
4409
4308
4902
4346
5494
4304
4322
4639
4229
4415
4379
4326
7129
4752
4205
4393
4423
5000
4420
4839
4526
4504
4319
4924
4530
5040
4203
4479
4275
4430
4622
4555
4629
4510
4376
4374
4438
5405
5053
4586
4228
4309
4465
4431
4254
4391
4355
4550
4611
4456
4434
4495
4461
4381
4583
4407
4779
4464
4469
4549
4339
4447
4346
4440
4511
4379
4384
4368
4363
4437
4339
4408
4464
4325
4461
4449
4448
4421
4515
4363
4453
4455
4255
4619
4335
4347
4439
4439
4440
4835
4769
4425
4476
4344
4367
4455
4704
4696
4446
4436
4600
4516
4410
4413
4738
4434
4280
4175
4377
4346
4409
4287
4295
4464
4514
4515
4372
4376
4338
4364
4734
4433
4342
4260
4264
4362
4550
4281
4309
4236
4255
4458
4227
4220
4293
4420
4609
4456
4327
4340
4346
4402
4529
4194
4298
4499
4352
4378
4498
4371
4575
4558
4465
4411
4213
4308
4314
4383
4617
4421
4546
4377
4411
4505
4182
4447
4635
4387
76865
4577
4676
4365
4514
4359
4288
4618
4361
4359
4471
4357
4334
4389
4360
4327
4292
4404
4364
4139
4321
4287
4405
4326
4646
4424
4428
4353
4502
4698
4446
4332
4304
4491
4329
4674
4745
4405
4532
4302
4621
4582
4500
4360
4500
4527
4444
4293
4603
4484
4276
5890
4292
4234
4371
4305
4373
4474
4327
4613
4343
4397
4290
4234
4275
4606
4508
4377
4426
4429
4350
4227
4504
4278
4439
4325
4500
4270
5674
4379
5305
4552
4562
4285
4306
4615
4337
4354
4651
4547
4410
4687
4361
4544
4988
5248
5217
4439
4450
4748
5336
4314
4827
4406
4429
5260
4430
4912
4571
4875
4459
4397
4777
5588
4392
5099
4325
4551
4527
4769
4339
4556
4425
4523
5021
4760
4588
5411
4442
5039
5137
4375
5229
4415
4305
4891
4558
4475
4459
4396
4504
4646
4485
4558
4848
4370
4313
4777
4859
4510
5207
4405
4571
4527
4408
4962
4778
4390
4628
4819
4562
5186
5579
6422
5636
5803
4329
5438
5040
5021
5211
5124
4699
4781
4721
5250
4743
4526
5146
5678
4520
6041
4745
5503
5731
5065
4738
4864
4828
6532
5257
4949
4838
5494
5507
5173
4631
5267
5607
5655
5960
5239
5182
4940
5408
4983
4963
4899
4377
4545
4759
4761
4763
4867
4363
4917
4483
4565
4739
4753
4770
4823
4644
4575
5048
5193
4713
4538
4551
4433
4710
4988
4467
4343
4420
4897
4350
4498
4578
4327
4812
4736
4790
4986
5013
4310
4305
4333
5386
4434
4297
4267
5504
4274
4416
4518
5030
4425
4302
5506
4961
4449
4540
4868
4169
4294
4375
4977
4345
5098
4981
5177
4685
4714
5205
5293
4388
4311
5052
4353
4339
4674
4585
4201
4227
4327
4306
4285
4855
5030
4516
4443
4684
4322
4318
5478
4338
4679
5124
4189
4538
4807
4813
4293
5466
4477
4726
5079
4828
5256
5207
4524
5302
4814
4983
4321
4577
4991
4993
4283
4669
4633
4442
4512
5139
4427
4762
5268
4575
4666
4515
5010
4374
4362
4187
5346
4395
4511
4645
4476
4347
4587
5015
4507
4429
5928
5674
4525
5769
4763
4312
4491
4705
4518
4759
5449
4972
4522
5173
4665
4464
4430
5153
4827
4685
4759
5102
4274
4622
4784
4582
4366
4430
4504
4390
4563
4583
5233
4453
4456
4349
4253
5621
4584
4432
4378
4320
4778
4413
4591
4633
5305
4585
5076
4553
4417
4543
4290
4403
4562
4703
4307
74471
4433
4781
4610
4510
4570
4912
5200
4539
4445
4387
4136
4282
4343
4508
4402
4435
4304
4448
4371
4773
4463
4380
4283
4449
4215
4647
4437
4396
4360
4466
4447
4284
4753
4534
4350
4580
4358
4579
4435
4775
4639
4485
4901
4449
4348
4394
4364
4393
4283
4481
4782
4447
4466
4435
4437
4395
4336
4771
4364
4323
4219
4572
4395
4366
4410
4366
4300
4476
4402
4366
4795
4513
4601
4483
4464
4370
4376
4276
4304
4385
4379
4242
4334
4459
4661
4371
4386
4277
4417
4415
4272
4360
4234
4370
4210
4520
4578
4280
4302
4376
4316
4374
4288
4338
4376
4188
4362
4316
4415
4233
4354
4289
4411
4377
4260
4310
4381
4390
4289
4368
4449
4398
4238
4260
4223
4237
4278
4354
4289
4299
4360
4406
4293
4320
4316
4444
4491
4340
4429
4508
4485
4336
4292
4523
4411
4245
4500
4270
4330
4314
4459
4227
4290
4309
4363
4223
4315
4262
4279
4333
4440
4384
4382
4333
4310
4289
4422
4521
4516
4324
4436
4376
4271
4149
4640
4233
4300
4246
4409
4439
4457
4355
4320
4415
4369
4276
4433
4449
4465
4368
4212
4181
4288
4265
4234
4287
4255
4475
4376
4395
4419
4350
4455
4333
4526
4390
4498
4267
4425
4444
4554
4322
4277
4361
4358
4438
4395
4363
4507
4302
4443
4444
4379
4339
4518
4613
4478
4474
4397
4355
4500
4407
4349
4406
4485
4287
4452
4885
4212
4302
4318
4176
4254
4333
4401
4394
4623
4247
4417
4356
4381
4444
4477
4260
4396
4450
4121
4296
4379
4363
4371
4314
4450
4412
4493
4306
4415
4489
4192
4214
4323
4321
4723
4285
4349
4305
4326
4226
4244
4111
4126
4313
4332
4552
4481
4737
4370
4379
4242
4262
4250
4560
4383
4198
4459
4390
4395
4383
5756
4581
4378
4337
4387
4225
4246
4215
4193
4114
4197
4439
4350
4472
4378
4393
4279
4493
5230
4642
5526
4527
4293
4308
4314
4255
4305
4472
4560
4405
4399
4380
4427
4538
4445
4676
4373
4504
4677
4359
4160
4292
4315
4427
4440
4326
4407
4578
4306
4280
4376
4460
4619
4352
4307
4452
4214
4359
4290
4500
4526
4368
4406
4403
4250
4337
4241
4525
4665
5235
4552
4341
4446
4366
4196
4376
4394
4368
4776
4645
4408
4570
4472
4598
4356
4304
4418
4386
4531
4264
4293
4343
4383
4294
4644
4288
4382
4705
4415
4365
4316
4475
4304
4152
4345
4257
4232
4377
4441
4326
4267
4181
4317
4363
4550
4438
4249
261043
4558
4565
4469
4368
4322
4272
4468
4405
4411
4256
4510
4442
4502
4460
4417
4451
4456
4456
4276
4441
4240
4337
4281
4445
4445
4384
4463
4536
4253
4458
4404
4491
4249
4397
4476
4410
4328
4453
5429
4344
4228
4466
4348
4382
4330
4583
4272
4549
4465
4536
4451
4204
4309
4359
4509
4379
4509
4481
4304
4850
4545
4521
4504
4401
4236
4629
4391
4246
4708
4449
4298
4308
4292
4292
4403
4257
4550
138997
4533
4440
4603
4323
4581
4341
4441
4295
4425
4297
4955
4191
4490
4375
4318
4280
4295
4376
4338
4569
4430
4437
4604
4412
4415
4385
4375
4277
4454
4512
4478
4358
4308
4357
4408
4381
4535
4481
5424
4420
4210
4513
4383
4294
4557
4241
4373
4520
4495
4770
4458
4330
4472
4562
4377
4596
4261
4480
4246
4185
4289
4536
4220
4285
4434
4305
4602
4265
4352
4304
4287
4315
4323
4245
4165
4154
4433
4385
4844
4276
4375
4288
4557
4276
4285
4221
4528
4467
4258
4192
4351
4337
4444
4370
4312
4343
4474
4284
4236
4289
4421
4341
4384
4494
4378
4359
4244
4489
4457
4456
4303
4714
4820
4307
4466
4594
5021
4371
4398
4474
4235
4242
4403
4307
4289
4249
4339
4435
4433
4689
4374
4431
4492
4394
4752
4398
4784
4438
5516
4348
4368
4348
4336
4501
4492
4804
4435
4563
4412
4358
4369
4614
4437
4372
4340
4360
4352
4456
4484
4360
4533
4311
4287
4303
4519
4413
4504
4354
4225
4611
4519
4454
4272
4261
4404
4408
4410
4282
4264
4455
4376
4233
4430
4464
4306
4229
4331
4304
4206
4252
4387
4373
4444
4328
5527
4452
4358
4399
4312
4601
4300
4318
4336
4373
4266
4194
4181
4334
4174
4368
4456
4521
4350
4305
4280
4542
4262
4363
4334
4323
4213
4217
4329
4452
4303
4373
4349
4799
4228
4444
4540
4582
4277
4285
4457
4512
4543
4214
4290
4432
4393
4387
4261
4525
4745
4634
4303
4541
4394
4375
4559
4300
4256
4215
4284
4269
4309
4198
4363
4487
4237
4360
4357
4358
4424
4452
4515
4535
4518
4474
4374
4400
4380
4364
4435
4212
4377
4373
4212
4447
4309
4432
4418
4479
4231
4579
4478
4529
4448
4345
4230
4316
4424
4402
4347
4312
4394
4473
4336
4491
4447
4301
4261
4292
4404
4447
4299
4354
4359
4286
4501
4288
4429
4600
4634
4449
4572
4404
4364
4376
4255
4458
4382
4345
4640
4584
4274
4505
4489
4475
4428
4366
4368
4454
4379
4392
4415
4407
4332
4363
4343
4471
4476
4586
4478
4340
4484
4361
4342
4423
4335
4399
4395
4333
4345
4537
4197
4396
4306
4370
4277
4670
4404
4750
4330
4326
4757
4265
4274
4275
4393
4789
4385
4489
4332
4438
4458
4467
4606
4522
4459
4458
4313
4386
4432
4482
4412
4208
4358
4219
4508
4488
4452
4512
4537
4428
4272
4132
4282
4279
4262
4427
4249
4312
4407
4385
4482
4502
4449
4483
4367
4421
4463
4430
4329
4356
4416
4274
4304
4506
4399
4487
4524
4350
4390
4540
4471
4524
4294
4538
4584
4324
4251
4404
4668
4424
4390
4233
4434
4468
4479
4406
4616
4415
4454
4268
4347
4339
4204
4218
4315
4332
4213
4314
4400
4487
4589
4730
4528
4547
4443
4502
4187
4205
4426
4503
4346
4180
4203
4526
4356
4654
4392
4551
4376
4723
4263
4324
4296
4248
4744
4296
4182
4474
4459
4363
4306
4428
4570
4567
4260
4370
4774
4375
4653
4180
4239
4270
4246
4280
4328
4452
4371
4488
4880
6091
4450
4713
4292
4343
5854
4606
4334
4307
4425
4371
4603
4310
4398
4458
4529
4308
4814
4424
4412
4423
4607
4663
4321
4196
4442
4417
4226
4204
4433
4273
4487
4433
4496
4414
4253
4548
4638
4501
4331
4262
4309
4335
4536
4277
4737
4349
4406
4411
4292
4184
4591
4450
4309
5000
4370
4209
4259
4443
4508
4455
4577
4328
4427
4747
4672
4636
4403
4285
4246
4673
4590
4346
4318
4271
4651
4276
4265
5163
4701
4507
4364
4577
4448
4408
4408
4544
4454
4178
4256
4342
4354
5146
4341
4994
4616
4494
4777
4912
6320
4605
4702
5390
5312
5122
6319
5090
4754
5306
4916
4311
4406
5194
4685
4363
4529
4222
4365
4293
4551
4638
5486
5179
4412
4368
5618
5867
4799
4789
4414
4469
4791
4445
4441
4632
4835
4606
4259
4323
4854
4362
4706
4450
4439
4547
4579
4371
4469
4423
4301
4915
4241
4505
4539
5263
4400
4293
4528
4389
4364
4789
4588
4523
4565
4473
4348
4370
4367
4531
4717
4381
4300
4347
4397
4728
4795
4786
5150
4533
4353
4271
4441
4337
4593
4471
4650
4742
4382
4288
4283
4443
4555
4518
4254
4321
4315
4367
4411
4371
4526
4232
4366
4191
4460
4250
4323
4349
4428
4368
4465
4522
4476
4343
4335
4313
4520
4444
4293
4333
4421
4367
4431
4301
4314
4229
4373
4199
4372
4408
4507
4848
4688
4382
4936
4619
4588
4496
4355
4317
4252
4390
4498
4474
4322
4333
4465
4265
4373
4418
4568
4483
4642
4373
4567
4379
4293
4398
4416
4343
4577
4788
4978
4483
4471
4694
4729
4430
4692
4419
4192
4639
4432
4449
4305
4353
4536
4544
4834
4535
5310
4492
4539
4359
4667
4382
4461
4181
4315
4272
4310
4610
4500
4592
4460
4310
4370
4527
4566
4547
4296
4630
4272
4349
4351
4322
4564
4429
4470
4287
4173
4423
4376
4529
4312
4597
4480
4384
4494
4309
4146
4227
4311
4371
4492
4253
4280
4344
4854
4335
4399
4250
4405
4218
4550
4232
4450
4318
4295
4238
4129
4492
4388
4425
4277
4474
4394
4202
4689
4318
4326
4281
4175
4356
4306
4329
4149
4413
4335
4228
4383
4409
5192
4507
4439
4373
4444
4314
4281
4635
4428
4172
4299
4303
4305
4333
4421
4334
4474
4509
4304
4312
4508
4619
4505
4200
4511
4295
4556
4607
4243
4330
4823
4523
5208
4863
4794
4389
4328
4278
4318
4594
4321
4308
4589
4586
4466
4655
4279
4374
4579
4432
4395
4786
4490
4512
4335
5763
4655
4296
4809
4565
4577
4518
4572
5333
4430
4420
5504
5248
5369
4317
5439
4593
4480
4218
4896
5125
4500
4591
4655
4686
4291
4239
4442
4657
4378
5113
4924
4465
4546
4258
4411
4586
4422
4472
4490
4478
4465
5251
4431
4298
4804
4577
4416
4437
4278
4544
4633
4294
4453
4234
4453
4716
4326
4812
4618
4360
4664
4354
4332
4281
4871
4272
4080
4272
4358
4316
4308
4289
4246
4968
4695
4321
4348
4250
4919
4341
4616
4233
4078
4794
4575
4443
4327
4803
4779
4276
4272
4359
4414
5351
4427
4428
4420
4480
4284
4596
4615
4435
4518
5416
4725
4385
4241
4304
4355
4593
4629
4403
4507
4356
4374
4620
4301
4135
4398
4398
4424
4445
4258
4402
4372
4631
4521
4455
4429
4216
4457
4411
4645
4707
4312
4287
4332
4300
4450
4483
4499
4361
4554
4725
4884
4219
4270
4364
4414
4409
4435
4287
4437
4321
4306
4655
4377
4334
4222
4487
5092
5134
4195
4690
4270
4168
4535
4473
4316
4500
4464
4600
4719
4366
4482
4800
4368
4842
4914
4451
4402
4457
5262
4386
5074
5324
4389
4287
4401
4515
4894
4356
4457
4321
4396
5676
5008
4206
4277
4379
4463
5018
4244
4293
4293
4475
6897
5058
4335
4369
4319
4344
4920
4287
4158
4268
4575
4888
4604
4416
4423
4385
4413
5017
4481
5097
4330
4404
4220
4270
4619
4480
4380
4409
4232
4520
4812
4515
4515
4486
4609
4403
4700
4334
4550
4478
4422
4330
4452
4281
4347
4316
4717
4591
4421
4435
4422
4607
4644
4638
4587
4451
4322
4480
4220
4196
4344
4554
4736
4427
4206
4544
4519
4349
4567
4425
4624
4468
4576
4250
4225
4483
4282
4320
5555
4534
4265
4396
4473
4393
4280
4538
4407
4457
4398
4314
4230
4301
4476
4317
4232
4412
4464
4393
4188
4759
4570
4973
4323
4470
4421
4517
4429
4270
4252
4445
4441
4308
4466
4428
4447
4370
4332
4526
4239
4434
4360
4331
4299
4335
4369
4335
4231
4274
4615
4494
4303
4844
4500
4564
4330
4519
4417
4650
4490
4169
4296
4389
4407
4251
4436
4436
4343
4421
4372
4696
4430
4241
4294
4447
4396
4259
5093
4308
4313
4331
4555
4507
4423
4538
4508
4522
4503
4304
4613
4439
4337
4371
4201
4298
4287
4316
4638
4348
4336
4289
4335
4564
4402
4389
4465
4481
4341
4408
4325
4337
4297
4263
4387
4565
4420
4320
4296
4517
4476
4571
4355
4303
4199
4481
4274
4333
4325
4425
4326
4295
4406
4637
4390
4395
4422
4413
4571
4282
4715
4335
4348
4537
4118
4202
4412
4356
4445
4231
4411
4584
4900
4617
4599
4470
5291
4236
4343
4586
4212
4234
4225
4516
4609
4434
4407
4510
4307
4565
4336
4570
4377
4396
4432
4307
4121
4359
4325
4356
4436
4407
4220
4434
4279
4314
4560
4347
4275
4574
4332
4265
4464
4348
4764
4232
4291
4748
4366
4594
4565
4503
4275
4238
4521
4387
4252
4366
4171
4250
4247
4323
4528
4339
4182
4285
4509
4466
4904
4399
4414
4283
4206
4383
4150
4269
4269
4486
4386
4517
4319
4211
4241
4237
5032
4398
4434
4642
4581
4425
4203
4388
4254
4329
4293
4554
4683
4477
4541
4537
4512
4266
4526
4375
4592
4326
4369
4352
4258
4154
4141
4542
4439
4451
4713
4486
4351
4588
4502
4182
4293
4454
4394
4660
4599
4663
4369
4884
4770
4679
4446
4617
4375
4583
4487
4420
4486
4342
4400
4493
4243
4299
4487
4346
4307
4696
4414
4293
4338
4347
4438
4418
4591
4585
4224
4328
4359
4215
4387
4426
4561
4486
5861
4349
4349
4468
4513
4341
4486
4410
4660
4602
4285
4501
4351
4534
4288
4679
4516
4574
4448
4408
4533
4539
4388
4207
4514
4393
5503
5117
4870
4609
4405
4341
4415
4199
4351
4485
4500
4235
4274
4382
4430
4371
4479
4506
4290
4387
4699
4432
4456
4414
4345
4691
4584
4581
4537
4448
4543
4393
4285
4165
4318
4195
4271
4364
4591
4427
4278
4295
4706
4516
4787
4694
4584
4341
4406
4356
4721
4629
4457
7693
5593
5287
5270
5035
5087
4975
4799
5012
4748
4613
4832
4897
4627
4688
4670
4533
4782
4573
4751
4561
4649
5010
4707
4398
4633
4540
4610
4455
4498
4380
4513
4374
4848
4801
4510
4647
4467
4603
4578
4337
4473
5060
4533
4452
4549
4517
4445
4272
4515
4365
4437
4559
4594
4551
4601
4670
4343
4443
4403
4342
4676
4525
4164
4557
4420
4327
4406
4341
4545
4610
4359
5015
4353
4699
4440
4576
4702
6191
4366
4426
4411
4343
4379
4597
4643
4316
4230
4414
4595
4636
4455
4464
4507
4743
4500
4552
4550
4469
4526
4549
4657
4574
4660
4642
4989
4657
4426
4492
4500
4698
4845
4532
4463
4518
4636
4313
4396
4574
4634
4580
4514
4429
4704
4345
4624
4480
4447
4326
4431
4435
4371
4576
4497
4427
4409
4558
4567
4444
4465
4444
4355
4616
4431
4473
4423
4531
4519
4546
4510
4386
4423
4682
4415
4460
4544
4482
4311
4593
4625
4510
4281
4469
4474
4499
4356
4407
4463
4267
4511
4473
4532
4742
4539
4538
4678
4598
4376
4494
4338
4405
4364
4617
4516
4635
4403
4431
4581
4609
4706
4397
4435
4474
4359
4689
4399
4385
4481
4392
4420
4344
4241
4234
4354
4319
4453
4313
4382
4487
4240
4222
4245
4221
4309
4480
4406
4410
4567
4349
4367
4394
4319
4429
4487
4343
4579
4493
4358
4364
4433
4708
4356
4444
4542
4313
5249
4244
4347
4339
4394
4501
4664
4441
4315
4267
4370
4367
4341
4484
4472
4407
4425
4394
4563
4509
4810
4330
4716
4463
4500
4860
4414
4459
4656
4325
4204
4336
4569
4392
4464
4635
4574
4290
4432
4429
4254
4246
4241
4417
4585
4223
4515
4373
4270
4391
4415
4351
4492
4372
4403
4361
4262
4484
4305
4200
4230
4411
4239
4457
4239
4552
4375
4443
4494
4443
4445
4359
4467
4447
4410
4529
4190
4253
4383
4311
4394
4425
4326
4445
4489
4605
4427
4482
4564
4472
4249
4421
4336
4199
4481
4551
4404
4414
4543
4332
4214
4440
4362
4203
4748
4390
4308
4155
4303
4236
4425
4246
4337
4564
4318
4287
4348
4298
4266
4227
4133
4277
4213
4151
4142
4092
4626
4522
4455
4285
4291
4488
4427
4384
4590
4386
4578
4725
4471
4748
4395
4315
4394
4554
4358
4517
4705
4260
4522
4313
4483
4427
4653
4455
4740
4595
4726
5388
4256
4647
4621
4610
4693
4361
4517
4480
4361
4608
4479
4340
4371
4462
4359
4169
4373
4468
4538
4400
4467
4450
4502
4403
4423
4959
5002
4586
4448
4230
4304
4429
4378
4308
4380
4296
4654
4241
4299
4717
4419
4369
4203
4489
4257
4330
4284
4292
4407
4352
4556
4246
4402
4581
4380
4406
4415
4357
4232
4365
4329
4216
4302
4320
4408
4712
4471
4527
4286
4390
4462
4290
4288
4294
4296
4345
4401
4570
4494
4494
4331
4085
4412
4429
4261
4288
4198
4321
4496
4470
4364
4664
4614
4513
4423
4536
4594
4211
4769
4341
4409
4326
4290
4470
4549
4239
4313
4429
4416
4398
4289
4600
4382
4340
4359
4417
4320
4472
4339
4351
4460
4147
4315
4350
4362
4328
4966
4434
4614
4749
4646
4328
4505
4443
4332
4445
4265
4490
4218
4320
4430
4356
4387
4623
4565
4613
4470
4697
4376
4462
4489
4421
4375
4563
4933
4517
5569
4386
4540
4537
4209
4913
4411
4200
4517
5006
4398
4614
4310
4601
4928
4582
4286
4677
5282
4292
4436
4892
4562
4410
4905
4371
4354
4489
4258
4465
4710
4607
4493
4480
4422
4483
4404
4450
4933
4441
4419
4111
4471
5436
4290
4972
4392
4246
4786
4511
4502
4431
4313
4440
4625
5205
5062
4594
4418
4317
4364
4644
4844
4974
4411
4617
4204
4447
5458
4303
5044
4355
4186
4276
4611
4914
4560
4531
4310
4625
4692
4525
4344
4644
4590
4371
5454
4705
6123
5635
6326
5397
5593
5104
5138
4717
4464
4586
4670
4504
4577
4642
5079
4475
4891
4610
4663
4338
4473
4503
4848
4605
4561
4443
4301
4412
4373
4349
4521
4414
4379
4508
4712
4889
4623
4447
4826
4651
4445
4315
5823
5220
4574
4583
4696
4575
4623
4501
4483
4247
4476
4493
4584
4405
4824
4656
5068
4412
4361
4969
4548
4599
4625
4325
4409
4527
4455
5619
4601
4419
4441
4238
4515
4582
4593
4601
4318
4349
4321
4546
4454
4374
4310
4449
4604
4599
4989
4986
4483
4823
4387
4397
4547
4659
4450
4331
4541
4433
4795
4481
4505
4382
4260
4513
4363
4504
4390
4401
4396
4446
4573
4595
4277
4344
4493
4494
4684
4983
4456
4472
4290
4425
4630
4700
4633
4414
4448
4441
4455
4564
4304
4386
4359
4234
4369
4493
4363
4691
4508
4620
4625
4331
4618
4346
4458
4420
4239
4299
4498
4501
4352
4393
4307
4480
4539
4421
4409
4523
4422
4238
4785
4581
4527
4574
4369
4443
4608
4287
4629
4506
4510
4660
4267
4423
4503
4618
4440
4522
4692
4585
4314
4293
4420
4385
4637
4535
4517
4675
4328
4438
4358
4409
4594
4590
4511
4479
46387
4523
4338
4428
4388
4302
4737
4377
4670
4367
5164
4399
4285
4411
4345
4363
4692
4352
4740
4592
4390
4603
4639
4511
4248
4928
4835
4502
6965
5570
4702
4623
4767
4305
4732
4740
4390
4496
4403
4473
4326
4285
4594
4341
4409
4266
4467
4729
4363
4287
5098
4475
4536
4887
4481
4219
4569
4424
4326
4428
4409
4590
4282
4388
4543
5110
4682
4795
4659
4429
4643
4495
4375
4746
4424
4805
4478
4315
5336
4813
4561
4957
4371
4857
4862
4406
4332
4295
5038
4255
4462
4467
4707
5020
4577
4963
4997
4407
4620
4570
4522
4500
4471
4439
4631
4310
4519
4569
4440
4636
4512
5180
5773
5368
4451
4453
4718
4544
4292
4564
5185
4538
4687
4496
5194
4403
4353
4257
4559
4319
4492
4653
5037
4308
4604
4852
4373
4266
4566
4912
4242
4425
4757
4993
4616
4524
4436
4479
5101
4426
4755
4484
4917
4443
4348
4463
4927
4461
4283
4474
4890
4264
4422
4131
4598
4392
4448
4159
4458
4481
4535
4343
4763
4303
4509
4397
4267
4750
4263
133094
4302
4289
4657
4261
4481
6890
4260
4804
4493
4344
4576
5083
4525
4376
4630
4826
4420
4477
4287
4581
4351
4352
4698
4444
4358
4421
4806
4357
4165
4313
4652
4354
4219
4168
4605
4230
4316
4323
4581
4287
4359
4306
4776
4400
4330
4483
5284
4324
4292
4839
4320
4343
4616
4298
4299
4474
4734
4646
4327
4532
4478
4792
4388
4311
4598
4780
4460
4910
4595
5007
4284
4603
4256
4622
4265
4630
4519
4551
4633
4435
4456
4336
5458
4253
4336
4616
5159
4731
4414
4508
4718
4400
4477
4618
5114
4555
4511
4389
5438
4529
4643
4337
5103
4544
4558
4969
4504
4979
4586
4351
4601
4709
5113
4474
4633
4597
4716
4462
4589
4688
4846
4547
4762
4356
4636
4635
4632
4816
4863
5176
4425
4363
4410
4444
4531
4320
4291
4354
4320
4231
4302
4449
4722
4529
4447
4640
4313
4633
4992
4605
4145
4234
4272
4510
4418
4538
4572
4548
4672
4577
4456
4579
5297
4924
4654
4432
4427
4434
4564
4416
4515
4389
4606
4533
4362
4908
4452
4865
4877
4566
4300
4310
4219
4430
4304
4467
5056
4633
4408
4471
4374
4456
4450
4325
4381
4291
4574
4202
4304
4374
4372
4341
4467
4544
4523
4466
4474
4306
4375
4323
4383
4482
4741
4461
4368
4396
4296
4296
4615
4516
4453
4464
4342
4258
4382
4436
4457
4428
4479
4545
4412
4184
4334
4546
4489
4233
4552
4385
4354
4678
4474
4432
4377
4389
4352
4406
4428
4409
4647
4170
4328
4354
4734
4444
5089
4608
4724
4282
4412
4584
4660
4473
4306
4221
4300
4300
4486
4556
4391
4455
4423
4707
4345
5047
4584
4413
4266
4450
4725
4461
4482
4472
4414
4801
4357
4550
4557
4706
4310
4460
4472
4298
4379
4400
4539
4404
4245
4526
4294
4447
4487
4226
4258
4517
4558
4547
4579
4587
4642
4679
4928
4485
4567
4056
4662
4623
4511
4330
4488
5556
4515
4439
5089
4334
4246
4509
4407
4497
4514
4554
4467
4318
4113
4413
4337
4396
4331
4381
4390
4313
4486
4306
4496
4615
4566
4317
4275
4248
4435
4812
4425
4547
4626
4423
4345
4476
4416
4570
4544
4650
4268
4477
4519
4470
4204
4440
4388
4244
4767
4730
4953
4407
4496
4455
4392
4388
4376
4307
4649
4338
4234
4306
4261
4345
4423
4663
4217
4454
4973
4583
4291
4350
4612
4556
4681
4528
4343
4338
4596
4594
4734
4449
4260
4458
4492
4412
5066
4518
4610
4674
4566
4438
4533
4298
4320
4278
4553
4555
4707
4372
4531
4480
4495
4288
4457
4323
4202
4436
5086
4424
4707
4396
4270
4525
4429
4329
4379
4460
4368
4386
4443
4461
4361
4468
4523
4358
4601
4357
4335
4616
4486
4444
4570
4524
4317
4585
4345
5075
4660
4719
5108
4557
4334
4293
4604
4591
4421
4387
4436
4336
4491
4259
4578
4422
4197
4723
4323
4759
4341
4372
4369
4251
4624
4531
4268
4319
4523
4396
4329
4419
4690
4553
4454
4454
4447
4261
4458
4823
4388
4269
4975
4389
4573
4282
4324
4502
4361
4091
4348
4352
4694
4209
4411
4327
4441
4311
4309
4519
4437
4313
4403
4440
4595
4553
4291
4806
4451
4257
4385
4795
4448
4442
4502
4406
4337
4596
4766
4582
4756
5028
4384
4473
4420
4304
4510
4500
4519
4317
4375
4396
4548
4251
4398
4604
6336
4353
4497
4344
4513
4329
4224
4489
4230
4559
4419
4391
4517
4472
4431
4325
4421
4668
4730
5140
4559
4432
4378
4343
4388
4359
4657
4538
4621
4548
4436
4343
4323
4715
4395
4533
4402
4417
4341
4376
4288
4401
4292
4476
4453
4455
4540
4274
4337
4485
4363
4239
4574
4275
4509
4415
4388
4254
4424
4279
4615
4559
4401
4388
4464
4198
4521
4364
4341
4890
4326
4842
4452
4120
4462
4196
4329
4433
4593
4642
4482
4141
4557
4555
4347
4206
4586
4662
4397
4581
4284
4408
4392
4588
4459
4443
4379
4408
4361
4458
4467
4406
4457
4660
4585
4897
4437
4394
4721
4464
4449
4925
4495
4672
4346
4277
4375
4544
4581
4506
4639
4705
4454
4364
4304
4355
4337
4360
4846
4732
4579
4525
4485
4756
4440
4513
4591
4207
4277
4447
4532
4454
4273
4628
4547
4587
4315
4363
4419
4240
4295
4379
4363
4583
4791
4399
4481
4845
4543
4504
4289
4423
4555
4524
4556
4459
4243
4638
4322
4573
4847
4859
5110
4496
4411
4553
4451
4315
4364
4342
4341
4339
4484
4317
4615
4431
4333
4409
4295
4250
4458
4143
4465
4510
4320
4455
4445
4305
4310
4516
4353
4477
4370
4430
4528
4322
4338
4378
4336
4492
4492
4554
4344
4378
4400
4438
4413
4462
4372
4103
4325
4480
4156
4222
4477
4325
4218
4562
4475
4622
4790
4473
4340
4446
7413
4464
4359
4252
4258
4345
4408
4794
4286
4440
4457
4980
4435
4321
4342
4508
4338
4294
4273
4149
4329
4515
4155
4276
4430
4548
4354
4344
4479
4296
4281
4415
4508
4459
4110
4528
4304
4537
4291
4403
4275
4359
4317
4082
4436
4436
4273
4413
4268
4407
4360
4368
4444
4314
4300
4457
4234
4326
4376
4566
4295
4330
4434
4377
4468
4282
4319
4383
4411
4249
4371
4397
4178
4391
4268
4273
4285
4463
4394
4411
6045
4481
4372
4191
4313
4236
4195
4482
4231
4455
4371
4423
4359
4445
4583
4400
4441
4769
4530
4514
4242
4229
4504
4365
4383
4405
4512
4526
4381
4392
4571
4506
4362
4573
4398
4488
4480
4398
4238
4216
4180
4382
4509
4430
4233
4339
4498
4494
4421
4796
5123
4808
4745
4717
4456
4295
4646
4495
4814
4594
4972
4618
4408
4307
4911
5415
5715
4411
4394
4706
4744
4658
4613
4683
4462
4725
4445
4559
4411
4322
4831
4514
4252
4497
4610
4573
4730
4402
4528
4660
4413
4637
4581
4355
4462
4566
4439
4564
4473
4579
4484
4557
4252
4794
4481
4365
4186
4418
4292
4333
4184
4349
4313
4446
4318
4376
4462
4427
4342
4372
4337
4341
4271
4460
4337
4244
4450
4492
4572
4469
4324
4454
4386
4300
4530
4333
4220
4406
4217
4363
4603
4349
4229
4526
4447
4462
4484
4368
4441
4629
4448
4857
4289
4522
4545
4352
4426
5150
4441
4399
5048
4235
4703
4413
4386
4787
4443
4426
4574
4455
4368
4265
4302
4286
4324
4262
4215
4267
4541
4379
4362
4343
4459
4375
4248
4235
4247
4151
4282
4512
4362
4386
4482
4426
4503
4276
4342
4637
4555
4378
4288
4342
4304
4315
4152
4439
4349
4221
4273
4179
4595
4447
4447
4257
4476
4303
4333
4280
4434
4200
4219
4415
4322
4323
4519
4438
4468
4370
4600
4385
4523
4470
4302
4234
4435
4363
4395
4239
4192
4263
4470
4356
4325
4367
4432
4418
4367
4459
4794
4320
4438
4400
4293
4421
4177
4433
4529
4420
4405
4602
4468
4483
4143
4638
4382
4594
4754
5425
4475
4461
4285
4371
4444
4280
4399
4384
4401
4312
4424
4497
4509
4514
4738
4361
4600
4485
4325
4533
4492
4422
4458
4825
4417
4518
4349
4855
4809
4584
4299
4724
4481
4494
4309
4589
4793
4521
4675
4576
4481
4326
4298
4425
4448
4522
5751
4663
4194
4234
4289
4328
4302
4289
4548
4568
4462
4357
4389
4317
4230
4360
4418
4345
4319
4425
4472
4373
4518
4600
4570
4294
4554
4336
4467
4210
4275
4509
4437
4322
4676
4681
4171
4637
4685
4532
4335
4455
4291
4450
4328
4457
4526
4193
4342
4361
4468
4398
4476
4303
4325
4258
4349
4416
4302
4311
4590
4437
4430
4323
4561
4432
4366
4469
4477
4369
4382
4315
4207
4285
4571
4309
4433
4444
4349
4326
4628
4265
4275
4470
4351
4320
4333
4309
4359
4289
4396
4351
4335
4337
4337
4181
4437
4690
4530
4381
4381
4365
4315
4191
4631
4335
4523
4567
4521
4512
4275
4479
4370
4253
4387
4444
4377
4324
4229
4338
