277305
234471
279637
253675
283966
232226
227275
251203
229110
97647
99766
116147
90471
81704
78237
83921
69821
73292
54000
54051
51983
53052
51936
52194
52072
52262
52651
54673
51857
52740
53933
52394
53317
53509
52825
52101
53644
51810
52204
52654
52081
51276
54358
52350
52169
52667
52564
52314
51772
75309
50816
52455
51953
52306
63988
90506
68963
54493
52312
51614
52617
54042
52029
51998
55486
54583
53152
51576
51965
51564
51939
51794
52261
50037
50267
52270
52274
52048
52633
55143
51779
52117
53057
52932
51824
52191
52969
65537
52573
52042
53834
52162
52534
51539
54858
51950
52516
50377
51304
51922
52147
52907
72473
51329
50921
53485
52770
52671
52286
54980
52028
52587
51961
52680
52897
74050
51732
52256
52112
52106
52513
53390
52980
53117
52068
51473
52184
53105
98667
56059
53572
47961
52729
44300
99729
43099
52516
42697
52307
42211
55477
42444
51680
42150
52112
41338
52928
42033
52205
41304
65723
42592
102061
41714
52892
41774
82552
42644
52744
41991
60537
47152
51917
41891
50850
41771
51302
54646
54231
48254
52497
42461
53191
41891
59417
42063
52174
42148
51805
42884
51639
41292
51579
44124
41653
48330
38562
39314
80098
40278
39224
41338
40297
39034
38361
38927
38901
38479
39135
97925
39514
39628
38077
39069
38509
38166
54850
38652
38981
39324
39429
38229
38823
39782
39315
38436
38800
38342
38999
41060
38383
41464
38647
38840
38932
91574
38930
38574
41834
72189
39473
39575
49446
39269
39117
1963926
79739
41002
78194
57536
56816
56746
55706
56793
57915
56606
66387
50616
71380
57767
56057
56132
59266
55110
73365
66024
59869
66949
52275
228703
71654
55533
55122
57998
942397
78420
59003
57048
77736
48839
56369
64828
48356
67840
73919
88320
48463
54998
853435
70948
67481
55331
56836
55451
54559
56483
63687
49361
54566
57357
55414
54859
54527
54299
55525
56109
56755
55236
54348
838844
94331
685047
61617
70368
58771
56357
55941
55066
55576
55120
54824
56057
55011
57076
55144
55244
54427
54858
69163
57261
57057
1193205
79213
93912
92060
67594
55122
55922
55525
66594
66328
54541
52685
67093
69802
81034
67479
65514
53884
81060
55282
54384
54936
54447
53793
55753
54224
54925
54252
56501
54383
53699
54006
53850
54370
67145
53873
54047
54594
67471
53164
54001
54484
53896
57012
53738
53294
53540
54080
53442
53792
58627
57581
54684
55056
53582
53683
53054
54772
54195
54715
62750
54217
53807
54669
53900
55476
53729
54003
53087
53812
53818
54308
53253
52092
53648
53202
53328
53490
53369
53322
56826
53664
54236
52320
53280
52677
52668
54693
53639
54663
53378
63974
54627
53904
53872
57000
54161
55006
53743
53271
54574
52830
53570
53898
53213
52928
53662
54009
53044
53007
55300
52955
53725
53298
66993
53371
54078
53975
53376
54021
52846
66525
53451
53463
61733
54500
53116
55220
53248
53900
53618
54089
56868
52830
54192
53119
53143
53394
54350
54417
55299
53738
53521
53302
54419
53248
52581
55806
54237
54540
53103
54111
52845
53387
54614
54373
67495
54149
54013
53489
53863
54313
55132
63343
54852
52816
55703
53103
53839
54429
54003
54485
53513
52851
53076
53408
53372
55703
54627
55224
52525
55107
53811
66312
52871
52634
52364
52949
53727
53312
52379
58617
54638
53221
53273
52714
52614
54118
52603
52650
54375
52937
52694
53582
53490
52598
59618
53505
52181
52534
52863
53695
53008
54761
53167
52828
52303
53043
52402
53465
52488
52841
53413
52412
54207
52196
52661
54325
54020
52802
53214
53013
52624
52649
53371
52589
52100
52465
53171
52909
52942
52561
53644
54321
53556
52470
53695
53674
53292
53278
53767
55705
52223
53232
54023
52793
52643
53936
55750
52934
52754
54361
52810
52497
52149
53034
53092
52350
52913
52225
52041
52661
51629
68387
53350
52581
34124
17634
14217
13162
12710
13575
12960
12573
12133
12430
12434
12334
14499
12507
12448
12228
11767
12067
12191
24675
11679
11916
12550
12902
12832
25171
24754
13690
12560
13174
12480
24702
13862
25634
25639
12160
25149
12161
12100
13006
12236
12324
13364
12093
12134
12572
12375
12427
25445
12922
12128
11804
12337
12302
12065
12373
31732
26846
38056
11676
12173
13467
12514
12073
12353
12248
15287
12274
12169
12400
12225
12155
13633
12435
12212
12117
12755
12431
12450
12087
12162
12294
12331
12124
12367
12403
12891
12159
12100
12278
12522
12203
12125
12776
13794
12053
25954
12473
12033
25556
12238
12309
12453
13130
12345
12274
12098
12302
12358
13641
12213
12025
12228
12788
12246
12112
12309
12408
12193
12412
13196
12246
12028
13287
13741
12359
11918
24269
12165
12241
12818
12104
12233
12141
13089
12291
12174
12566
11988
13492
13716
12196
12108
12273
12313
24606
12041
12976
12251
12410
12880
12270
12161
12054
13732
12232
12164
13028
12091
12177
12107
24489
12332
12321
12302
12029
12195
26093
13510
11884
11958
12309
12205
12101
12703
12658
13913
13100
12202
12089
12124
12587
13087
12442
12749
11979
12163
12097
12315
12139
12265
13687
12085
11955
12681
12083
12107
12089
12239
12188
12159
12922
13339
12142
12694
12120
13576
12021
12206
12540
12062
12877
12154
11919
12250
12242
12405
12085
12203
14416
12183
14519
12576
12191
12340
12172
12404
11987
12755
12691
12095
13400
12494
12460
12321
12318
27409
11955
13120
25444
12156
25293
12340
25583
12218
12514
12145
12047
12862
12011
12277
13363
11986
12000
12457
12774
11891
12064
13477
12135
12175
12091
12413
12278
12150
13075
14160
11936
11916
12175
13734
12261
12043
12109
25651
13204
12157
12300
12470
11923
12074
13552
12869
12288
12327
13054
12401
12197
11902
12662
12435
12254
12897
12340
25581
11902
13370
12129
13747
11976
12134
12099
12902
12013
12907
12192
15616
13486
13740
12701
12648
13409
25795
11943
12263
11998
11958
12031
12903
12015
11791
11814
12108
11943
11800
12140
11865
13432
12733
11809
11864
11892
11698
12014
11901
13114
11861
12128
26834
46937
12549
33282
14092
12140
12267
13186
12327
12159
12605
12634
12213
11933
12456
25572
12360
13175
12413
13515
12214
12347
12307
12268
13212
12115
12240
12191
12096
12193
12185
12207
12332
11958
14533
12407
12218
11942
12303
13067
12514
12132
12120
12278
12722
12068
12277
12194
12180
13606
19434
16566
12112
11825
12146
12177
11940
11919
12060
11973
11865
12487
11934
12174
13129
11983
11946
12093
13406
11916
12017
12680
12088
11867
15070
12264
12040
11857
12909
13506
11840
12253
12205
12043
11815
12409
12187
11917
12927
12206
12029
11882
11922
12129
13381
13298
11793
11885
13053
11987
12115
12016
13220
11998
11772
12755
12062
11983
11853
12456
12211
12154
12045
12106
11927
12742
13575
12285
12837
12168
11927
12284
12909
11923
11769
13022
12244
12137
12047
11963
12450
14505
12490
12321
12213
12097
12998
12225
12096
11907
11927
11786
12812
12272
11870
12001
13370
12321
12091
12614
12473
11922
12406
11967
12070
12193
11981
12387
12033
12600
11984
13566
11792
11764
11940
12229
12101
12997
12203
12994
13046
11976
11949
12140
11868
12015
14745
12244
11982
12513
12023
12143
11721
11835
12207
12627
12831
11876
12270
11843
12142
13362
19985
12157
12105
11791
12692
12604
11997
11941
12128
12085
11969
12431
13092
12807
13899
11954
12043
12186
11834
12036
12063
12619
11727
11811
12063
11975
12359
11773
12177
13554
12091
12634
12078
12285
12023
11902
12041
12034
12518
12610
12014
12839
12013
11929
13540
11845
12661
12048
12725
11893
11833
12106
12113
12188
11963
12113
12251
12045
12546
13271
12338
12128
11823
12147
12037
12626
12001
12089
12800
12041
11945
11847
11993
11877
11839
12789
12370
11937
11907
12101
12043
13911
11780
11921
12765
12609
11841
12237
12089
12141
11954
12013
12603
12087
12059
12668
13428
21966
12073
12070
12028
12312
12605
12031
12039
11954
12085
11985
14492
12067
12100
12048
12726
11819
12694
11973
12159
12147
11944
12897
12120
16133
12367
14798
12091
12003
12419
12160
12187
12821
12211
12192
12166
11841
12066
12032
12584
12391
14753
13085
12261
12446
12270
12313
12425
12109
12951
12305
13125
12737
12169
12182
12101
14168
12131
12453
12656
11899
12053
12225
11986
11783
12457
13345
12025
12017
12870
12237
14663
12057
12032
12141
12869
12744
12304
12364
12766
11791
11898
11990
11918
11917
13134
15271
16023
11848
12204
12057
12092
11880
12175
12250
12055
12689
12038
12572
11977
12032
14694
12230
12724
12021
12162
12604
12180
11907
12055
11855
11830
11927
12784
11840
11831
14447
12198
12119
12659
12114
12065
11889
12579
11979
13019
11911
11938
12110
12042
12825
13931
11868
12826
11925
11787
12209
12057
11971
11838
12165
11992
12065
12460
12112
13740
12712
12099
12139
12150
12759
11974
12032
14918
12048
12188
12214
11918
11989
12134
12852
11915
11722
12020
12046
12057
11843
12060
14695
11918
12607
12201
11943
12055
11861
12192
11748
12826
11882
12104
11906
12030
12000
14465
12208
11920
12087
12975
12111
11964
11904
11977
12093
12009
11824
12150
11895
12542
13999
12063
12305
12000
11668
11934
12512
11805
11761
13793
11962
11967
11810
12177
12027
14152
12828
12263
11878
11989
11649
12039
12215
12365
11777
12033
12856
11859
11804
11883
12081
12131
11941
12653
15262
11925
11745
14211
12250
12228
11679
11925
11746
12715
11939
12108
12082
12042
11757
11734
12250
12026
14477
12674
11996
11824
11655
12112
12140
11974
12589
12202
12034
11739
11985
11944
12445
14533
12108
12111
13467
11919
12118
11948
11884
11881
12121
12153
11799
11875
12745
12053
14393
12011
12144
11911
11798
12844
12225
11934
12052
12352
12247
12180
11837
11894
11986
14929
11913
11926
11902
11863
11821
12119
12606
12112
12024
12472
11958
12145
11857
12086
14740
12401
12711
11684
12282
11957
13581
11910
11908
12240
12014
11992
12895
12272
11844
15067
12442
11949
11901
12370
11962
11903
12832
11769
11896
11932
11935
11893
11909
12883
14333
11913
11987
14345
11897
12091
11878
11750
11906
12647
12063
11911
15121
11802
11879
13990
12785
12178
12040
12597
12188
11981
11892
12057
11982
11948
12595
11815
12050
11846
14421
11842
12670
12046
11957
11864
19760
14733
11955
12009
12153
12075
11862
12772
12255
11971
12606
11828
12258
11941
11973
12258
14081
12719
11775
12027
12227
12094
11831
11980
12198
11819
11884
12913
11955
11879
11744
14238
12260
11996
12564
12331
11893
12683
11856
11986
11982
11762
11853
11886
12772
11881
14546
11882
12170
12030
11867
12255
12141
11867
12704
11809
11919
12124
11752
12066
12249
15013
12766
12214
12455
12020
11764
12584
12110
12435
11985
12831
11937
11850
15542
12098
14503
12176
11970
12013
12071
12936
11673
12135
11785
11973
12015
11872
12391
12020
11922
14855
11831
11848
11850
12297
12743
11813
20264
12039
12005
11718
12114
12374
11933
12077
14264
11861
12694
11842
12222
11965
11823
11714
12136
12649
11998
11844
12712
11931
12363
14271
12018
15226
12097
13320
11869
11941
11992
11925
13041
12088
11909
12112
12067
12748
14314
11915
11918
11913
11717
11801
12856
11951
12023
12417
11969
12165
11994
12118
11906
12314
13091
11851
12298
12086
11818
11846
14455
12085
11798
11877
12691
11914
12099
11810
11642
12340
11857
12870
11952
11962
12657
14112
11920
12075
11727
12203
12280
12628
12003
12198
12215
11948
11922
12244
12076
12128
14273
12909
12693
13368
11848
12104
12490
12289
12832
12554
18611
13375
12799
12237
12349
12028
13154
12021
12922
12059
11966
11927
12094
11802
11927
13986
11990
12028
12543
11932
11974
12084
11636
11950
12057
12641
11963
12016
12709
11919
14319
12032
12023
11680
11805
12566
11824
12826
11788
11974
11976
12096
11828
12078
12119
1232222
11441
11522
10647
10964
11011
10923
10706
11075
10599
11669
10303
11278
10662
11257
10497
10688
11119
10607
10375
10674
24231
12803
10755
11212
11150
11435
11191
12164
11472
11315
10632
11144
10948
11180
11776
11231
10772
11943
11664
12971
16136
12575
12361
11879
12022
12200
12011
12756
12052
12259
12776
12287
17449
12266
11953
11962
12107
12806
11966
12217
12075
12234
11959
12942
12532
12207
12639
15270
12052
12266
24514
11798
12830
12253
12820
11825
13597
13403
10445
10471
10509
10291
11767
10240
10767
10916
10332
10681
10569
11578
10430
11321
10611
10781
11637
10684
10887
11155
10423
11878
10345
10638
10255
10521
11200
10971
10326
10611
11001
10716
11763
10906
10587
11991
10344
11943
10457
10969
10995
11920
10693
10655
11811
10517
10636
10426
12368
10678
10514
10542
10780
10545
10594
10417
10772
10674
10545
10484
10385
10356
10910
10566
10630
10407
10386
10494
10576
11020
10653
10279
10489
10554
10499
10488
10298
10405
10439
10672
10655
10524
10529
10662
10333
10720
10607
10233
10235
11300
10307
10538
10491
10694
10803
10550
10411
14197
10890
10448
10259
10529
10697
10687
10451
10787
10527
10396
10410
10575
10411
10760
10321
10596
11006
10367
10281
10572
10548
10493
10259
10698
10562
10811
10691
10547
10680
10540
10339
10481
10513
10422
10568
10476
10590
10572
10316
10538
10285
10320
10326
10570
10488
10591
10278
10853
10447
10482
10420
10686
10594
19360
10614
11024
10746
10808
10944
10728
10423
10782
10588
10714
10360
10668
10459
10481
10311
10845
10847
10485
10236
10501
10649
10563
10470
10360
10296
10571
10406
10724
10449
10609
10318
10656
10682
10764
10401
10648
10438
10492
10354
10617
10810
10639
10423
10684
10618
10468
10534
10506
10385
10623
10628
10682
10651
10604
10702
10631
10663
10481
10545
10733
10719
10547
10368
10734
10346
10524
10427
10566
10402
10567
10348
10906
10615
10563
10401
10636
10672
10614
10368
10411
10618
10605
10577
10508
10511
12531
12193
11718
13036
12305
14516
12325
11909
12346
12083
11773
12144
11963
12647
11665
12034
12080
12051
11844
14019
12064
27425
11834
12786
12079
13249
12011
11997
11959
12071
12323
12239
12299
12846
14105
12104
12084
11915
11771
11192
10534
10472
10447
10869
10331
10512
10482
10980
10481
10410
10505
10586
10636
10596
10510
10597
10566
10677
10433
10734
11289
11836
11417
10549
10514
10661
10579
10335
10904
10724
10598
11533
10352
10667
10697
10356
10304
10573
10568
10597
10424
10694
10613
10716
10544
10595
10491
10426
10545
10533
10741
10920
10435
10936
10783
10751
10604
11021
10798
10597
23278
10656
10532
10694
10659
10619
10908
10636
10590
10513
11274
10885
11291
11086
10537
11274
11740
10757
10528
11146
17790
10754
11025
10712
10414
10605
10552
10702
10591
10588
10494
10754
10701
10925
10977
10732
10412
10899
10572
10628
10531
10520
10512
10401
10522
28316
10814
10924
10688
22208
10376
10306
10189
23976
10664
23222
10389
23623
10653
10907
10605
10187
10730
10358
10634
10203
10349
10572
10334
10235
10309
10494
10204
10128
10377
10388
10265
10310
10481
10333
10976
10283
10422
10443
10500
10409
10686
10468
22794
10348
10284
10622
10500
10439
10266
10307
10318
12263
10229
10378
10655
10452
10520
10679
10375
10493
10463
10406
10093
10868
10396
10432
10299
10396
10361
10297
10184
10848
10400
10384
10207
10413
10566
10379
10260
10443
16951
10405
10000
10134
10136
10281
9983
9998
9823
9937
10291
9964
10190
9898
9907
9818
24445
22931
10283
10494
10248
10632
10260
23538
22955
23683
10472
10474
10556
10557
10541
10496
10569
10755
10704
10484
10697
10621
10650
10378
10623
10490
10847
10563
10610
10235
10808
23345
10671
10434
10562
10495
10777
10441
10932
22872
10712
10692
10800
10792
11269
10405
10540
10313
10495
10604
11064
10551
10509
23713
23950
10828
10611
10550
11040
10721
10657
10439
10667
10607
10738
23453
10667
23101
10388
10414
10439
10205
10718
10125
10206
10680
10185
30691
10476
23492
23317
23367
23659
10792
10673
10519
10708
10794
10803
10590
10843
23287
10562
10477
10709
10740
10467
10447
11147
10655
14614
10800
23089
10549
10827
10367
11254
10932
22967
10429
10270
10928
23698
10650
10622
10825
10501
10824
10490
10437
10578
10625
10613
10614
10954
10470
10676
10924
10825
10716
10863
10285
10539
10669
10686
10293
11075
10587
10676
11212
10826
10667
10421
23619
10647
10872
10748
10780
10714
10465
10518
10566
10875
10575
10763
10874
10520
10468
10881
10543
35786
10278
10456
10267
10202
10166
10046
10113
10314
10226
10771
10320
24571
10701
10629
23032
10358
10413
23393
23400
24013
10917
24264
10750
10896
10333
10500
10691
10868
10360
10208
11302
10475
10846
10726
11162
10408
11889
11769
10686
10648
11531
11028
25612
13599
11454
11176
10639
10617
10600
10838
12561
11455
11711
10776
10573
11002
10987
12070
11459
11760
12044
24974
10896
11247
11132
11257
11507
11303
11116
11114
11941
11018
11501
11798
12209
10873
25102
11644
10654
10798
11751
10946
11917
11548
11102
10800
11840
10699
10852
11508
10991
11574
11473
10877
11205
11591
12651
23136
23884
10839
11769
11915
10932
12702
12229
11075
25498
11716
10490
10824
11134
10566
12072
12539
10736
11869
10539
12922
10543
10817
10809
9999
10136
11439
10462
12551
10080
10351
10295
10383
13114
13044
10809
11987
10680
12653
10789
11437
23765
11387
12895
10664
11110
12339
12730
11941
15113
10766
11281
10156
10748
12134
10924
10233
11226
10718
10654
10197
10646
10591
10367
11381
10293
10204
10187
10079
10509
10071
10390
10364
10456
10361
10152
15353
10148
10270
10030
10177
9953
10134
10327
10120
10891
10149
10974
10261
11633
9877
9966
11108
23023
10132
10215
9965
9956
9942
11167
10229
10885
10414
23778
11544
11859
10786
11169
10926
10592
10397
10363
11223
10490
10887
10282
10404
10661
10755
10439
10609
10379
10796
10593
10621
10466
10684
10648
10666
10329
10484
10805
10700
10649
10826
23091
10610
10489
10626
10427
22952
10617
10577
10523
10479
10465
11056
10848
23860
10566
10736
11446
11975
10450
11428
10591
10855
10343
10812
10618
23061
10400
10188
10143
10288
10183
10251
11046
10277
10616
11025
10751
11284
10912
10701
14723
10659
10651
10565
10455
10510
10622
10649
10255
10629
10652
10666
11066
10853
10678
10889
10414
10328
10559
10446
10549
10753
10631
11063
17524
10651
10600
10566
10562
10396
10557
10566
10833
10430
10704
10529
10452
10416
10988
10575
10419
10670
10769
10825
23541
10332
10456
10265
10325
10243
10270
10167
10464
10404
10246
23762
10973
10674
11203
10436
31731
24900
10417
22459
10076
10056
10377
10213
24562
23592
10423
10425
10349
10073
10550
10460
10222
9893
10608
10262
10415
10659
10138
22974
10556
10237
10162
10698
10237
10490
10451
10171
10280
10670
10200
10598
10291
24247
10495
9936
9997
10046
10109
10070
22978
10278
10499
10406
10421
10070
10706
23108
10348
10518
10248
10170
10324
10189
10516
22998
23133
10214
10663
10367
23058
9976
9898
9955
10056
10431
10212
10132
11256
10387
10312
10225
10402
10257
10371
10274
10542
10345
10351
10284
13738
10321
10052
10207
10257
10395
22925
10569
23225
10564
10682
11084
10780
10492
23489
10560
10590
10999
10799
10750
11273
10599
10725
23007
23785
10235
10191
31662
23550
23364
10493
10542
10611
11280
10947
10442
10873
10560
10549
10661
10516
10775
10422
10769
10342
10508
10545
10745
10468
10741
10423
10488
10405
10589
10419
10499
10411
10444
10667
10754
10384
10576
10337
10389
10351
10824
10597
10599
23261
10683
10507
11158
10916
10761
11001
10481
22973
10866
23666
11008
11405
10874
11154
10523
10385
10432
10517
10956
10816
10532
10409
10862
10528
23342
23018
10596
10666
10995
10602
10669
11291
10989
10417
23492
10979
10780
10685
10916
10665
10513
10501
10458
10505
10526
10266
10719
10662
10794
10496
10619
10633
10477
10209
10683
10561
10582
10446
10581
10328
10609
10243
10520
10503
10905
10568
10814
10623
10686
10594
10553
10591
10654
10491
11038
10659
10583
10547
10856
10710
10520
10399
10840
10624
10163
10440
10298
10331
10586
10257
10552
10599
10491
10229
10585
10407
23231
10239
10431
10560
10143
26365
10169
10041
10404
10098
10258
10385
10368
22888
10164
10376
10278
10189
10473
10478
10336
10830
10205
10546
10592
23115
10394
10675
10498
10515
10322
10285
10468
10315
10161
10530
10349
10341
10453
10287
10400
10220
10375
10417
10382
14182
10302
10353
10304
10280
23693
23074
10871
10684
22834
10824
11047
23177
11039
10874
10489
10999
22824
10819
23163
10690
10535
10714
10742
10659
23128
10631
10646
14131
10420
10676
10742
10647
10588
10928
10416
11218
10671
11177
10631
10661
10463
10886
10413
10754
10997
22920
10964
11032
10886
10498
10518
19611
10746
10585
10276
10908
10718
10540
23320
10603
10532
10823
10199
23335
10695
10462
10488
10982
10635
11123
10213
10575
10351
10415
10246
23433
10163
10385
10074
10266
10152
10551
10323
10380
10213
23011
10320
23106
10296
10468
10689
10193
10451
10523
10334
10221
10808
10213
10362
10292
22727
10643
10267
10083
10339
10311
10394
10095
10360
10169
10218
10172
23296
10174
10244
10128
10731
10337
10181
10482
13423
10473
11023
10023
10439
24000
10125
10090
10468
10434
10507
10299
10536
10142
10280
23404
23329
10275
23180
10500
27501
10790
10948
10395
10646
10884
10621
10928
23619
10673
10531
10651
10491
10666
10601
10466
10596
10355
10522
10455
10900
10838
10588
23282
23839
23437
10774
10660
10662
10527
10893
10573
10958
11040
10555
10752
11147
11014
10953
10681
10371
10595
10727
10627
10486
10566
10763
20951
10500
10461
10376
10574
10640
10690
10967
10656
10384
13735
24640
14238
12556
11578
11345
11517
23832
10596
10746
11157
10989
11139
15873
24413
11019
10341
10885
11133
10986
10119
11178
10440
10560
10194
10638
11715
10529
11270
11550
10729
10618
10281
11028
10343
10517
11092
10629
10551
31592
11629
10517
11548
11294
10470
10380
11050
23711
11555
10751
10675
10889
11485
11629
12115
10529
10495
11831
10677
10851
10633
10459
11554
11310
15076
11750
11335
10718
11265
10685
11152
11487
11413
11479
12802
11460
10846
10784
12943
10791
11006
10515
10348
11428
10921
13017
11298
11193
10682
10901
10624
10832
10484
10547
10494
10262
10293
10589
10487
10475
10316
10466
10446
10608
10305
10444
10492
10527
10408
11614
10324
11147
11310
10744
11887
10550
11389
10545
10898
10696
10778
10448
10570
11524
10699
12268
10352
12425
10584
11563
10406
11889
10500
11374
10316
11474
10432
11671
10691
11686
10387
10363
10461
11738
10889
10426
11109
10564
11673
10463
10470
10803
10426
10640
10535
10972
10352
11099
10744
11798
10512
10170
10508
10307
10492
10290
11341
10526
11728
10324
11105
10433
14159
11407
10565
11977
10736
11715
10500
10310
10489
10354
10409
10480
10546
10645
10551
10295
10738
10426
10588
10281
10543
10345
10285
10440
10604
10282
10524
10587
10704
10596
10716
10210
10604
10765
10755
10374
10540
10430
10548
10291
10461
10368
10381
10279
10468
10521
10752
10318
10431
10612
10575
10504
10669
11232
10636
10539
10692
10860
10593
11092
11315
10798
11072
10653
11070
10746
11650
10522
10371
10705
10789
10731
10765
10563
10579
10901
24295
10516
10621
11382
11062
10345
10832
10553
10699
10491
10452
10438
10899
10879
10587
24089
23826
10486
10859
10509
10624
10622
10701
10261
10688
10338
10412
13557
10361
10347
10327
10154
10232
10403
10726
10159
10356
10492
10436
10200
10771
10378
10438
10202
23541
10531
32141
10676
10471
10847
21063
10364
10738
10550
10435
10542
10695
10510
23646
10451
10549
10768
23728
23322
23869
10382
11198
10167
10387
23779
10436
10651
10754
10495
10481
10885
10465
10707
23152
10583
10524
10543
10252
10426
10537
10577
10767
11283
11253
10897
11019
10327
23752
10795
10261
10839
23606
29744
10671
10633
10799
10817
22765
10709
10746
10601
10563
10596
10955
10398
10210
10913
10391
10377
10543
10910
10848
10326
10917
10995
14055
10637
10516
23562
10812
10495
10484
10705
10328
10509
10234
10405
10651
10528
10384
10909
10276
10681
10588
10571
10629
10750
10531
10544
10657
11254
10382
10576
10692
10819
10337
10549
10378
10710
10372
10616
10495
10657
10290
10095
10539
10399
35821
10818
10610
10485
10599
11209
10520
10504
10782
10778
10413
10657
10715
10585
10907
11065
22775
10123
10237
10587
24032
10370
1197451
11035
23526
23348
11191
10860
10673
10497
10676
10278
10553
10332
10404
10222
10430
10055
23624
10727
10895
10796
10772
23730
23918
10728
10931
10589
10746
13667
10685
10458
10926
10690
10777
10626
10743
10334
10627
10550
10611
10855
10611
10481
10377
10444
10512
10439
10490
10677
10670
10460
10590
10484
10610
10496
10830
10610
10469
10705
10616
10547
10597
10466
10546
10366
10988
10983
10579
10598
11214
10442
23972
10528
11004
10555
23524
10597
10755
10535
11187
10303
14292
10224
11050
10833
10589
10508
10475
10622
10568
10661
10451
10938
10726
10918
10490
10442
10894
10387
10463
10343
10671
10327
10501
10457
10634
10475
10560
10376
10647
10654
10526
10419
10763
10411
10641
10225
10639
11176
10528
10522
10600
10439
10581
10389
10858
10331
10930
10376
10598
10795
10626
10349
10444
10531
10535
10461
10821
23822
10597
10553
10705
10721
10540
11062
10510
10355
10414
10435
10644
10872
10423
10348
10406
10547
10529
10373
11118
10517
10745
10396
10402
10492
10588
10415
10743
14222
10601
10429
10581
10933
10510
10457
11148
10446
10894
10435
10773
10469
10531
10335
10674
10491
10439
10198
10568
10446
10531
10805
10766
10441
10440
10283
10681
10787
10523
11170
10640
10649
11373
10116
10909
10439
10537
10338
10547
10422
10625
10344
10717
10736
10437
10372
10663
10426
10676
10509
10757
10299
10398
10545
10560
10716
10720
10390
10755
10914
10746
10213
10506
10477
10687
10330
10256
10776
11489
10202
10901
10522
10463
10576
11000
11780
10503
11146
10949
11206
10627
15364
10891
10708
10723
11040
10848
10553
10507
10435
10854
13570
11032
10517
10544
10830
11035
10759
10827
10664
11533
10403
10950
11328
10639
11292
11430
12269
17074
11446
11754
11015
11239
10800
10938
10584
10803
10548
10698
10789
10629
10653
10693
10534
11052
10430
10972
10638
10788
10418
10464
10497
10524
10503
24351
10559
10581
10379
10655
10725
10459
10482
10829
10908
10460
10571
11151
10382
10421
10649
10815
10556
11405
11460
10883
10577
10929
10334
11279
11206
10722
14679
10777
10442
11051
10240
10778
10357
10761
10676
10536
10382
10611
10505
10535
10371
10616
10631
11298
10475
10468
10684
10594
10513
10342
11335
10586
10608
10501
10473
10511
10627
10715
10251
10901
10581
10505
10797
10626
10354
10520
10290
10582
10759
10554
10319
10692
10579
10731
10437
10544
10659
10900
10500
10653
10667
11097
10516
10820
10809
10517
10334
11281
10771
11958
10516
11331
11268
17958
11505
10923
10685
11598
12211
10948
11955
10956
10945
10773
10221
12085
11101
16782
12560
12573
13618
12783
12051
10811
11999
11723
11727
13047
11142
11917
12088
10876
11554
11336
11280
11571
11097
11015
13045
12491
10567
11751
11423
11805
12035
11600
11725
11189
11695
10638
11126
12112
10885
10630
10656
10697
10483
11053
10914
11428
11069
11439
10553
10682
10988
10952
10933
11818
12359
10762
10724
11046
10911
11414
11848
10958
10229
15518
10952
10303
10516
10726
10641
10402
10375
11743
10928
11868
10306
11722
10911
12364
10333
11521
10528
10495
10594
12251
11567
10718
10139
10720
10387
10700
10579
10488
11585
10736
10785
10572
11168
10497
11716
10685
11677
10725
12692
10515
10546
10767
10289
10479
10502
10498
10531
11292
10763
11597
10585
11431
10596
11945
10425
11434
10776
10673
10481
10618
10587
10568
10898
10878
11699
11397
10550
12226
10528
10903
14120
10536
10512
10632
10348
10700
10879
10982
10332
10436
10505
10258
10130
10640
10563
10476
10273
10636
10338
10485
10217
10769
10791
10439
10490
10544
11575
10847
10798
11491
10577
11119
10882
10877
12079
11100
11074
10578
10783
10424
10459
11629
10891
10875
10199
10552
12419
10392
10350
10316
11511
10735
10939
11536
10306
16348
10287
10926
11103
10819
10551
10713
10925
10885
10634
10688
10666
10742
10444
10767
10732
10486
11208
10740
10736
11649
11105
10769
10701
10496
10425
10772
10885
10427
10359
10980
11039
10744
10415
10676
10377
10660
10572
10786
10949
10521
10572
10823
10958
10745
10515
10817
11005
10846
10422
10517
10668
10595
10652
10609
15174
11289
10836
10915
11073
10859
10453
10549
10586
10638
10495
10508
10701
10593
11449
10945
10905
10752
10632
10879
11179
10794
10317
10935
10504
10602
10843
10489
10553
10958
10647
10726
10667
10618
10548
10712
10606
10787
10354
10701
10696
10683
10444
11015
10511
10577
10401
10374
10433
10506
10887
10858
10414
11915
10533
11154
10445
10633
10586
10759
11000
10487
10483
11098
10389
10408
10519
11013
10889
11390
10729
10593
10508
10663
10432
10501
10707
10549
10443
10656
10781
11219
10313
10658
10546
10588
10360
10489
10464
10513
10621
10603
11602
10702
10302
10679
10349
11182
10667
10719
10387
10856
10598
10777
10487
10904
10475
10650
10712
10570
10561
10627
10415
10366
10672
10690
10372
10882
10565
10526
10504
10790
10345
10611
10373
10736
10479
10751
10793
10513
10398
10796
10529
10272
10459
10296
10590
10814
22414
10229
10367
10584
10594
10758
10487
10748
10641
10656
10279
10351
10510
11081
12527
10995
11050
10603
11328
10696
11056
10921
11104
10860
10695
10939
15758
10833
10499
10627
10458
10715
11655
10719
11616
10932
10789
10624
10959
10514
10494
10754
10420
10820
10327
10431
10420
10485
10444
10549
10524
10747
17862
11367
11830
10580
10559
10360
10891
10732
10558
10896
10689
10531
10682
10919
10650
11226
10886
11768
10497
11343
11333
11709
10862
11010
10617
10743
10349
10602
10449
10793
10514
10733
10548
10887
10667
10520
10167
10443
10703
10537
10457
10742
10521
10449
10604
10629
10830
10484
10615
10549
10819
10583
10340
10391
10680
10515
10737
10417
11265
11218
10835
11288
11164
10993
10374
10741
10761
10797
10495
10341
10608
10640
10484
10847
10692
10993
10635
10775
10648
10734
10417
11119
15486
10837
10377
10798
11903
11098
10554
10623
11075
10714
10951
10715
10846
11546
12060
13648
11351
12527
10781
10741
11193
11014
10680
11291
10860
10781
24688
10620
11146
10611
10373
10973
10753
11276
10690
10944
10871
11794
10726
10747
10973
10631
10454
10396
10395
10547
10464
10502
10396
10360
11315
10378
10396
10591
12948
11467
10581
10864
10478
10565
10790
10556
10427
10867
10541
10474
10430
10607
10579
10598
10209
10475
10322
10777
10253
10492
10516
11142
10493
10698
14933
10847
10850
10947
10473
11023
11559
10553
11009
10462
10854
10855
10467
12034
10508
10483
10636
10423
10534
10617
10498
10554
10555
10900
10741
14117
10452
10815
10569
10418
10814
10772
10690
11050
10328
10643
10815
10530
10757
10803
23461
10711
10645
10566
10275
10746
10361
10762
10536
11968
10975
10760
11300
10482
10366
10884
11171
10628
10709
10735
10381
11013
10490
10634
10532
10510
10363
11033
11034
10743
11620
10523
10328
10580
15416
10437
10700
10470
10384
10570
10231
10652
10344
10416
10539
10554
10467
10555
10480
10451
10737
11713
10695
10628
10308
10640
10787
10447
10313
10932
10697
10622
23959
23603
10463
10760
10561
24573
11031
10821
10422
10662
10470
10708
10395
10471
10487
10544
10447
10482
10382
10399
10608
10759
10333
10659
10563
10332
14053
10472
10919
10501
10801
10710
10627
11006
10629
10677
10899
10621
10507
10518
10432
10881
24904
10821
10520
11759
11072
11330
10401
10622
20184
10945
10921
10959
10840
10901
11153
10454
11163
10608
10861
10740
10968
10988
10687
10523
10560
11725
10382
10839
10732
10529
10518
10834
10875
10632
10072
10818
10891
10682
10498
10561
10514
10557
10456
10708
10527
10557
10580
10855
10662
10735
10398
10616
10842
10593
10631
10976
10895
10684
10716
11162
10489
10546
11012
10844
11199
10386
11203
10995
10753
10854
10392
10680
10672
10424
10392
10796
10724
10861
10601
10702
10997
10582
10492
11029
10606
10612
10582
10672
10870
10631
10519
10928
10764
10921
10388
10976
11034
10643
12072
10644
10724
10662
10869
11420
10640
10988
10550
10753
10882
10695
10563
23464
10568
10625
10843
10537
23213
10394
10524
10465
10406
10554
23407
10190
10248
10699
23966
10595
12844
10422
10579
11083
10882
10499
10873
10678
10480
10377
31103
13777
12416
13177
13405
11112
10633
11063
10585
10991
10552
10788
10592
11579
10902
10696
10791
11520
10844
12234
10859
11840
10734
10550
11316
11556
11110
11019
10676
12228
11984
13515
11112
11214
11306
11320
10989
11466
12490
11319
11290
90246
12087
17229
10710
12200
24314
12889
12021
11495
11573
11594
10746
11985
13510
10911
10727
24622
11451
11444
11210
12200
11373
11761
10833
11427
41099
11353
10976
10817
10632
10798
10787
24095
10661
10648
10529
13125
10726
10876
10710
10874
13089
11623
24474
10665
11452
10750
10883
10963
10379
10802
10624
10426
11796
12435
10569
10973
10714
10489
10435
10872
10785
11555
10930
10864
10538
10509
10528
11527
10833
11569
10449
10633
11391
12063
10583
10574
10210
10412
10253
11382
11842
10713
10804
10661
10560
12054
10846
10672
10513
10412
11850
10922
10465
30308
11365
10814
10623
10677
28058
11789
10849
11350
10909
11865
10766
23723
11460
10819
10892
10743
10882
10709
11061
10739
10758
11285
10687
10685
10687
10636
11112
10596
10753
10708
10637
10884
10860
10718
10592
10673
10751
10706
10644
10460
10370
10783
10612
23772
10527
10820
10844
10449
10433
10842
10483
13872
10284
10671
10976
10661
10968
11085
23625
23943
10476
10754
11461
11697
10576
10597
10581
10684
10434
10881
10811
10499
10344
10593
10273
10747
14259
10534
10627
10657
10580
10684
10843
10850
10754
10639
10380
10528
10461
10902
10665
10380
10752
19258
13287
10744
10521
10708
10664
10658
13962
23495
11093
10509
10497
11003
10414
10497
10434
10844
10911
10592
10755
10783
10495
23386
10705
23227
10810
23665
10347
10433
10964
10569
18251
33097
10845
10682
10558
10868
10779
10927
22908
10839
11410
10980
23419
10534
10579
10524
10488
10986
10470
23737
10443
66638
11000
11009
11074
10821
10523
11069
10656
11203
10684
10635
10634
10815
10659
10890
10734
10932
10625
10773
10573
10816
10592
10459
10125
10405
10543
24184
10698
10718
10346
10609
10411
11016
10965
10591
10487
10628
11082
10439
10506
10926
11181
10650
10803
10242
10824
10631
10642
10523
10558
10626
10840
10580
10478
10623
10676
10382
10736
10592
10519
10528
10593
10880
10607
10835
10640
10769
10549
10618
11048
10697
10895
10785
10594
10182
10390
10483
10595
10561
10957
10540
19053
11184
10729
10537
10611
11347
10818
10488
10684
10411
10420
10367
10323
10319
10494
28197
31887
10462
10840
10526
10647
10454
10396
10269
11471
10611
10662
11084
10799
10587
10846
10368
10638
10910
11036
10371
10739
10826
10545
10611
11530
10803
10685
10693
23646
10548
10940
10831
11298
10692
10615
10383
10607
10644
10522
10573
10640
10434
10503
10517
10928
10356
10815
10428
10704
10538
10479
10553
10492
12687
10507
10706
10710
14780
10635
10541
10685
10429
10593
10857
10930
10790
10735
10635
10825
10562
11028
10465
10667
10456
10845
10302
10469
10565
10382
10589
11593
10682
10567
10653
19589
10682
10485
10909
10568
10652
10535
10556
10773
10615
10484
10669
10536
10739
10420
10610
10630
10511
10685
10362
10484
10308
10525
10853
10983
11235
10722
10721
10724
10662
10772
10447
11431
10673
10763
11181
11431
11082
10645
10345
10558
10943
10962
10726
11691
11694
10706
10362
11582
11452
10596
10365
10743
10726
10588
10846
11064
11993
10621
10844
11162
10743
10788
10464
10767
10691
11203
10325
10771
10854
11370
10526
10774
10795
10851
11335
11247
10674
10968
11079
11131
11815
16693
11200
10868
11448
10740
10432
10983
75862
10456
10488
11094
11720
10474
10716
10759
10593
10789
10790
10737
10774
10688
10907
10860
10555
10726
10835
11571
11227
10435
12075
10784
11343
11288
10894
10984
11038
10510
10542
10829
10619
10539
10474
10671
10575
11108
10292
10962
10590
11029
10708
10611
10678
10451
10900
10999
10538
10551
10573
10772
10712
11027
10455
10970
10288
10881
10295
10574
10728
10559
10292
10481
10610
10909
10315
10764
10583
10573
10445
10384
10692
16555
10456
10691
10476
10579
10437
10606
10294
10303
10403
10880
10522
10396
10394
11124
10722
10507
10332
10653
10595
10734
10391
10475
10444
10484
10449
10886
10342
10325
10510
10564
11721
11123
10620
10351
10485
10568
10463
10636
11077
10524
10482
10498
10611
10653
10964
10861
10809
11152
11426
10930
10946
10461
10777
10946
11083
11380
10892
11031
11197
10807
10256
10879
10803
10906
10408
10444
10407
1828987
25192
11540
10899
11185
10726
11143
10942
10823
10659
10892
10454
10657
10440
10841
10485
10826
10732
10769
10578
10783
10806
10478
10660
10683
10913
10566
10810
10808
10449
10424
10472
10543
10711
10914
10418
10489
10423
10739
11546
10464
10443
11036
11464
10685
10692
10992
10691
10538
10643
11096
10662
10832
10710
10694
10596
11106
11180
11465
11084
11128
10626
11254
11071
10737
11033
11287
10907
11063
11394
11599
10917
11755
10513
10873
11163
10696
10394
12376
15252
12675
11218
10751
10352
11159
11780
10393
10408
10799
11455
10362
10517
11649
12586
11089
10905
11003
12055
11424
10919
12457
11466
10846
10970
10942
10640
11358
10248
10298
11127
10783
10842
10575
10643
10821
10920
10562
11644
10301
11373
10562
10739
10875
10332
10814
10479
10678
11198
10637
10757
10574
10762
10638
10845
10994
10970
11423
12151
11754
10460
11710
11150
11282
10371
11025
11328
11169
10675
11462
10435
12152
10874
11752
11477
11044
11123
10604
10719
10951
10814
11367
11114
10814
10532
10809
10843
10541
11235
11554
11335
10717
10800
10922
10769
15430
10958
10696
11610
11192
11221
10985
10436
10584
10599
10553
10582
12338
10921
11193
10272
11328
10577
12217
10572
12052
10548
12033
10605
10749
10581
10345
10406
10419
10671
10649
10590
11535
10889
10915
10503
10563
11039
10431
10492
10380
11586
10639
11446
10733
11972
10337
11819
10651
11111
10386
10383
10425
10741
10363
10604
10983
10589
10804
10682
10494
11516
10316
12041
10629
10629
10658
10946
10359
10502
10291
10775
10588
10573
11543
10643
11227
10385
10552
10843
10941
30872
10542
10566
10587
11049
10976
10462
10558
10770
10564
12751
10263
10594
10999
10581
10309
11052
10914
11007
11919
10872
10762
10463
10425
10882
10756
11555
10392
10666
10933
10760
10488
11229
10921
10586
10626
10876
10862
10637
10714
10728
10518
10709
10329
10731
10275
10761
10624
11276
10368
10294
10717
11326
10730
11025
10530
11190
10614
10513
10574
10807
10946
10502
10383
11059
10438
10980
10734
10651
10531
10702
10417
10916
10454
10839
10467
10904
11072
10777
11029
10922
10583
10849
10347
10678
10726
10513
10642
10831
11007
10746
10850
77826
10780
11030
10706
10592
10572
10732
10506
10592
10399
10660
10920
10445
10709
16041
10843
10946
10392
10870
10619
10775
10616
11059
10639
10373
10681
10767
10835
10567
11040
10625
10712
10614
10373
10725
10699
10512
10683
11393
10897
10764
10985
12279
11266
10629
11061
10983
10912
10624
10892
10683
10409
10660
10563
11310
10463
10429
10435
10521
10346
10782
10762
11282
10485
11293
10536
10648
10351
10780
10452
10517
10237
10612
10533
10676
10783
10639
10576
10436
10435
10586
11068
11101
10601
11561
11395
10645
10864
10613
11146
10815
10698
10573
10476
11053
10854
10351
10830
10515
10539
10843
11302
10477
10845
10711
11006
10516
10576
11091
10857
10671
10742
11055
10770
10867
10630
10538
10793
10883
10643
10726
10867
10631
11467
10683
10670
11163
10535
10543
10871
10525
10845
10690
11381
10489
10842
10562
10742
10774
11014
10766
10701
10497
10559
10615
10526
10467
11693
10881
11615
10677
11113
10790
10816
10448
10666
10792
10847
10340
10814
10700
10662
10560
11402
11019
10732
10536
11044
10988
10679
10680
10959
12098
10637
10544
10448
10461
10581
15893
10510
10425
10494
10255
10537
10479
10590
10422
10779
10706
10866
10436
10610
10285
10452
10558
10528
10761
10787
10358
10546
10706
10190
10267
10483
10376
10452
14149
10559
10532
10579
10558
10565
10067
10583
10474
10590
10487
10722
10501
10671
10407
10421
10615
10752
10500
10742
10567
10945
10393
10340
10709
10512
10700
10816
10973
10990
10945
10393
10485
10583
10446
10455
10434
11098
10801
10337
10785
10929
10840
10536
10476
10794
10561
10547
10757
10642
10413
10418
10432
10683
10404
10389
13998
10540
10807
10521
10538
10849
10778
10528
10563
10500
10578
10884
10414
10561
10611
10606
10547
10386
11456
11046
10839
11185
10673
10516
10562
10381
10955
10495
10697
10369
71796
10502
10441
10363
10326
10533
10432
10660
10575
10651
10509
10320
10794
10401
10539
10230
11280
11055
10458
10404
10828
10585
10887
10619
14828
10787
10535
11993
10983
10406
10670
10652
10393
10736
10448
10416
10664
10447
10686
10613
10383
10200
10490
10678
10618
10444
10684
10734
10555
10596
10617
20083
10601
10564
10568
10597
11027
10645
10563
10688
11102
10658
10888
10891
10812
10697
11815
10873
10552
10901
10717
10718
10424
10738
10577
10554
10497
10341
10381
10247
10722
10764
10788
10289
10926
10722
10538
10463
10708
10803
10800
10694
10461
10331
10461
10492
10728
10711
10404
10445
10521
10458
10622
10615
10748
10587
10588
10868
10677
10425
10564
10530
10569
10538
10435
10430
10564
10371
10647
10659
10501
10431
10677
10401
10584
10555
10577
10562
10417
10390
10446
10427
10495
10394
10694
14713
10800
10563
10594
10638
10516
10334
10549
10382
10637
10459
10470
10384
10735
10453
10795
10473
10840
10286
10845
10336
11806
10709
11829
12113
10929
11370
11493
10280
10934
10558
10714
10477
10670
10675
10926
10750
11114
10683
11495
11186
11253
10383
10618
10879
10645
10418
10662
10357
10847
10672
10461
10369
10547
10562
10651
10826
10860
10650
10633
10600
11385
10935
10642
10675
10808
10541
10686
10453
11053
10937
10909
10375
10447
11076
11644
10415
10952
11209
10786
10654
10955
11821
10634
10422
10855
10979
10577
12380
10550
10709
10485
10495
10462
10786
10299
10416
10454
10599
10483
10491
10262
10385
10445
10540
10120
10628
10496
10649
10700
10696
10943
10608
10491
10570
10686
10567
10735
10497
10653
10395
10220
10560
10733
10612
10595
10648
11214
10536
10465
10600
10544
10622
10561
10516
10439
10572
14718
10415
10528
10590
10313
10759
10464
10773
10672
10510
10408
11107
10638
10672
10389
10580
10756
10920
10712
10789
10563
10648
10376
10747
11475
10751
10481
10893
10546
12731
10453
10590
10609
10486
10684
10556
10222
10762
10663
10332
10425
10756
10741
10634
10176
10770
10176
10356
10322
10552
10543
10390
10719
10608
10663
10703
10303
10668
10403
10496
10414
10822
10459
10388
10680
10781
10525
10557
10422
10628
10414
10460
10595
10407
10984
11875
10919
10944
10663
10477
10561
10597
15353
10506
10686
10613
10736
10512
10776
10718
11119
10979
11285
10545
10798
10922
10568
10541
11385
12081
12623
12544
12713
13265
10843
10960
10661
16324
10625
10559
10461
10457
10653
12323
10729
12974
12111
10824
11777
11866
11111
10735
11571
11238
12055
13918
12660
11274
12493
11249
10726
10549
10927
11015
11398
11086
11548
11642
11245
11791
10624
10801
10919
12181
10764
11077
11396
11846
11238
12084
11184
10598
12727
10382
12504
11843
11641
11756
12016
12749
11132
12275
11294
11280
11180
11232
12359
11541
11292
10637
10577
10584
10362
10335
10823
10971
11296
11555
11305
10579
11519
10750
10739
10332
11048
10203
11018
11118
11836
13028
10553
12901
10602
11511
10903
10458
10613
10917
10880
11233
11034
11552
10702
11079
10578
11375
10640
11542
10619
11564
10501
12485
10708
50347
12217
10318
12096
10650
12160
10430
11732
10473
11028
10258
11907
10748
11310
10537
12673
10298
10747
10492
12656
10317
11103
10588
11618
10480
10642
10325
11369
10475
10949
10241
10298
10435
10360
11334
10536
12004
10299
11373
10482
10617
10299
10810
10716
11372
10623
12036
10391
11059
11096
11140
10285
11613
10594
11037
10532
10594
10681
10577
10445
10738
65040
10466
11076
10821
11000
10886
11420
10947
10613
10978
10363
10572
10593
10825
10914
11883
10469
10815
10685
10455
11546
10698
10488
10473
10296
10475
10640
10702
11150
10619
10603
10566
10460
10560
10501
10544
10613
10469
10388
10697
10739
10377
10520
10390
10610
10749
10396
10693
10553
10699
10597
10781
10530
11845
10385
10966
10786
12368
12174
10890
11017
11057
11146
11223
10964
10986
10714
10753
10751
11142
10421
10622
10477
10846
10630
10467
10685
10665
10581
10701
10617
10990
10656
11802
10793
11371
11077
10938
10882
11442
10720
10638
10818
10666
10903
10665
10653
10984
10541
10719
10415
10729
10929
10482
10615
10686
10368
10599
11194
10489
10988
10553
10596
10331
10712
10691
10605
10400
10659
10841
10417
10270
10601
10740
10751
10313
10540
10496
10629
10311
10508
10656
10742
10134
10606
10372
10826
10179
10406
10186
10801
10364
10661
10862
10651
10550
10468
11289
10652
11093
11088
10451
10584
10710
10825
11156
10714
10845
19289
11213
11055
10551
10483
10630
10622
10665
10615
11571
10858
10616
10824
10667
10810
10975
10745
10681
11072
10833
11663
11033
11537
10792
10741
10713
11036
10710
12075
10640
10734
10340
10604
10439
10510
10399
10657
10414
10708
10715
10653
10542
10684
10744
10654
10773
10770
10217
10584
10564
11041
10531
11200
10902
10864
11114
10715
10760
10738
10665
10766
10441
10681
10457
10690
10542
10576
10515
10648
10518
10830
10413
10465
10675
10795
10320
10919
10529
11715
10776
10884
10611
10468
14970
10694
10899
10379
10633
10833
10692
10664
10863
10779
10951
10789
10605
10745
10624
11061
10637
10949
10398
10474
10573
10525
10735
10512
10553
10623
10819
23473
10879
10639
10547
11167
10479
10750
10504
10741
10949
11034
10528
10469
10733
10470
10968
10847
10664
10666
10958
10663
10273
11028
10358
10401
10514
10711
10382
10839
11259
11017
10649
10920
10590
10486
11573
11345
11530
11000
11250
10495
10638
10979
10479
10957
10703
10679
10556
10551
10227
10616
10439
10585
10336
10634
10771
10551
10519
10556
10640
10596
10564
10652
10651
10603
10604
10506
10578
10546
10280
10658
10612
10480
10847
10722
11310
10882
10626
10529
10467
10642
11080
10886
10673
10698
10603
10613
10349
10399
10483
10422
10702
11013
10747
10578
10703
10592
10493
10550
11206
10408
10487
10611
10558
10746
10590
10675
10459
14432
10594
10352
10795
10875
10545
11565
10562
10457
10852
10346
10656
10416
10611
10475
10534
10487
11222
11135
10584
10331
10807
10940
10714
10461
10591
10450
10554
14734
10865
10469
10759
10580
10798
10717
10963
10607
10813
10903
10644
11376
10805
10454
10691
10906
10742
10729
10485
12135
10824
11065
11179
10929
11114
10780
23732
11343
10455
10336
10819
11401
10842
10312
10770
10571
10718
10311
10739
10509
11048
10550
10651
11064
10876
10787
10496
10565
11128
10808
10789
10472
10504
11129
10457
10581
10504
10647
10896
10606
12405
10841
10550
10464
10340
10611
10800
10317
10558
10889
10536
10887
10859
10407
10446
10564
10277
10542
10288
10423
17262
10497
10558
10888
11514
10677
10343
10693
10319
10929
11108
10766
11673
10534
10426
10568
10204
10596
10348
10716
10484
10397
10634
10561
10343
10450
10120
10901
12260
10623
10718
10647
10390
10669
10630
10799
10971
10791
10585
10717
10524
10933
10683
11333
10315
10424
10308
10768
10765
10603
10775
10693
11218
10549
11246
10873
10972
10730
10547
10238
10717
10469
11186
10484
10665
10564
10825
10494
10373
10383
10459
10342
11070
10328
10464
11388
10708
10422
10673
10284
10504
10391
10632
10363
10727
10472
10447
10630
10967
10516
10676
10637
10570
11944
10428
10708
10557
10436
10584
11056
10828
10794
10494
10545
10413
10484
10642
10863
10538
10715
10914
10964
10742
10977
10907
10488
10450
10451
10744
10713
10725
10171
10428
10491
10415
11061
10916
10966
10403
10423
10451
10481
11405
10836
10782
10820
11075
10273
10666
10487
11083
10367
10769
10583
11160
10166
10852
10486
10985
10544
11550
10461
11031
10598
10670
10348
10517
10626
10526
10228
10769
10611
10771
10412
10459
11166
10763
10457
10717
10406
10772
10498
10663
10468
10820
10473
10532
10412
10751
10335
10531
10529
10695
10251
10447
10685
10583
10483
10399
10443
10531
10372
10534
10394
10680
10250
10804
10625
10627
10514
10582
10755
10689
10825
10508
10649
10574
10462
10570
10444
10373
10178
10623
10454
10655
10455
10688
10289
10681
10368
10677
10397
10565
10501
10355
10455
10591
10477
10545
10302
10696
10554
10255
10375
10536
10380
10641
10615
10574
11160
10649
11062
10813
11240
10667
12293
13905
13693
13713
11322
12636
11657
10394
10686
11638
10230
11028
11532
11029
11774
12039
10679
11891
12500
10545
10881
10753
10222
11532
11016
11421
10490
12767
23322
10723
10614
10640
10732
10985
10389
10578
10389
11075
10305
10948
10345
11905
10419
11931
13189
11096
10627
10750
11227
10641
10458
11185
10822
10787
10489
11771
11125
12892
11188
12188
4923907
25633
11194
10370
11648
11615
11222
11122
11439
10991
10986
10678
10669
10630
10610
10849
10637
10978
10909
10556
11872
10675
10359
10569
10726
10635
11130
10285
10674
10897
10563
10436
10634
11176
10697
10485
10651
10570
10694
10580
10283
10295
10655
10267
10603
10204
10620
10418
10513
10539
10521
10676
10615
10804
10590
10359
10534
10341
24097
10536
10738
10518
10762
10539
10617
10403
10635
10254
10455
10582
10539
10345
10622
10547
10603
10222
10572
10119
10590
11711
10470
10888
10799
10705
10819
10533
10639
10790
10608
10915
10783
11104
10494
10869
10323
10573
10603
10934
10602
10680
10718
10417
15266
10297
10845
10889
10856
10662
10976
10986
11391
10762
10167
10570
10782
10672
10364
10911
10628
10732
10680
21319
10975
11209
10625
10669
10506
10794
10488
11315
10559
10434
10454
10906
10517
10736
10303
10706
10261
10615
10596
10467
10472
10462
10512
10833
10638
10703
10375
10474
10369
10246
10230
10745
10407
10599
10395
10586
10559
11022
10765
10338
10546
10597
10523
19003
10450
11145
11812
10307
10767
10598
10491
10928
10942
10592
10655
10831
10476
10613
10814
10436
10457
11005
10620
10951
10706
11018
11010
88609
11087
10621
10869
10613
10409
10793
10423
10497
10553
10367
10280
10537
10583
10808
10256
10713
10302
11255
10621
10590
10431
10745
10717
10623
10512
10645
10568
10464
10594
10673
10575
10625
10263
10519
10650
10514
10492
10799
19344
10763
10274
10580
10729
10619
10293
10685
12748
10256
10880
10543
19381
10408
10607
10551
10366
10521
10899
10870
10607
10281
10715
10713
10716
10484
10918
10581
10453
10222
10439
10418
10575
10182
16259
10404
10419
10360
20606
10620
10674
10483
10921
10471
11065
10462
10594
10835
10389
10637
10538
10574
10682
10459
10775
10840
10788
10207
10592
10476
10557
10268
11586
10971
10600
10781
10733
11010
10703
10296
11176
10643
10677
10320
10665
10700
12417
10648
10436
11036
10657
11078
10756
10462
10547
10307
10674
10458
19789
11023
10653
10580
10667
10568
11006
10376
10940
10933
10448
10348
10585
10612
10770
10727
10556
10892
10602
10420
10730
10547
10926
10577
11018
10798
11327
10599
12217
11181
10827
10285
10604
10748
10587
10507
20794
11729
10695
10451
10394
10780
10418
10630
10500
10464
10432
10482
10509
11349
19095
10448
11034
10802
10704
10711
10650
10577
11013
10397
10581
10900
10410
10630
10860
10602
10578
10407
10699
10437
10357
10400
10771
10712
10335
10350
10813
12571
10442
10668
10613
14992
10506
10678
10354
10503
10556
11048
10882
10857
10326
10473
10723
10525
10385
10500
10671
10506
10423
10350
10467
11013
10480
10518
11311
11626
10941
12163
12141
11992
11563
11286
19302
10525
10495
10543
10365
10677
10444
10429
10668
10595
10537
10737
10377
18100
10640
10695
10524
10523
10382
10568
10553
10657
10359
22455
10432
18287
10419
10657
10585
10396
10483
65235
10745
10916
10177
10765
10268
10773
10344
10578
10429
10477
10376
10761
10168
10741
10613
10613
10200
22108
10793
10492
10215
11048
10411
10763
10418
10539
10521
10323
10387
17893
10716
10829
10611
10798
10549
10505
10364
10704
10723
10613
10494
17732
10677
10471
10320
10700
10405
10505
10830
10676
10518
10736
10750
10596
11569
10385
10139
10762
10628
10431
10380
10610
10423
10285
10258
10958
11345
11382
12470
11605
11932
19459
11454
11660
10738
11192
11041
10916
10807
10896
11071
11466
11847
11251
10525
10595
10968
10689
10537
10751
10827
11647
10915
10479
10785
10445
10951
11108
10409
10454
11065
10989
10712
10684
10600
10893
10622
10657
10512
10473
10702
10602
10387
10481
10769
10527
10495
10416
10472
11052
10599
10608
11329
10364
10464
14156
11030
10917
10536
10596
11324
11611
11296
10529
11843
12170
10694
11015
11109
10476
10648
10447
10716
10448
11735
11224
12284
11989
13046
11032
10806
10448
10562
10447
10735
10802
10595
11431
10905
10402
22946
10375
10857
10561
10551
10376
10430
10454
11018
12253
10319
10570
10742
10980
10499
10689
10360
10813
15694
10510
11527
10949
10422
10686
10700
11831
11040
10380
10399
10581
10692
10774
10550
10553
10955
10799
11236
10820
11807
10734
10446
11561
11120
11439
10636
10597
10566
10827
10519
12664
12091
11379
13013
11843
13701
12796
12098
11358
11874
10396
11212
11166
11056
11384
11608
10665
12682
11332
11021
10787
10926
11258
12181
10627
11114
10518
11007
10651
11308
10601
10779
11505
10764
11606
10644
11784
10474
10446
10968
10938
10392
10486
10633
10439
10501
12325
10621
10583
10895
10972
10708
10946
11699
10738
10704
10989
10495
10657
10666
10707
10802
10872
11028
10686
10460
10645
18023
10896
10345
10791
10466
10534
10352
10584
10536
10448
10308
10821
10703
10869
10445
10745
10647
10492
10333
10625
10468
10580
10591
10669
10786
10812
11055
10647
10772
10459
10642
10588
10976
10634
10335
10890
11054
10612
11043
10650
10738
10573
10557
10453
10434
10556
10709
10937
10532
10477
13530
10924
10638
10192
10550
10558
10684
10330
10568
10874
10539
10364
10660
10939
10329
10707
10538
11021
10329
10647
10648
10626
10676
10529
10729
10714
10603
10297
11539
10282
11896
10802
10986
11083
10955
11274
11711
10678
11267
10893
11294
10493
10805
11059
11625
10617
11537
10646
11386
11296
10816
10902
10725
11430
11385
12087
11279
11214
18261
10937
12111
12773
11075
11389
11072
11842
10745
10900
10514
10652
10410
11039
11186
10992
11683
11555
11459
11299
11596
10544
12393
11477
11412
11466
11939
10438
10796
10838
10414
10737
10397
10392
10394
10473
11385
10658
11981
10339
10651
10510
11012
10637
12250
10571
10966
10025
10413
10514
10553
10498
10579
1405280
13113
11690
11452
13158
11430
11931
11285
12184
10859
11399
10688
11395
10382
10719
10498
17100
10738
11068
10413
10221
10388
10234
11751
10153
11990
10120
10429
10307
10901
10399
11491
11487
13298
12142
12021
11511
11059
11114
11054
11036
10867
17581
11002
11081
12298
15221
11070
10833
10534
10614
11536
11707
10533
11503
11056
10652
11358
10923
11476
11905
10645
10687
10928
11011
10657
11366
11108
10661
16378
11045
11442
10739
10968
10529
10883
10961
11447
10969
11001
11479
10767
11538
11654
10780
10335
10602
10621
10845
10678
10777
10475
10474
10351
10467
10600
21541
10532
10527
10746
10558
10435
10997
10776
10837
11462
10927
10737
11131
10840
11087
11084
10953
10845
10729
10583
10915
10585
11089
10369
10801
18395
27919
10453
10502
13407
10360
10444
10668
10592
10362
10687
10667
20328
10848
10651
10638
10701
10486
10534
10993
11040
10410
10741
10417
10550
10997
10794
10968
15036
10471
11253
11630
10813
11354
11155
11188
10669
10691
10990
10784
10696
11042
10515
10715
10552
11036
10416
10583
11295
11317
11121
10788
11577
11146
10836
10905
11095
10547
10372
10589
10525
10574
11310
10882
10521
10754
10757
10702
10400
10238
11017
10421
10433
10824
11756
22024
10735
10282
10757
10454
10564
10548
11034
10396
10734
11037
10754
10281
10650
10487
10475
10378
10396
10581
10668
10530
10645
10446
10614
10423
10712
10390
10508
10384
10603
10508
10562
10428
10567
14408
10428
10381
10615
10497
10347
10176
10906
10311
10614
10700
10753
10612
10763
10421
10652
10396
10623
10462
10741
10681
10750
10521
11001
10653
10659
10544
10800
13631
10785
10367
10656
10775
10795
10646
10643
10609
10475
10541
10657
10666
10437
10350
11376
10979
10327
10415
10699
10765
10536
10611
10434
11947
11305
10844
11270
11741
11395
11650
12176
12197
10490
10488
10688
10473
10474
11362
10500
11059
10759
10769
10609
10380
10283
10586
10666
10594
12174
11449
10548
10926
10918
10654
10439
10623
10713
10737
11073
10953
10290
10722
10452
10636
10401
10647
10577
10515
10504
10736
10479
10797
10496
11677
10573
10541
10436
10731
10594
10867
10174
10692
10615
10771
10775
11126
10515
10130
10293
10537
10645
10650
10498
10788
10595
10633
10979
10559
10481
10450
10601
10630
10323
10570
10740
10373
10419
11015
11004
11270
10635
10920
10759
10646
10391
10504
10690
10544
10572
10818
11401
10989
10269
11330
10756
10721
10370
11318
10799
10861
10706
10628
10653
10684
10257
10696
10374
10678
10806
10945
10648
10926
10898
10800
10873
10456
10580
10701
10930
10517
10506
10777
10508
10539
10225
10623
10588
10651
10357
10583
10501
10716
10469
14785
10763
10513
10280
10450
10563
10473
10434
10545
10538
10345
10474
10520
10615
10861
10263
10660
13064
10485
10573
10575
10860
10541
10409
10517
10616
10323
10733
10661
10483
10251
10587
10688
10256
10453
10594
10310
10448
10208
10593
10591
10563
10499
10425
10257
10491
10275
10413
10586
10437
10416
10614
10476
10610
10420
10410
10399
10539
10560
11004
10490
10573
10508
10563
10351
10583
10464
10622
10278
10513
10363
10588
10494
11012
10325
10587
10568
10637
10394
10612
10947
10689
11331
10693
10842
13836
10341
10664
10420
10397
10508
10767
10494
11003
10941
10799
11197
10685
11412
10699
10383
12553
11522
11242
11149
11389
11005
11078
159453
10868
11202
10866
10572
10719
10695
10694
10467
11327
11579
10680
10432
10483
10693
10701
11371
11699
11037
11150
11408
11043
614266
11159
10683
10872
10784
11023
11274
10587
10357
10363
10341
10451
10237
32502
11290
10681
10764
10712
10563
10684
10626
10538
11114
10736
10736
10434
10394
10564
19724
10720
10457
10878
10593
10970
10184
11146
10691
10990
11761
12983
12648
12828
11881
12156
11891
10651
11063
10819
10569
10718
12050
10687
12168
12261
13129
11134
12159
11291
10885
10817
10538
11960
10645
10992
15954
10852
10559
21737
10901
10701
10908
11669
10358
11693
12363
10727
11787
11066
11757
10652
11654
10945
10665
10857
11386
10998
12267
10735
12597
10959
12656
10851
10343
26186
11375
13786
11242
10404
11997
11227
11537
11053
11278
11374
11720
11723
12157
11975
11086
12149
12961
12090
11366
11179
11822
10651
10413
10560
10828
11051
10618
10300
10210
13867
11067
10433
10344
11461
10114
10398
10720
10504
11024
10205
11652
11545
10696
10356
10707
12311
10957
11185
12313
10613
12512
10778
11251
10963
10989
10889
10880
10840
10725
11061
10650
11333
11611
11120
10620
11208
10575
11699
10430
11942
10992
10825
11207
10550
10730
10087
11993
10403
10526
10325
11443
10873
11686
10369
11423
10474
11938
10313
10787
10809
10689
10629
10896
10761
10412
11926
10827
12002
11352
11115
10570
10624
10890
25951
10973
11404
10597
11981
10898
11157
10805
11568
10478
11289
10423
12520
10486
11798
10498
10663
10462
10376
10654
10799
10533
10436
10618
10345
10797
10375
14141
10497
11597
10610
11457
10596
11708
10703
12544
10741
10888
10904
10772
11136
10628
10532
10757
10674
10288
10965
10464
10360
10446
10300
11022
11200
10856
10830
27388
10686
10834
10401
10614
10634
10655
10752
10930
10906
10741
11090
10608
10821
10721
10586
11354
10783
10524
10716
10937
10375
10558
10686
10813
10479
25569
10551
12274
10531
10437
10721
11131
10614
10392
10642
10728
10534
10360
10685
10689
10722
10383
11119
10662
10365
10161
74859
10465
10475
10361
10481
10541
10557
10649
10823
10654
10456
10672
10626
10518
11177
10565
10666
19167
10545
10425
11016
10776
10395
10433
11154
11300
10222
11193
10481
10736
10700
10423
10590
10591
10545
10511
10674
10734
10628
10426
10548
10917
10614
10574
11078
10810
10703
10705
10911
11438
11005
10310
10760
10565
10677
10986
11277
11023
10801
10710
10650
10381
10583
10608
10432
10426
10599
10781
10800
10668
10677
10666
10536
10257
10926
10407
10797
10514
10655
18489
10856
10695
10704
10470
15192
10628
10641
10442
10634
10359
10581
10671
11366
10926
10420
10916
10370
10456
10490
10680
10827
10180
10596
10842
10901
11171
10657
10531
10523
10440
15745
10932
10645
10256
10652
19161
10472
10439
12025
11571
11471
11946
12093
10727
11260
11043
11407
12017
11367
11758
11161
11359
10612
10271
10913
10646
10797
14923
14167
10674
10692
11392
10543
11342
11067
11607
10946
11481
11166
11024
11350
11069
10446
10613
11929
11733
10511
10918
10912
11023
10386
10923
10800
10607
10840
10961
10753
10775
11293
11195
10869
10865
10949
10491
11272
11076
10678
11277
10659
10696
10447
10695
10729
10604
10418
10607
10366
25263
11179
10791
23361
10378
10517
11033
10797
10561
10350
10946
10682
10953
10496
10969
10665
10519
10470
10555
10359
10624
10458
10635
11105
10792
10928
11079
10740
10509
10339
12064
10593
10662
10624
10205
10602
10592
10886
10529
10258
10860
10756
10529
10427
10765
10943
10675
10459
10675
10999
11061
10560
10839
10764
10660
10464
10561
10667
10658
10508
10752
18934
10696
12045
12416
12300
10610
10416
10559
12161
12103
11895
20276
12104
12168
11728
12000
12810
12083
12121
12768
12271
13251
14944
11986
11938
11923
11767
12030
12994
12011
11805
12846
12282
11929
12074
11928
12079
15850
12683
12045
12145
12001
11930
12016
20205
12161
11814
12034
12472
12128
12064
12049
15020
12125
20104
12901
12013
12327
14093
12625
12251
12632
12589
12608
13215
13918
12934
19251
12745
13104
12065
12057
12046
12195
12057
12451
19557
12126
12207
11741
12297
12247
15875
12082
13216
12607
12127
20384
11792
12152
12528
12463
12803
11947
12316
12253
11730
15680
12555
12648
12269
12551
13861
13231
12033
13333
12455
12647
13266
13008
12058
11984
12582
12489
12498
32355
12530
11919
12977
17333
12414
12255
12184
12370
11758
12308
14242
11883
12169
12766
12369
12136
12248
11970
14536
11964
12875
12075
16722
12610
12312
20086
11898
11840
12038
12195
12711
11946
12206
14183
11850
11858
12317
11901
12074
11776
12891
12163
12299
12211
12212
12002
11838
16835
14441
12313
12888
11982
11895
12288
11986
11911
12145
13480
12818
11985
12093
12064
12065
14838
12233
12488
11889
13031
12034
13454
12924
16643
12041
12134
12838
11812
12096
12871
14405
11868
12050
12168
12018
12191
12839
12158
11762
11817
11897
11901
11804
12031
12021
14343
12734
12069
12062
13150
12240
11833
12311
12672
12289
12651
12165
11982
11994
12179
15395
11856
11941
13064
12606
12038
12535
12065
12033
12104
12715
17557
