504111
562459
551200
480669
597417
354669
379816
300624
160507
148518
300653
153406
284651
151112
104685
104966
157174
104072
104571
103126
102007
102710
102612
102304
103734
103506
102478
117895
103629
106896
501621
165501
101644
100034
114132
117117
102081
102638
105670
104058
101245
102670
1379932
115202
96515
94397
96983
94858
103821
94100
94022
95435
93857
110385
94831
94292
105631
94639
118215
95486
94392
107637
97770
95483
94903
156467
94693
94316
95108
94151
94988
94350
94407
94137
93563
95466
93608
94389
105930
91765
94458
94843
94285
93708
97313
90636
93929
94058
95341
93874
156281
101346
85982
102647
85115
83705
83731
83327
120775
81232
82859
109348
83092
95669
83423
83080
85417
82691
85282
81076
79095
96836
82954
507639
89977
84351
87692
83059
81948
83296
85745
87586
92784
94606
79974
82823
82908
85893
87289
85329
83190
97972
82942
82977
82762
83814
96011
83643
83298
84093
84868
100874
83125
84022
82946
83597
96839
84720
84037
85878
84930
84229
111681
88851
679344
89805
89357
84153
84084
83803
82924
83534
88078
84466
95962
82651
83262
64414
46487
41674
41696
41037
41255
40391
40757
40680
42870
40715
42539
41286
40469
41078
43998
62203
24506
3830227
26502
25974
24724
24637
24460
25216
24492
24668
24404
24957
24507
24294
24005
23898
25057
23929
23923
24195
23935
24098
23897
25956
25647
24509
24396
24495
24530
26289
24065
24170
24283
24072
24028
24061
24019
24032
25010
23963
27844
26212
25114
24366
46789
24025
24606
23995
24927
25399
25596
28456
46395
25738
26704
25856
25286
39987
25657
26090
27969
38855
26113
25445
26641
25589
26830
25191
26151
24147
25057
24757
24880
24576
24431
24993
24323
25464
37673
24351
24062
24334
24240
24239
24369
24527
25354
23451
23558
23380
24319
23374
36758
49914
37377
37881
24169
24739
24897
26401
24529
24212
25535
24275
24236
25521
25130
25147
39056
25175
26496
35747
24870
24754
24671
24483
24829
25584
24776
24823
24954
25649
24567
24786
24438
24641
24494
24616
24426
24567
25477
24477
25021
24938
24939
24914
25002
24766
24766
37705
36888
23464
23585
24222
24449
24065
24344
24290
25353
24136
23153
23364
24285
23336
23191
23985
23714
23983
24712
23462
23796
37018
50104
23623
37291
23926
23847
49166
48408
23322
24202
23294
23123
23408
23698
25001
23983
45550
23943
23722
23750
25365
23946
25008
23775
36903
23908
23942
36191
23122
23190
23230
24310
23126
23112
23206
24107
23904
24060
24109
23758
24650
23796
23870
23737
26411
38685
25623
24925
25629
25024
25565
37840
25819
25359
25372
24718
25171
24608
38428
39198
25593
24613
26520
37917
25401
24710
40166
25533
25519
24954
25128
39274
25375
24785
25577
25697
25359
24555
27202
24763
25305
24125
24791
24035
26720
37620
25487
25923
25553
37015
24577
24114
23806
24034
25135
24261
24927
25783
24963
37564
24771
40465
32796
24194
24636
23864
27158
37295
24450
37631
24390
23515
24605
23840
23687
24194
23666
23152
23731
23834
23580
23214
24034
22913
23509
38651
24266
35841
24754
23223
23583
36169
36798
23369
23857
23549
23688
24891
38058
24172
25176
24338
24602
24168
25167
24647
26264
24932
25532
24085
25887
24091
24762
38030
25720
24591
25261
36680
24663
24993
39270
25977
25868
25001
25546
24567
25812
27131
37231
25962
24882
25462
24980
25470
24701
24623
24914
37648
37185
25308
24289
24690
23995
24829
38430
37359
22508
23654
23121
23637
23294
23696
23431
23976
23130
36585
23113
43000
24733
24340
23773
24466
24611
26662
25604
26808
25886
29551
25091
24399
23669
36883
23529
23973
23933
24579
25214
24272
23892
25025
23842
24732
24241
25204
23722
24536
23513
24230
23723
25432
23073
24404
23797
24587
23584
24363
23734
24250
24750
37491
24452
38176
24175
25411
24737
50833
25136
26417
24931
25483
24783
26689
24819
25296
25909
25355
36825
25312
24648
25445
25486
25329
24459
25379
24697
25243
24700
37600
24128
25461
24889
47446
38042
38483
24718
25476
24755
25251
26259
25626
25214
38845
25601
25130
23673
24444
24100
23547
23817
24264
36113
25744
23708
24425
23056
24588
23721
37783
23507
24387
24351
25233
23810
38030
23989
24613
32465
24568
23982
24804
23664
24165
23755
25264
23875
24162
23662
24350
23687
24395
23722
24204
24566
24513
24984
24778
23876
24553
23791
24761
23884
24375
30491
42463
36824
25405
23903
24331
23843
24537
24668
25856
24630
25192
46866
38063
24783
25775
24987
25323
24400
25446
24993
26157
24788
25534
24662
26785
24614
25281
24505
25516
24424
25072
36567
38120
25428
25176
24581
25126
24450
25955
24639
25671
24557
39462
24263
25433
24504
25539
24879
25080
24723
25094
23455
23435
23746
23694
24554
23635
23817
23531
23808
22973
22730
23279
35795
23835
36062
22995
23907
22948
22831
23081
22998
23307
24409
35922
22975
22921
23163
36049
23478
23205
23046
22779
23061
23134
23040
24021
23131
23114
35880
25338
23649
23792
23525
23908
24632
23359
23821
23691
23692
23186
23656
23647
23411
24985
23610
37015
23501
26532
24663
32777
24684
24749
24804
24539
25004
24636
25714
25282
24562
24691
24633
24528
38279
24332
24760
38104
23704
23986
23866
23840
36403
24119
23891
24142
23493
36470
23943
36409
24750
23857
23919
24147
23694
23758
24564
24727
24584
25631
24589
24681
24919
24864
24390
24519
26507
25256
25049
24106
35796
23174
23348
23838
25110
24434
23737
24110
23598
24525
24157
37986
24018
23940
23961
23880
25001
23884
23909
26080
24862
24163
23684
23537
23857
23381
23886
23625
24261
24476
23605
23987
23515
23368
23819
23708
23576
23588
23487
23355
23659
23326
24161
23439
23587
23474
23541
23338
24223
24247
24198
25721
24096
24794
24027
37763
24656
24597
24950
25282
38092
24772
24465
24522
27147
24918
25556
24972
24957
24359
38996
25184
24774
25578
24672
23702
37473
25201
24602
24690
24451
24669
25372
24621
24704
24656
24448
24470
24779
24240
24887
25087
24615
24063
23719
24665
23723
23673
23608
23684
23670
23819
23333
23795
24241
23805
23890
23718
23673
23410
23555
23599
23772
25746
23479
23792
23823
23578
23491
23353
23738
23546
23399
23840
23440
23357
24424
23365
23701
23487
23592
23951
23782
23737
24111
25615
24620
23566
23537
23541
23413
23880
23776
24036
24612
23677
23499
23576
25938
24743
24950
24692
24886
24820
24635
24666
25367
25701
28017
27347
24715
24477
24358
24943
37297
24662
25517
46955
25397
37544
24731
24370
24849
24985
24691
37953
24750
37308
23670
25211
24978
23709
24555
25674
24548
24738
24682
24508
25400
37155
24393
24554
24471
23525
23765
23463
23690
37265
23099
23037
23068
22866
22844
22780
23075
23131
24694
23223
22719
22839
23649
23236
35587
23044
23985
24503
24610
24996
24354
24727
24039
35798
37584
27164
22861
22787
23758
23953
24638
23452
24004
23619
23627
23555
23720
23479
24017
23790
24403
24540
23578
25172
24067
23848
23663
23698
23946
23515
24226
23872
26824
25039
25608
38820
22705
22526
22027
22136
21771
22109
22664
21977
22169
21540
21662
21488
21948
34885
22151
21821
35247
21453
21247
21065
20882
21147
25577
25183
38024
25791
25619
25430
24777
24970
23692
25235
23745
24437
23765
25225
24063
24663
24437
24252
24034
24572
23909
24519
22755
22661
20656
20644
21497
21884
21132
21009
21257
47811
21136
21232
21228
21614
21259
21401
33630
33635
21051
21112
21128
21192
21311
33676
34552
20593
33848
21217
21818
20941
22515
21823
34257
21136
34671
22187
34783
35004
21687
22513
21834
22424
21819
21911
21972
22155
22094
21996
24839
21910
21734
22191
21950
22020
22101
34718
21876
22176
22464
22499
21609
22038
21926
21582
22002
22145
21506
34584
22436
22951
22436
22450
34761
22534
34914
22469
21865
22056
34994
21665
35074
21019
35607
20914
22032
22772
22061
22090
21983
22004
22075
21574
29248
23896
23152
28988
24825
25078
25450
25050
24721
25720
24930
25636
24420
25361
24640
26562
24562
25040
24624
25222
24105
24260
24252
26597
24466
24353
23472
22232
23090
22542
23089
22729
23342
28605
24541
22898
22569
22416
21802
23484
22020
21786
21971
21894
22761
22002
24597
21886
23359
24109
21764
22001
23698
21630
21824
24168
21750
24178
21335
21815
22532
24932
23451
22847
22574
22842
23669
22480
21469
38758
22705
23213
22459
23074
22973
22231
21991
21983
21822
22214
21942
35494
22029
22109
21936
21856
22486
21857
21866
22152
34834
21888
21320
21005
21084
21017
21034
21360
35629
22035
22318
22222
22359
36744
34850
35953
21763
21213
21458
33471
21042
21346
21103
35905
21895
48973
22049
21429
21885
22220
22159
22563
22189
22257
22069
34675
21927
22049
22063
21923
22045
21589
21703
24948
23244
22574
21298
21592
21387
21492
34002
21341
21438
21912
101378
27683
24713
22145
22115
34978
21098
21379
20996
21348
21275
21178
21132
35668
20993
20923
48643
22040
21512
21370
21260
35939
21483
20988
21253
20888
21269
20954
21219
35263
21485
21067
21084
21217
21003
20707
34370
20959
20802
21028
21848
21157
21349
20916
41996
21257
21002
21037
21028
21279
21017
20906
34081
21053
20970
20990
20875
21000
22719
22005
21734
20877
21773
34245
21369
21039
21244
34528
20920
20865
35002
21299
35256
22354
36046
22145
21880
22142
22052
22270
22039
22997
22345
21875
22101
24159
22400
22462
23259
22615
22475
22739
22906
22789
22024
22281
22348
22822
21925
21938
22345
22078
21999
22466
21896
22413
22586
22407
21688
34896
22552
35121
22904
21527
40208
24501
34960
38169
21835
37432
22145
33312
21182
20953
21151
21350
36045
22374
21384
21597
21806
24295
21635
21751
21761
21739
22164
91127
21820
22006
21774
21923
21819
21837
21740
21537
21934
21783
21644
21781
22110
21926
21998
21784
22220
22013
21599
21768
21856
21433
21577
21909
21615
21602
21505
21956
21686
21698
21515
21756
21507
22001
21440
21615
21695
21450
21789
22537
21821
22653
22811
22704
22558
21669
21540
21799
22995
23524
21821
21946
21834
21772
21500
21599
21812
22407
22423
21866
22128
21986
24110
22117
22300
21986
21858
21553
21469
21425
21553
21693
21564
21844
21652
21804
21422
21424
21341
21383
21654
21488
21669
21468
21460
22160
21596
21546
21434
21526
21456
21312
21363
21427
21683
21435
21930
22188
22495
22190
21948
21277
21706
21262
21328
21400
21388
21250
22306
21607
21855
21685
21505
21575
21783
21566
21602
21645
21627
21669
21543
21257
21425
21680
21530
21235
21632
21444
21450
21632
21739
21795
21614
21788
21583
21533
21542
21644
21461
21235
21502
21435
21531
21339
21462
21686
21309
21588
21500
21507
21081
21413
21401
21486
21928
22660
21592
21781
21619
21679
21597
21717
21810
22396
21609
21897
21298
21697
21441
21783
21523
21634
21459
21792
21483
21750
21672
22099
21822
21589
21756
21402
22194
21848
21651
21544
21595
21656
22513
21790
22578
22306
21590
22290
22134
22644
21449
21716
22116
21713
21819
21381
22151
21579
21634
21650
21596
21859
22110
21893
21759
21624
21920
21817
21926
21854
21786
22215
21946
21369
21815
22256
22448
22445
22067
22044
21892
22006
21606
22009
21786
21664
21784
21457
21414
21502
21421
21223
21723
21453
21346
21190
21620
21463
21467
22670
21731
21984
21820
21695
22158
21838
21798
21948
21704
21522
21544
21639
22210
21708
21510
21712
21537
21642
21579
21662
21553
21842
22330
21753
21774
21763
21611
21698
21708
21950
21605
21285
21392
21276
21317
21549
21432
21280
22099
21775
22727
21938
28455
23236
22710
24125
22592
21939
21635
21922
21581
21849
21779
22177
22029
22986
22553
21835
22444
22616
21670
22274
21662
22079
21871
21916
21585
21566
22404
21588
21594
21547
21532
21373
22055
21502
25097
24557
24532
22532
21437
21986
21627
23051
21867
21761
21691
21588
21143
21470
21569
22896
21780
21697
21752
21603
21674
21444
21600
21488
21988
21834
21545
21434
21446
21700
22856
22166
21908
21628
21441
21739
21662
21652
22158
21938
22034
21798
21528
21603
21575
21391
21836
21490
21565
21540
21625
21586
21429
21444
21402
21417
21675
21854
21923
21583
21525
21902
21796
21388
21892
21974
21619
21529
21715
21787
21846
21524
21504
21868
21505
21407
21726
21752
23255
21922
21638
21833
21572
21642
21917
21721
21811
21637
21485
21778
24332
22257
21777
21736
21742
21749
21226
21903
21674
21397
22606
22072
21777
22462
23075
22671
21980
23329
22479
23314
24475
23363
22279
22442
22141
22185
22045
21394
23423
22558
22738
22549
22158
22977
22309
22135
21433
23657
21687
22677
21448
21570
22017
23552
21436
21536
23535
21169
21349
21411
21645
24046
21203
21452
22506
21516
21311
21561
23357
21423
21333
21544
22901
21735
22063
21757
23496
21686
22137
23016
22233
21771
22023
23025
21759
21813
22867
21453
21582
21887
22823
21605
21726
22007
23548
21929
21842
21195
21620
21351
21610
22241
22324
22461
22604
21146
21750
21498
21267
21481
21508
21540
21369
21562
21529
21760
21401
21391
22467
21742
21814
21875
21661
21547
21356
21722
21525
21643
21697
21468
21739
21632
21512
21322
21515
21634
21555
21465
21550
21558
21403
23497
22334
22009
21759
21782
21910
22144
21569
21521
21653
21202
22034
23186
22442
22209
21626
21476
21633
21318
21473
21925
21749
21326
22372
21743
21622
21877
21679
27740
21581
21841
21739
24673
21737
21408
22212
21705
21474
21423
21658
21573
21489
21307
21498
21678
21534
22253
21393
21404
21519
21585
21417
21267
21539
21299
21561
21598
21988
21527
21503
21822
21701
21576
21460
21686
21546
21581
21677
21373
22234
21681
21755
21804
21612
21553
21537
22149
21826
21453
21477
21881
21728
22015
22511
21692
21825
22147
22310
21875
21700
21898
22802
27384
21860
22184
21820
22106
21793
22161
23156
23260
22983
21522
21456
21249
21698
21444
21223
21391
21341
21522
21207
21292
21320
21611
22195
21818
21540
21674
21879
21867
21489
21574
21500
21615
21404
21355
21734
21713
21263
21608
21720
21861
21390
21737
21575
21863
21683
22224
21678
21556
21963
21595
22307
24854
23390
21781
21476
21645
21526
21335
21397
21243
21575
26367
21738
21417
21669
21339
21391
21331
22195
22858
22374
22086
22247
21604
22147
21860
21342
21797
21849
23365
22113
22266
21809
27233
25408
25380
22240
23790
24273
24061
23609
128964
21764
23638
21991
22017
21972
21462
21492
21579
22031
22477
22624
21837
21621
22963
26305
22103
21958
21869
21839
22111
21589
23754
24703
22520
22266
22061
21794
22732
21404
21711
21795
22240
21243
21583
21558
21778
21581
21583
21471
21530
21154
21315
21609
21444
21578
21420
21513
21470
65013
21461
21427
21591
21561
21076
21438
21280
21518
21744
21309
21203
21447
21430
21219
21294
21436
28702
21353
21336
21515
21644
21581
21219
21528
21542
21453
21935
21358
21416
21605
21177
21314
21726
21370
21460
21366
21527
21395
21173
21491
21547
21796
21833
21596
21470
22329
22411
22105
21834
21281
21299
21480
21378
21294
21431
21388
21596
22494
21670
21546
21628
21682
21563
21611
21234
21979
21588
21497
21685
21627
21488
21694
21468
21599
21705
21426
21434
21388
21730
21333
21520
21354
21669
21526
21508
21416
21466
21326
21486
21671
21500
21540
21243
21502
21435
21392
21739
21686
21510
21499
21569
21468
21333
21643
22017
21286
21307
21540
21547
21407
21537
22030
21598
21483
21567
21574
21473
21499
21328
21428
21387
21501
22788
22377
21443
21466
21615
21395
21737
21583
21578
21406
21308
21630
21539
22798
21474
22474
22852
21568
22325
21869
22403
23189
21991
21987
22374
22329
21761
21994
22165
23733
21826
21912
22642
22501
22622
23747
23522
22284
21397
21963
22750
22010
21977
22369
23223
22225
21646
21523
21507
21489
21656
21645
21828
21741
21391
22890
21614
21376
24624
21336
21277
21241
23436
21476
21678
21854
22598
21472
21602
21548
23166
21294
21200
21257
23081
21411
21432
21489
22258
21248
21233
21722
22778
21686
21515
21346
21231
23264
23217
21383
21414
22597
21851
21291
21344
23667
21411
21691
23323
21646
22164
21644
21869
21824
21607
21648
21685
21276
21425
21118
21516
21338
21383
21353
21291
21336
21330
21471
22053
21261
21259
21343
21488
21726
21345
21279
21258
23309
21834
21388
21304
21238
21571
21518
21332
21752
21295
21535
21563
21581
21695
21444
21462
21602
21511
21282
21286
21353
21564
21425
21705
21610
21513
21523
21485
21678
21655
21802
21537
21585
21215
21846
21848
21506
21534
21454
21458
21450
21391
21485
21628
21668
21321
21523
21551
21760
21650
21689
21646
21868
21470
21494
21416
21304
21343
21598
21768
21417
21710
21603
21290
21361
21055
21332
21067
21728
21664
21412
21706
21453
21611
21557
21859
21203
21477
21395
21401
21535
21439
21492
21485
21408
21328
21509
25239
21273
21222
21458
21357
21706
21446
21546
21489
21536
21717
21425
21656
21850
21443
21613
21628
21525
21979
21519
21407
21649
21349
21215
21548
21984
21410
21644
21680
21516
21335
21480
21421
21504
21524
21650
22094
21760
21775
21486
21466
21513
21721
21481
21432
21868
21801
21872
21454
21678
21307
21346
21639
21633
21533
21790
21590
23006
25542
23553
23279
22124
22123
21496
21803
21913
21718
21283
22014
22076
21786
21477
21803
21567
22441
21436
21475
21405
21451
21351
21578
21455
21349
21616
21253
21492
21616
21574
21351
21376
21331
21443
21359
21408
21277
21218
21303
21281
22464
22195
21497
22882
21489
21467
22042
26368
25214
24491
22623
22623
21750
21458
24184
24497
21991
24118
21518
22112
23358
21349
22435
22154
21489
21891
21551
21666
21481
21702
34759
21862
21653
22117
21983
21719
22014
21665
21842
21440
20978
21514
21733
35202
35752
21740
23427
34086
21385
33785
21124
20811
34141
21644
21557
21633
21832
21824
22046
21809
22043
22326
21966
21697
22014
21655
22068
21706
21728
21708
22115
21804
22307
21802
21705
21629
21987
21932
22063
22336
22583
22101
22240
22180
26553
21274
21228
22511
22044
22514
21788
48847
21521
20863
20900
20559
22885
23044
22591
21993
22366
35529
21248
34196
21114
20862
21128
20962
20784
21093
20839
20978
20842
21394
21374
21763
21489
21751
21533
21849
21648
21594
21473
21563
33967
20752
20781
20762
20976
21031
20950
20853
20650
20823
21082
20750
21014
20936
20787
34542
21302
21333
20907
20926
41049
20787
20825
34618
21457
20970
20848
20781
20989
20898
21313
34684
20970
21008
21000
20878
20750
21122
20862
22090
33736
20789
21095
20924
21025
20989
21531
21896
21795
22050
21960
22142
22240
21922
21870
21840
21833
21746
21561
23188
23008
20827
21873
21892
22149
21808
21949
21941
21883
21684
21062
22876
35124
21182
21922
21952
21743
21743
34901
21872
34869
21920
34704
21647
34666
21674
34687
24055
21666
22300
22483
23233
22787
24642
25131
24497
23048
22543
23778
23057
23362
23965
22916
22842
22950
23219
34905
23512
22990
23223
22836
23631
22656
23798
23511
22578
24524
23259
22166
21746
21455
21543
21336
21858
23731
21947
22406
21343
22243
24295
21012
22010
20731
22401
20545
20970
40485
23468
21226
36830
20840
20890
20867
23021
21060
20955
22351
22490
34203
20899
21927
20885
21708
20767
21113
35218
21492
20805
20681
35276
24932
22876
21554
22936
21815
21889
22993
22445
21321
21931
24037
21745
35384
22978
20925
20724
20621
20722
34731
21394
21189
20780
20842
20820
20800
20768
21704
35101
21202
21347
20949
20962
21445
21076
21985
22133
35296
20756
21063
21662
21050
35775
21041
20893
21128
21116
20960
20779
20883
34648
21522
21547
21182
20745
20793
21320
20773
34491
20852
20817
21219
20697
21022
21079
20483
20630
46484
20877
21280
21153
21037
21034
21047
35116
21606
20762
21365
34223
21397
21248
21372
35757
20988
21037
34034
34357
21519
21507
21173
47149
21168
21147
21270
21130
34180
49854
21243
34603
20846
21107
20408
21170
21168
21619
25315
21737
34952
33669
21298
34614
21396
21151
21633
47425
46483
35643
21824
21034
21597
34456
21091
21168
34039
46832
46782
46871
22240
35215
22206
34797
22128
22013
22623
22339
22080
22259
21923
21726
21765
22383
34373
34383
21906
22301
21879
88001
25411
21827
21671
21675
22048
21350
21667
21668
21536
21329
21482
21287
21690
20899
21184
21029
21890
22036
22323
35669
34343
102249
21121
22124
22668
34869
34175
21607
22001
22260
21573
22055
22202
22162
21758
21647
21797
21560
21782
21440
22125
33970
21208
21327
33703
21142
20894
21118
20996
21648
21978
21717
22270
22054
22297
50204
35894
20796
20853
20812
20790
21020
35868
37326
21833
23816
21981
21802
21776
22115
21852
34743
21377
34488
22005
21756
21708
21752
22268
22531
22509
22000
22073
21886
21570
22057
21573
22555
21894
1578577
36357
23108
22375
22405
21969
21809
22112
22075
21782
21973
21993
22347
21815
22199
21946
21689
21889
20826
20819
20929
22042
21664
20899
21124
20898
21083
20839
21022
20797
20800
20757
20755
20698
21020
20957
21078
20909
20904
20990
21158
20989
21082
21434
20649
20745
20783
20798
20956
20885
20833
20724
21100
20875
20883
20864
20874
20845
21041
20616
20896
21091
20939
29630
21421
21008
21085
21343
20809
20701
21096
23580
34766
21692
21810
21460
22533
21229
21368
20910
20958
35004
21263
36347
21941
22122
23299
22179
21908
49361
22512
22588
22273
21072
21030
21062
21101
21142
21390
33843
21218
21126
21482
21222
21812
21064
21571
21749
35332
23275
22070
21684
21303
21417
22079
21713
21529
21897
21978
21860
22471
21039
20823
20869
21119
49694
21266
21889
21162
21333
20835
20896
20921
21032
48878
20691
20794
21104
33903
20946
20957
20785
20807
35006
21009
20999
21055
21082
20923
47395
21160
46744
20632
47989
23797
22285
24604
21942
21778
35181
22980
21809
22279
21806
22425
22134
23223
23153
22632
22182
22695
22441
22292
24766
22650
22883
22900
22342
22338
22110
21890
23345
22219
23126
22623
22020
22245
21589
21664
23006
22747
21117
21262
21462
21913
26511
21117
22208
22154
22564
24317
24019
24411
24723
22019
21981
25154
25684
24710
24692
24473
25343
24951
24786
24592
24555
24626
24513
24615
26668
25395
24309
24658
24524
24529
24506
24690
37864
24352
25306
24477
24583
24984
25078
23914
23702
28803
22769
22776
50666
23778
36429
24105
22899
22972
22736
22684
22911
22806
37794
23493
24447
23628
23414
23597
23632
22564
22743
23802
23749
23472
37588
23961
23406
24358
23325
23506
23472
23518
23575
23588
23560
23566
24211
23452
23546
23424
23489
23356
23486
23428
23250
24171
25899
23996
23732
23663
23398
23222
23408
23377
23500
23170
23584
23474
24383
23326
23600
23568
24060
24534
24818
24614
24659
25175
24421
24683
24426
24575
24635
24587
24488
24267
25004
24413
24547
24461
25159
24293
24449
24300
24381
24406
24370
24092
24501
25232
24039
24132
24316
24513
24402
24439
24369
25114
25376
24305
24293
24467
24351
24318
24277
24265
24398
25104
24453
24428
24356
25144
24252
24396
24334
24350
23846
23549
23402
23445
24197
23387
23552
23497
23310
23436
23468
23571
23397
23912
23336
23543
23394
23322
23493
23565
23387
23351
23277
23662
23351
23628
24133
23549
23403
23241
23667
23421
23272
23381
23365
24655
23263
23405
23452
23610
23561
23515
23542
24126
24981
23376
23719
23430
23237
23359
23667
24120
23707
25072
25211
25335
24422
25911
34961
25132
24525
24895
24550
24903
24340
25253
25093
25053
25013
25373
25021
25556
93502
25472
24371
25881
26310
27968
25962
26333
25294
25327
24469
24981
24983
25012
24564
25285
25458
25200
24646
25313
24469
25139
24545
25083
25096
27323
24597
24891
24487
25326
25534
25481
24719
25313
27341
25104
23964
24263
26605
25257
24495
25008
23991
32876
23252
24307
23440
25068
23408
24279
23645
24282
23652
24291
23429
24326
24302
24658
23816
24078
23603
24564
23278
24360
23478
24195
23592
24106
23375
24693
23632
25062
23548
24305
23384
24089
23419
24366
24065
24344
23926
25347
23504
24135
23399
23867
23654
25074
23775
24110
23730
24239
23423
24300
23382
24350
23612
24238
24685
25623
25417
25453
33240
25225
24518
25282
24201
25300
24519
26208
24380
25084
24425
24930
24519
25215
24419
25057
25021
25351
24646
25202
24971
25112
24636
25169
24469
26031
24190
25091
24084
26779
24241
25007
24414
24879
24350
25406
24188
24835
25065
24782
24617
24990
24545
24816
24322
25245
24224
25419
23669
23822
23456
24806
23609
24046
23329
24043
23380
24276
23904
30964
24700
24083
23438
24574
23382
24128
23518
24238
23848
24871
23677
24077
23875
23990
23516
24416
23402
24234
23619
24200
23959
24573
24417
24178
23859
24147
23459
24128
23298
23937
23680
24847
23631
24254
23692
24303
23530
24144
23424
24149
24114
24133
23515
24307
23904
24234
23573
24112
24726
25362
24816
25879
24792
26417
25302
25251
24618
25024
24627
25302
24553
25175
25201
25359
24431
24940
24511
24978
24927
25367
24371
25785
24450
25001
24546
25462
24559
25092
24255
25029
24545
25018
24653
25065
25044
25099
24325
24975
24627
25208
24891
25101
25027
26066
24830
25319
24370
24933
24808
24944
23549
24245
23482
24243
23632
24499
24075
24179
23441
24025
23556
24089
23422
24155
23749
25058
24001
24142
24011
24586
23583
25221
24507
24679
24894
24629
23889
24844
23608
24157
24121
24466
23903
24536
24054
24692
23599
25698
24018
24466
25403
24810
24345
24449
23849
24163
25437
24954
24319
25471
24886
24865
23890
24315
24549
26218
23852
24135
23877
26788
24897
26000
25086
25918
25638
27575
24867
25854
25225
24875
24534
25297
24604
25594
25043
26511
24976
25938
24521
25268
24449
25486
24532
25052
24920
25594
28349
26492
25259
25805
25045
25330
24444
25389
24670
25073
24488
25554
25338
27004
25975
25425
24850
25614
25308
25857
24636
25761
26524
25081
24516
25041
24732
23787
23664
23600
23671
23593
23623
23722
23433
24467
23698
23849
24041
23681
23876
23498
23533
24189
24250
23747
24750
33811
24142
23832
23846
23918
23985
24661
24128
23785
24950
23598
23822
23761
23760
24606
24165
23605
23804
23505
24703
23647
23506
23694
23366
23432
23712
24081
24122
24923
23817
23825
23964
23618
23464
23711
23587
23447
40445
24143
24031
23592
24730
23850
25605
24862
25375
25270
25453
25102
25466
26405
24580
25118
24691
24378
24442
25133
24735
24789
26263
24611
24801
25668
25479
24996
24551
24499
24587
24507
24639
24380
24890
25275
29324
24949
24509
24522
24617
24498
24543
24604
25220
25056
24813
26174
24291
24518
24626
24857
24375
25518
24523
23620
23525
24410
23806
24056
23591
23904
23584
23987
24409
23579
24386
25994
24636
24927
24103
23865
23727
23633
23910
27595
23910
26545
25384
25091
24375
26025
25656
23631
24034
23722
23714
23507
24472
23722
23731
23606
24091
23315
23707
23296
23598
25020
24246
24006
24248
24251
23790
24354
23638
23625
26585
26569
24379
25861
24476
23942
23914
23780
24086
25165
24942
24984
26737
26718
24752
24793
24292
24760
24789
24670
24659
24754
25668
24520
24857
24301
24486
24317
24395
25036
24990
26055
24860
24557
24710
35557
24422
24391
24157
24166
24369
25857
24659
24977
25614
24709
24642
24851
24768
24503
25216
24751
24646
25485
24630
24778
24928
24728
24427
23463
23705
23549
23324
23686
25833
24090
24037
23474
23894
23299
23469
23648
23669
23497
23744
24351
23584
23417
23417
23874
23721
23446
23244
23551
34587
23577
23749
25170
23601
23743
23792
23603
23678
23656
23572
23602
23846
24837
23513
23564
23718
23640
23623
23408
23717
23620
25264
23711
23709
23884
24155
23466
23552
23966
23888
24610
23560
23448
23653
23545
24199
24392
25367
24567
25508
24632
25187
24899
26484
25039
25176
24525
25045
25171
25833
24626
25122
25046
25338
24518
25149
24801
25556
24835
35305
25034
26374
24403
25328
24805
25868
24352
24877
24841
25144
24282
25008
24688
25112
25731
25308
24578
25140
24656
25047
24848
25303
24787
26267
24803
25686
24481
25383
24753
25157
25530
25051
23534
24282
24014
25038
25476
24725
23763
24455
23687
24526
23682
24228
24197
25545
23442
24956
23625
24602
23663
24135
23686
24433
24784
24594
24182
24707
23827
24119
23924
25130
23601
24204
23505
24121
23877
25206
23678
24332
23507
24354
23707
24747
23857
25396
25065
24275
23757
24083
23725
24417
23772
25141
25228
25371
23862
24139
23678
24536
23855
24878
24206
25053
23726
24436
23758
25664
27390
27109
25287
25710
24940
26816
25640
25166
24746
25699
24926
25357
24626
25153
24463
25279
24296
25056
25000
25214
24344
25095
25030
25067
24159
24996
24520
25145
24283
25235
24445
25992
24804
25258
24574
25173
24369
25090
24371
24872
24879
25005
24627
25125
24382
24858
24366
25393
24564
25716
24559
24920
23517
24798
23469
24293
23617
24299
23382
24432
23489
24133
24445
24030
23570
24040
23444
24081
23763
24135
23480
24953
23696
24530
24041
24230
24021
24665
24818
24665
23498
24107
23686
24493
24644
24128
23482
24069
23363
24237
23415
23906
23635
25087
23790
23978
23397
24251
23388
24118
23391
24005
24190
24011
23529
24110
23539
23731
35723
23660
23130
23616
35766
23760
23557
24935
24002
24822
23932
24993
23999
25669
36940
24717
37561
24812
23955
24585
24643
24599
24004
24716
23896
25587
23705
24591
24056
38620
36515
24540
23777
37157
23800
24519
24022
24704
24690
24746
23945
24530
23814
1307730
22129
21464
21341
21300
21169
20578
20537
21605
21518
22727
22239
21937
21791
20873
21651
22057
21507
21948
34552
21652
22397
22368
50164
26248
27017
25571
25528
22383
23108
23183
24068
22290
21930
23389
22876
21399
21639
21629
21437
22702
21420
21901
21691
34383
21953
21965
22629
22856
22080
22617
21959
22718
21816
25594
22339
22770
23464
23228
23091
22057
22410
21774
21709
21840
34825
21844
21372
21123
33806
21242
21731
21280
22017
21765
21905
21516
22336
21830
34593
21237
34183
21957
21974
34915
21849
21067
21029
34524
21929
21937
21681
22107
22090
22081
22315
21583
22018
21690
21901
22017
22043
22245
21909
22343
21870
22313
21858
22209
22124
21896
34484
34894
22064
21959
21824
22049
23602
21614
34759
34940
22738
36928
22914
40690
25696
23833
22200
24407
22175
22579
21957
22897
22006
21639
34782
22479
22031
34325
23506
35703
22285
34916
21937
21915
22085
22072
22702
22669
34693
22458
34609
22257
35637
21879
21478
22176
35042
22570
34589
22201
34760
21793
21942
21841
21537
22043
22067
21777
21710
21558
22109
22072
21920
21760
21830
21798
22583
34665
22204
21159
21303
21549
21460
22092
21686
22123
21963
22023
34954
21858
22045
22556
22239
22235
22045
22352
21766
22082
21995
22067
21932
22336
21989
21703
22049
22348
21555
22239
22002
21952
21970
21994
21962
22051
22251
21951
21974
34563
21960
21807
22269
21824
22519
22154
48702
34639
35021
35703
21939
22318
22254
23535
21785
21799
22081
22612
21936
22121
22300
22386
21993
22179
37044
24083
24982
39146
22753
37468
22035
22714
21732
22186
34033
21388
23461
36679
23093
23405
37542
22931
21452
21313
21936
21588
21094
21936
21942
21531
22586
21071
21036
21286
21249
37168
34441
21532
20846
22110
22733
21039
22516
23234
22273
22633
22340
35792
22114
21834
21367
23769
21217
21363
21482
21282
20887
20920
20857
22148
34154
21557
20871
21282
20786
20852
22049
20777
35795
49391
21024
20697
20854
21717
20854
21043
48387
21467
36328
21678
21320
21726
22461
22152
22457
21596
22443
21949
22691
21857
22276
22157
22724
21956
22009
21948
21918
21795
22140
21921
34600
22215
21574
21559
21504
21619
21854
22036
21938
22324
22026
22305
21786
21991
21998
34546
21783
34567
21596
21802
21784
21985
21906
21324
21746
21470
21991
21900
21961
34697
23348
21992
37360
22900
22221
34464
21624
34477
22148
34384
21678
21740
21411
21567
33908
22118
21470
21856
22019
21786
22145
21836
21725
22154
21964
22151
21110
21256
21146
34148
21210
21531
21021
33970
21136
21165
21164
21511
21487
21696
21476
21750
21725
21668
21334
21355
21451
21259
34653
34324
33910
26766
70140
21507
34510
34586
21861
22005
21787
21662
21643
21844
21917
33936
33683
21402
21555
33780
21649
21000
34293
35834
22447
33724
21333
22028
22123
22310
34278
21973
34583
22017
21764
22164
21723
21727
34907
21840
22199
21937
35045
21685
21747
21687
21025
21388
21524
21247
33987
21151
21576
46607
21056
21656
21867
21681
21350
34384
20831
62236
21723
21851
22186
21660
36167
21779
22155
21713
21809
23964
21918
22923
21711
21888
22959
21803
22107
21575
22089
21926
22228
22145
24323
22185
23526
21582
35208
22689
21903
21777
22192
24493
22331
22645
22703
25090
25101
22109
22430
22185
22754
22366
21507
21647
22007
22064
21454
22629
21772
21593
21504
21424
30360
21551
21780
21831
21082
20984
20841
21054
21005
21127
20771
21700
22255
22377
22073
22310
21987
22220
21737
22232
34516
22316
34467
22043
36191
24486
22385
35504
22445
78066
22636
22648
22236
22776
22450
22242
21823
22340
21679
21757
21714
21531
35131
21702
22042
21821
22200
21863
22165
22163
22008
21749
21733
21913
22280
21681
22010
22348
24874
22390
21895
22101
22296
22273
21725
22444
21631
22568
22050
22281
23051
33065
24960
21806
22130
21828
21600
21444
21880
22073
34432
21779
21659
21756
22130
21675
21724
21550
22042
34703
22260
22542
34580
21970
34678
21840
21617
21520
21923
22148
21534
21622
21942
21311
21253
21080
34099
21147
20934
20946
34918
34590
22001
21984
21865
21657
21738
21816
23310
34610
21570
34237
34003
22069
21877
33814
21925
21423
21872
21364
21461
21249
33808
33914
21227
21680
21310
21136
21271
33869
21367
34286
21624
21522
33851
21469
21030
21454
21163
21148
33684
21245
21479
21187
21448
21318
33867
22455
22024
34440
22213
22108
21561
21788
21855
22082
22042
21973
22616
37364
22125
34606
22737
22418
34005
21908
21310
22250
34172
22260
33792
22290
22294
22179
22191
22577
22383
21440
38814
23415
21882
23561
23260
23372
22694
23548
24102
24911
22558
26311
22130
34298
21925
22551
21590
22144
23993
21763
22040
21938
23184
23178
22665
22232
22296
24940
22581
22001
22680
21925
25006
21700
22048
22055
24412
21635
22347
21917
24338
22550
35693
21940
34506
20960
21270
33005
33402
20895
33582
21651
21247
23463
21289
34326
25233
22187
33594
21755
21212
21541
21319
22590
22850
34453
22119
21085
21049
22232
21436
21893
21405
21052
34907
21077
34581
22065
21922
22332
22434
22098
22698
20968
20917
20783
20937
20916
20912
21012
34885
21174
21147
20827
20601
20854
20936
21270
55110
34131
21248
21411
34666
22224
22002
22141
21704
21480
21768
21619
21600
21510
21816
21941
21857
22044
22659
22380
22069
22282
22405
21483
22228
22148
22095
21644
22208
22021
22389
21670
21946
21884
22067
21638
21835
22271
22414
22192
22752
21912
22130
23536
23039
22080
22073
21784
21770
22378
22587
22307
22435
22286
22128
22478
22059
21998
21068
21761
21454
21154
21247
21112
21951
21119
21418
21908
21200
20977
20734
20937
21027
20925
20321
20739
20586
21246
21030
20939
20911
21198
20666
20907
20892
20970
20579
21002
21471
20740
20786
21186
20835
20956
21131
20794
20858
21351
20900
21120
21791
20944
20754
20893
20697
20749
20899
20951
20652
20737
21839
21262
21378
21728
21975
22064
23235
22346
22350
22157
23589
23795
23480
22178
21903
21823
21662
21626
22590
24099
22129
22493
22823
23111
22788
22080
21565
21958
22387
22709
23390
24770
22393
24284
22440
22502
21881
22156
21963
22220
22056
21628
22283
22033
21794
22008
21528
21870
22203
22083
21992
21460
21464
21493
21412
22278
21305
21931
21870
21467
21943
21422
22249
23631
23302
22278
21466
22210
23895
26631
26413
25871
21954
22071
22632
21964
25632
21852
22089
22358
23532
21716
21690
22389
22134
22268
22938
22217
22128
22862
21369
21775
22415
23706
22721
22633
23583
24402
21858
22272
23531
23255
23371
22530
22036
21731
22212
21768
21816
21879
22131
22132
22839
22237
21970
21585
22096
21906
22100
21990
22260
21860
21802
22052
21701
21622
21675
21549
22002
22178
21835
21592
21503
21596
21772
22712
21760
21442
22028
24242
23142
22207
21889
21732
22234
22102
21897
22082
22201
22306
22047
22691
22451
22763
22821
22611
22179
22194
22305
21750
21707
21723
21810
21858
22990
23401
22468
21578
22053
21968
21819
21876
21788
21853
22174
21891
22124
23017
22191
22528
21122
20946
21350
21453
34876
20926
21862
21398
21478
34018
21423
21561
21046
21881
21251
21111
20994
21161
21563
20950
21480
21280
56364
33930
21769
21389
21510
21387
21611
21785
34143
21358
22074
21325
22465
21537
21249
21457
21198
21604
21377
21461
21007
21465
21653
21748
33719
21572
21172
21364
21159
21185
22314
21529
21402
21291
34048
21094
21749
21662
21553
50256
49033
35237
22448
22604
23391
23296
22170
21262
35007
22071
22452
34852
22538
23611
23078
22110
21364
43040
22054
21486
21706
21991
21875
21969
21562
22610
21656
21702
34615
22527
35244
22248
36236
24643
21974
21858
24607
22560
26094
22969
35881
22869
22429
23145
35361
23628
24054
23178
22591
23325
22649
22092
22715
22366
22793
22360
23178
22379
22448
35542
22647
22757
22170
21656
21005
20930
20893
21073
21115
22479
20806
20795
20948
21051
21822
20948
24485
21773
34334
22859
23546
20921
24098
23553
21838
21980
21985
22864
23735
22025
22580
34651
22084
21941
22082
23948
22969
21816
22057
34290
22115
21694
25014
22016
21602
21656
23734
22387
22350
24240
22187
21768
22038
21953
23880
36259
22844
21839
21958
22077
34475
21743
34496
22440
23526
22661
35630
22228
22398
22943
22015
22509
22031
22279
21913
22034
21854
22061
22189
21817
21662
22377
22134
22392
22337
21841
22007
21961
22057
21832
22120
22558
22358
35444
22273
21949
21837
21796
34797
22016
22330
34790
22006
34593
22705
34595
21819
34532
21372
34448
21629
22507
21851
22280
21571
22741
22396
34880
22411
22534
22291
22862
22307
35137
22092
22014
22456
42676
34905
22605
24244
22319
21640
35335
22236
21779
22012
21726
21418
21299
21994
21759
21352
21880
21767
21560
34389
21439
21791
21881
21680
21817
22004
22022
22090
22072
22269
22007
21570
22925
22028
22747
22824
36257
22902
22632
22138
22239
21939
21884
21994
35172
21836
22322
21944
47884
35029
22227
34375
34792
22056
21426
22040
22124
21845
29279
47505
34801
22157
21836
21808
21491
21648
21733
21923
21945
23208
22025
21839
21900
22102
22339
21791
22316
22133
21954
21921
22465
23062
22359
35200
22614
22261
22810
25379
22024
22919
22530
23807
24447
24054
21736
22178
36480
22045
22098
21937
22126
21910
34305
22370
35083
21737
34730
22073
34675
21854
21322
21755
21890
21477
22272
43176
22189
21646
21986
21826
22694
21606
22328
21512
22461
21940
21838
21555
22331
22052
21805
22135
22032
21659
21336
21576
22173
21931
21577
22008
21493
21754
21476
21853
23549
21736
22616
22515
22053
35157
22217
21457
21636
22107
21873
22221
22019
21893
22135
22029
22087
22306
22212
22447
21957
22105
34710
22176
34659
23247
22562
22219
34852
22191
23154
21916
23264
22535
23019
22285
22217
21911
35228
22164
35022
22153
22616
23706
22498
22090
34858
22908
22034
22430
34572
21861
34813
22098
34532
22197
22427
22227
21950
22178
21964
22525
22653
22100
22804
21992
34504
21942
21595
21570
22369
21889
21817
21773
22096
22205
35609
22594
23008
22424
22406
34715
22119
35867
22146
35568
21882
21743
21381
21835
21744
21609
21856
21993
21886
21499
21470
21661
21745
21668
21716
21683
21594
21608
21598
21880
21751
21846
21484
21612
21834
21857
21675
21682
22640
21324
21572
20867
21090
21114
21541
20909
21039
21453
21426
21242
20922
20999
21006
37313
21752
21725
22055
22004
21426
21781
35173
21738
21976
21818
21782
21730
22268
21984
21792
21609
22092
21607
21329
22893
35171
21787
22710
21839
22069
22599
21763
21635
21825
22187
21650
21602
22251
22168
22393
21884
21985
21918
22300
21873
22736
22510
21781
22102
22054
22820
22323
21991
22001
22979
22166
22278
22971
22036
24333
22129
22145
22738
22231
23155
23692
25112
22343
21892
22469
22362
22514
22250
21781
22265
22061
21640
21567
22398
22783
22388
22604
21818
21755
21901
21758
21694
21836
21675
22332
22719
21760
21808
21839
21791
22295
22580
22220
21757
21775
22134
21657
21439
21912
21881
22092
21518
21618
21620
21819
21731
21736
22384
21626
21408
21146
21575
21611
21618
22464
21490
22218
22170
23322
23132
23246
22233
22547
22098
22086
21558
21803
21909
22424
22021
22110
23422
22392
22586
22102
22481
21820
21819
23550
23940
22839
22159
21989
21536
21818
21387
21526
21981
22092
22536
21586
21606
21763
21553
21955
21946
21717
22212
23399
22296
22143
22565
23222
22211
21936
21904
22023
22541
21872
21485
21508
22335
21709
22028
21946
22168
21026
21902
23178
21850
22074
22057
22415
21786
21758
21779
21812
21912
22105
22458
22733
22286
22257
21667
21528
21841
21529
21409
21825
21703
22003
21797
21361
21768
21751
21609
21681
22429
22107
22983
32225
22312
21905
21255
21346
21853
21759
21447
21267
21567
21666
22211
21812
21884
23387
22840
22064
22198
22122
22176
22245
21970
22570
22086
23793
22341
22128
22326
21990
22201
22267
23437
22423
22014
22229
23144
22640
21589
22242
22233
22913
22359
22137
22530
21967
22209
22054
22435
22803
24576
22222
22060
21921
22107
22301
21766
21905
21804
21888
22239
22235
21904
22312
21758
21939
22587
21719
22055
22474
23211
22542
22375
22338
23119
21656
21572
21771
22004
21410
23006
22905
23278
22108
22059
21893
21315
21553
21298
21531
23042
22859
21624
21983
22528
21793
22264
21691
21609
21449
21445
21899
22085
22157
21756
21605
21675
21222
23399
22231
22198
21850
22150
22221
22016
21791
23354
22097
22019
22330
22004
22038
21883
21830
22573
22447
22022
22501
22360
22410
22348
22340
22115
22005
22106
22208
21931
22114
21758
22245
21799
22133
22610
23670
23341
22821
22519
30184
27078
25901
23005
25165
27244
25253
24727
23599
21843
22778
23953
23348
24244
23254
21943
22699
22347
22967
21872
21960
22798
22175
22654
23186
23117
23914
22015
22055
22299
22002
21647
21816
21553
21866
22419
21783
21859
21749
21997
23365
21757
21696
21815
22066
22373
21856
21498
22056
21617
21705
21477
21943
21550
22024
21691
21772
21841
21465
21808
21636
21867
21657
21614
21593
21471
21441
21482
22368
22271
22714
21980
21804
21740
22243
21581
21570
21864
22168
22177
22242
21782
21785
21993
21985
22011
22769
21616
22085
22049
21926
21493
23211
21917
21816
21798
21909
22224
22247
21496
23798
23641
22496
22892
22522
22081
21820
21879
21982
22179
21622
21893
22060
22370
22004
21277
22432
22343
22233
22299
24107
22282
21580
22271
21910
21998
21590
22150
21565
22207
22354
21721
21544
21493
21916
21669
22089
22717
22944
22627
22100
22450
22101
22226
21946
22034
21863
22215
22621
22501
22066
22224
21750
22259
22119
21511
21886
21482
21868
21960
21993
22087
22173
22318
21369
22153
21577
21640
21447
21646
21957
21805
22615
21750
21726
21823
21472
21779
21684
21823
22909
21481
21622
22023
21387
24574
22130
22095
22261
21960
22762
21856
21607
22661
22923
22983
22345
22084
21519
22356
21502
22348
21762
22008
22472
21564
22124
22553
21852
21296
21706
21668
21667
21927
21893
21600
21390
21201
21383
21755
21680
21490
21480
23043
22755
22689
23720
22805
22753
22003
33886
24545
25119
22900
24549
22285
22710
22746
23355
25004
22789
23784
22686
23746
22419
22110
22637
22198
22368
23187
22041
21999
22704
22927
22570
23458
24083
23069
23016
23289
22849
22184
22595
21852
23724
22593
22834
22319
22743
23311
21923
24997
21625
21994
23579
22157
25458
21845
22523
22563
21471
21709
23249
21280
21526
23720
21975
22114
23121
21553
22230
21547
22696
21575
21685
22966
21527
21529
23595
21729
22614
23246
21843
22487
23591
21833
21727
22763
22500
21758
21355
21595
22300
23386
23224
21903
21773
22289
24398
22648
23702
22663
22961
23782
22066
21784
21956
22622
22290
22746
22537
22149
23434
22169
22069
22016
23887
22111
22605
23669
23051
22193
22623
22218
21694
22040
22725
22568
22826
23753
23298
1849484
22919
23317
24847
23493
22557
22694
24111
22774
24813
23061
22212
22450
21764
22360
22280
22307
22734
22126
21956
22001
22539
22406
22755
23837
22240
22685
22345
23432
22431
24014
21895
21977
21627
22009
21637
21763
21518
21874
21877
21673
21403
21602
21619
21599
21536
22578
22086
21706
21650
21858
21707
21659
22329
21406
21546
21422
21565
21815
21746
21578
21377
21392
21709
21975
22146
21705
23382
21717
21980
21650
21734
21662
21209
22489
22437
22479
22718
22208
22936
22062
22204
22069
21840
22390
22227
22678
22184
21711
22254
21829
22260
22164
24135
22380
21837
21952
22238
24941
23725
22203
22822
23098
23143
22487
21855
22130
22465
22211
22044
22249
22609
21721
21910
21726
22382
21924
21725
21772
21632
21629
21628
21492
22035
21699
21813
21836
21742
22009
21522
21516
21724
21491
21529
22434
21646
21490
21685
21636
21559
21603
21798
22104
21552
21712
22567
23087
21620
21862
22354
25053
24632
23704
21912
22197
21542
21751
21335
22291
22024
21854
22049
21711
21942
21740
22707
23084
22798
22776
22350
26097
23126
23489
25128
24575
26412
25118
23883
25869
27056
24076
23462
26472
25129
24930
22165
23589
22197
22050
22025
21646
21700
21620
22153
21964
22008
21422
22112
21332
21760
22414
22001
22541
22181
21832
22304
21335
22230
21526
21591
21912
21757
21315
21459
21465
21705
21670
21154
21570
22759
22633
21634
22525
24117
21830
21495
21561
23341
21483
21569
21544
21425
21540
21630
21583
21554
22137
21799
22432
21683
21850
21799
21987
21472
22084
345110
22079
21508
21629
21564
21531
21640
21755
21420
21430
21693
21905
21406
22113
21412
21866
21465
21794
21791
21967
21852
22397
22165
23197
22647
23390
23428
23635
23344
24104
23070
22590
21689
23426
31409
22624
24130
23213
33160
22602
22801
22915
22350
22785
23009
22537
21782
22575
22703
23466
22719
22508
23866
22790
23087
23248
23059
22541
22295
22713
22009
22551
21629
22830
21657
21753
21964
22659
22373
21839
21647
21893
22368
22095
22873
22322
21661
22651
22111
22098
21759
21533
22329
21501
21344
21436
21439
21564
21874
21936
21539
21919
21609
21341
21512
22099
21709
21812
22997
21737
22365
35331
22420
22631
22427
21566
21411
22504
22218
22607
22460
21886
21670
21870
22231
22292
21932
22411
21897
21559
22729
22650
22055
22099
22218
22299
23416
26226
22519
23779
22548
23829
24489
22898
22920
23404
22782
22665
22493
22023
22762
23554
22030
22812
22002
22743
23842
26015
23420
23699
21976
22542
23164
22624
21840
22114
22145
21808
21897
25404
21952
21804
23603
31300
21645
23307
21878
23460
21833
22282
23245
21417
22294
21493
22306
22572
21891
24731
21689
23653
21862
23671
22125
21425
21783
21766
22974
22141
23344
21759
23237
21401
21891
21494
22161
24181
22578
24632
22309
23383
21274
21579
21688
21448
23543
21564
23500
21459
21561
21467
22365
23158
23065
22182
22242
22643
22097
21966
22183
22274
24382
23814
22880
22765
22090
21482
21718
21755
21766
21740
21948
22341
23096
22161
22094
21515
21924
21534
21867
21871
21398
23168
22175
21779
21897
21855
21968
21909
21856
22054
21827
22382
23286
22408
22921
22035
22002
22873
22022
21685
21765
21764
22178
21926
23222
22211
21966
22318
21634
22368
21986
22570
22744
21694
21947
22652
21945
21842
21855
21959
21799
22181
22047
21986
22038
22226
22764
21955
21814
21564
21716
21673
21578
21775
23340
21871
22028
22301
21648
22171
23659
23277
22529
21857
23659
21971
22238
22033
22020
21758
22668
21506
21972
23195
21962
22093
21740
21981
21951
21615
22149
22357
22150
22541
22012
21816
21851
21599
21473
21581
21454
22008
21551
21613
23103
23855
23711
23718
25114
24315
24182
23833
24872
22877
21943
21799
22307
22578
22760
21738
22014
21692
22856
21789
21515
21469
21495
21355
21976
22412
21985
22839
21833
22821
25514
22652
22379
23105
22302
22339
22817
21933
22491
22591
22866
22695
22320
22167
23166
21899
22116
23025
22154
22527
21713
22104
22377
21607
21534
21624
22006
21606
22001
21850
21413
21741
21599
22312
21897
21400
21398
21560
22335
21045
21496
21383
23335
22635
22279
22654
22695
22224
21873
22301
22528
21975
21753
21910
22192
21315
21728
22141
22077
22335
22815
25507
24250
24480
22004
25077
25107
22402
22650
22129
22119
21994
21860
21973
21610
21938
21868
22064
21516
21753
22115
23296
21936
21553
22084
22549
21330
21542
21657
21508
22069
21877
21712
21685
21659
21351
21459
21569
21907
21841
21530
22770
22548
22214
21607
21377
21593
21771
21535
21913
22671
21924
22034
34580
21688
21820
21781
21488
21482
21624
21469
22031
21747
22006
22077
21700
21842
21755
21507
22008
21714
21761
21781
21944
23166
23717
22273
22300
22093
22827
22492
22093
21939
23651
22172
21591
21744
21842
22314
22347
21948
21873
22383
22069
23248
21292
23232
21844
21968
21875
22155
21738
21761
21790
22020
21549
22145
22160
23659
21458
21839
21639
24116
21490
24010
22587
21838
21979
22541
21996
22561
22312
21509
22998
22423
23155
23627
21985
21903
22302
21748
22518
21984
21601
21690
21776
22082
21501
21615
21432
21944
21754
21688
21834
21332
21271
21637
21543
21786
21585
21925
21612
22121
21359
21561
21749
21913
21372
21621
21818
22331
22450
22086
22079
21686
22271
22929
21536
23072
22454
22129
21819
22248
22033
21782
22082
21636
22224
22146
22165
34537
22085
21942
22045
21719
22248
22867
22351
22293
21808
22490
22828
21757
22018
21903
21843
22530
22339
22210
22366
22731
22254
21796
22532
22162
22088
21890
21677
22276
22412
22526
21930
22152
22923
24349
22027
22177
22920
21594
22191
22833
22765
21790
21967
22108
22767
22785
24303
23010
23400
22975
23957
22455
23129
22847
22100
23776
24269
23862
23926
23466
22423
30859
23493
22987
23292
22672
23097
22627
22116
22289
22542
23021
21987
22629
21650
21868
21956
21816
21620
21597
24447
22179
23974
22243
23044
21683
21874
26063
22266
25474
21872
21940
22277
21519
22912
21993
22789
23153
22295
24283
22472
23228
23343
21990
23246
21158
21674
21625
21740
23945
21552
22829
21595
22045
21498
21775
23869
21637
22931
21348
21395
22394
22328
22405
21707
22942
21295
21940
23295
21858
21969
22001
22095
24665
22925
21714
21822
21643
21994
22065
21747
22053
22368
23535
21798
23123
22119
21406
22125
21783
22166
22358
22130
21733
21695
22530
21959
22707
22267
21779
21565
21320
21211
21924
22035
22558
21657
22881
22158
22584
22131
21879
22193
24256
22457
23007
22504
21649
22620
22096
22516
22203
22426
22665
22141
22516
23036
22444
22764
22098
22334
21748
21980
22309
22214
22205
21710
23075
22548
22164
22409
23384
21766
22181
22086
21768
21807
22022
22152
22339
21586
22044
22179
22207
21816
21821
21648
21982
21928
21796
21704
21603
21611
21494
21602
21815
22745
24899
24279
25079
23868
24546
23905
24065
21832
23064
22859
22368
22027
21627
22435
22338
22422
22441
22695
23204
22610
22227
21713
21845
21392
21851
22306
22548
21618
21997
21965
23610
22500
24267
22153
21826
23130
22369
22280
22271
25186
22356
22838
23029
23210
22186
21900
22652
22859
23078
22345
22054
21911
21662
22248
22476
21904
21946
23302
22170
22323
22089
21953
21873
21767
23202
22267
22508
21716
21367
22112
21966
21776
21946
21566
21636
21797
22139
22362
21842
21615
21649
21801
22340
21772
21426
21922
23064
22843
22059
21710
22047
21501
21342
21723
21488
21471
21469
21518
21616
21710
21442
21731
21679
21854
22636
22068
21433
21622
21967
21312
22215
21676
21722
22396
21975
23019
22846
22158
21801
22099
21653
24610
24325
23447
21334
22858
21578
21832
21878
22991
23288
21658
22780
21980
23120
22049
22255
24119
22272
26272
25612
25316
22226
23065
24397
24889
22087
22025
21977
21773
23976
22387
24283
26004
24428
24550
25782
24981
23805
24836
22077
23146
22206
22519
22907
21829
21783
21834
21616
22098
21636
21643
21641
21771
22631
21382
21377
21541
22052
21951
22292
22504
22088
22767
22169
21830
22183
22224
22559
22217
22013
22237
22299
22885
21754
22424
21994
22317
21701
21629
22130
22694
22097
21947
23963
22327
21968
22284
22503
22544
22963
21728
21930
22879
21963
22185
21827
22170
22516
21679
21626
21629
22764
21839
21846
23335
22305
22271
22307
23714
22218
22113
21862
21751
22356
22826
22683
22424
21965
21993
21810
21439
21539
21879
22054
21747
21475
22224
23184
22592
22173
21600
21499
21687
21604
21568
21267
21358
22284
21464
22185
21375
21668
21636
21473
21794
21420
22679
21697
21650
21689
21640
40800
21737
21387
21603
21665
21772
21619
21795
21589
22143
21413
21489
21775
21806
21916
22174
22453
21861
21010
21923
21673
21633
22903
22573
22940
22237
22041
21745
21514
23905
22805
24745
23885
23159
23492
23279
23121
24291
23193
22125
23110
21694
22210
21788
21980
23538
24000
24458
22850
23815
22551
23520
22441
22151
23709
22695
22197
22233
23079
23478
23533
22121
21864
22402
23063
24037
24797
25566
26297
22779
23825
22598
25279
24836
23765
24364
22394
23232
23108
23622
23392
22916
22561
24689
22027
23626
22806
22715
22632
22876
22428
23357
23145
22770
22409
21802
23216
25005
22588
24004
21634
23944
21425
23163
21836
22087
21950
22129
24026
21847
21726
21852
21848
24573
21812
22480
25138
21508
22353
22059
21833
21483
23005
21560
21719
23535
21709
21623
24837
21672
21538
21655
21552
22947
21593
22544
21456
21772
23455
22824
22066
22577
21726
23874
21643
21946
23761
21487
21612
21769
22274
22390
21403
22160
22237
21446
21790
21606
21732
21643
21657
21622
22228
22812
21745
23431
21767
21803
21688
21909
22044
21690
21835
22198
21302
21368
21177
22326
21830
21483
22154
22971
22130
21341
21426
21740
21907
21905
21818
22102
23177
22273
21402
21977
22575
21498
21414
21537
21711
22899
21892
22359
22791
22075
22198
21886
22932
22157
22469
22015
22044
21531
22852
22722
22671
21545
23328
24606
22992
22020
22013
22682
22404
21783
21867
22132
23907
21989
23046
21984
22223
22658
24097
22186
21783
21956
22193
22313
22279
21867
22424
21954
22452
22040
22078
21582
21486
21884
21515
21703
21622
36040
21969
22187
21642
22188
22092
22157
21935
21956
21933
22380
22382
23032
23312
22594
23279
24090
23975
22215
24094
23501
22607
22456
22272
22255
22422
22190
22167
22633
22490
22119
22450
22622
22540
23914
23901
22986
22535
21918
22279
22795
22301
22968
22019
23848
22234
22180
23904
22052
21920
22342
21802
21860
21916
22536
21570
21598
21859
21932
22187
21624
21782
24174
22759
22410
22594
22270
21570
21816
22651
24430
23893
22909
22245
22966
22598
22731
22219
23800
21744
21806
21673
22021
22316
22112
22006
22248
22078
21623
21647
22466
21440
21854
21324
22514
22082
22439
21708
22166
21601
21618
21861
21867
21376
21897
23670
22710
22823
23478
22115
22598
22044
21803
22192
31358
26915
25583
22811
22626
23346
21686
38824
21924
24567
21573
22094
22647
23038
23154
21991
23031
21560
22242
21407
22322
21649
24042
21808
23931
21704
22737
21739
22220
22906
22860
23023
22346
22971
21821
22179
22574
21711
22159
22438
21877
22816
21226
21261
21965
21904
21603
22982
21547
21820
23897
21513
21845
21522
23045
22066
21987
21912
22434
22959
22133
25694
22478
22052
22332
22181
23833
22072
21719
21939
22434
23214
25629
22512
24179
24427
22410
22301
22623
24298
22404
22155
22686
22330
21960
21541
22661
23533
22547
22659
23378
23384
22366
22923
22734
22299
23025
22900
23347
22371
23047
22480
24498
23823
25333
23571
24157
22399
22731
22998
22007
21741
23148
23321
23604
22251
22960
25693
25527
23733
24106
24227
22950
24229
25013
22789
24012
23688
23850
22912
23589
23690
23745
23007
24261
22437
22355
22747
22472
22633
22735
21992
22171
22058
21746
22184
21641
21957
22225
22082
22193
21649
21833
21527
21699
22106
26335
23512
22318
22181
22321
23538
22671
24429
24933
24686
24529
25064
24767
23961
24495
23950
25240
28233
24055
23208
23513
23357
23574
22985
22866
22379
22405
22798
21627
22135
22639
21897
22769
23067
23085
22491
23464
22432
23871
21973
21995
22440
22004
22577
22751
22999
26077
25469
28465
26077
27130
23534
22879
24480
23988
24382
22722
22942
22244
23336
22895
22897
24987
23968
23668
23841
23846
23487
23604
24810
22951
22641
22335
23439
24212
22953
23474
22293
23075
22708
23282
22907
23402
22498
22302
24568
22435
24771
22622
24691
21969
21842
21862
22429
24208
21706
23782
22694
22063
22854
22664
22282
21844
21746
24496
21964
22932
21882
23341
22133
21932
21725
23684
21770
21785
24336
21442
21951
21581
22313
23954
22506
22888
22175
21716
23445
21701
23787
22192
23072
22839
22815
23698
21705
24977
22078
22740
21765
22571
22306
22829
22891
22557
22581
22690
22494
23247
21735
23498
22786
22733
22498
22380
21521
22285
21949
21810
22354
22201
21719
21952
21642
21921
21699
22414
22147
21848
21764
22163
23845
21364
21726
21593
22075
21844
22437
22519
25143
22387
21948
22092
21875
22142
21989
22017
22029
22351
21810
22361
21318
22117
22124
21840
22061
24240
22715
22420
22307
22461
21257
21633
22182
21669
22137
22051
21681
21592
21966
22827
21579
21756
21347
21449
22071
21893
21578
21750
21976
244673
22497
21874
21490
21793
21739
21768
21478
21406
21668
22018
21424
21538
21732
21702
21340
21656
21275
21448
21556
21836
21439
21587
21560
21483
21968
21637
21918
22734
21526
22185
22343
22702
21768
22356
22064
21708
21668
21525
21651
21439
21918
23004
22739
22226
22189
22608
22846
22316
22413
22662
22150
26444
22494
22702
23147
22544
22087
22545
21904
23450
22178
22526
22021
22223
21760
22230
21921
23111
22548
23695
22693
21763
22428
22008
21887
22227
21812
21620
22307
22345
22187
25383
24306
22715
22285
21600
21879
23642
21961
22427
22809
21775
22227
22370
21988
22530
22046
22311
22685
22102
22320
22103
22182
22464
22391
21935
21732
22228
22389
21969
22206
22109
21896
22325
22073
21934
29186
21741
22480
22074
22178
21887
22618
21755
23174
24195
24385
22217
22576
27883
28562
27948
25906
22235
22274
22056
24001
21884
22720
23168
23356
22763
24372
23469
22565
22238
22194
22351
22127
24630
24325
22196
22814
23696
25530
22461
23325
26660
26450
24605
22690
25432
22976
22325
23245
22964
23058
22344
22257
22146
21649
22556
21822
22302
22039
22321
22126
21991
21800
22332
21741
21690
21395
21648
22229
21816
21728
21790
21850
22375
21890
22080
22019
22144
21852
22724
22153
21868
21853
21654
23494
21644
23841
21731
22697
22770
22020
22707
22796
22288
22443
23652
22432
22199
21603
21857
22191
21757
22013
21861
22058
21632
21873
21461
21759
22153
21442
21776
21468
21598
22379
22839
21837
21794
21905
22188
21875
21883
22156
22423
21750
21778
22335
22947
21810
21858
22172
21531
22010
21919
21870
22133
24243
22486
22636
25734
22184
22385
22399
22696
26323
21916
21690
22122
22916
25670
24008
25091
24248
25878
23936
24280
23861
24771
23967
24338
23861
24345
24554
24788
23631
24435
23930
24274
23637
24271
23854
25424
24045
24361
23909
24881
24276
24483
24257
24895
24301
24686
24298
24999
25605
24609
31989
25194
24814
25773
24420
24469
24661
25135
23965
24660
24072
24484
23788
24839
24800
24725
25774
24971
24174
24689
24863
24379
23745
24464
23541
24535
23951
24440
25163
26488
24254
24849
24590
25344
24983
25549
24185
26032
27789
25741
26154
25691
25041
27463
25432
26642
24480
26102
23773
25138
24064
25661
24274
25022
25011
25116
47056
26005
23830
25211
26234
24974
23671
24810
24423
24803
23683
24629
23486
25358
24134
25257
24043
25236
25190
24524
23890
24347
24229
24096
24546
24388
23481
24304
23343
24177
24259
24297
23934
24234
23582
24905
24371
24912
23544
24908
23566
24584
24177
24724
24362
24376
25182
24903
23806
25513
24857
27289
24602
26629
25879
27157
25481
26386
24945
36582
24798
26755
25434
26408
25617
25658
26177
25698
25042
25663
26035
26382
25028
25272
25278
26222
22418
22189
22372
22550
23155
22296
22978
23288
22381
23208
26313
24034
24385
24747
24928
24577
25760
24642
25448
25199
25545
26356
24695
25159
25004
26354
24987
24802
25580
26314
24987
24841
24634
25174
24738
25293
26181
24506
26177
24817
25066
25111
24868
25359
24974
25287
25302
26453
26073
25323
24901
25423
24585
26961
24624
24260
25978
24592
24747
24841
25502
24870
25441
24915
25234
25194
24580
24894
24699
25140
24580
24716
24983
24900
24607
24599
24511
24660
25357
24581
24463
24633
24780
26235
24607
24786
24991
25280
24857
24669
24632
26230
25131
24935
24600
25198
24739
25154
25072
25720
26075
25036
34488
25238
24782
25688
24813
25538
26933
29405
25197
26273
25201
26893
24577
25753
24915
25404
24710
25518
24434
25213
25338
23735
23811
23507
23677
23718
23698
23615
23603
24375
23792
23706
23499
23612
24090
23818
23566
23758
24442
23705
24134
23855
24767
24100
23354
24203
23957
25416
24085
24041
24071
24874
24481
23834
24103
24614
24251
24025
24010
32603
25385
23931
24124
23788
24129
23759
23701
24234
23821
24870
24001
23548
23836
24102
26204
24244
24211
24517
23922
23826
25111
23875
24892
23833
24102
24823
24178
24180
24309
24615
23967
26231
26682
26425
27397
24880
23933
25352
24115
24609
24270
24680
24619
26291
23933
24600
24207
24398
24086
24132
23772
25047
23885
26018
23694
24399
24083
23888
23719
24162
24289
24531
24672
24063
23795
24136
23845
23825
24118
23972
24085
24775
24060
23919
23674
23798
24153
23933
23723
24191
23441
24312
24000
23533
24734
23813
23839
23722
23948
23704
23863
23984
23839
24685
24393
24270
23778
24686
23949
23885
23930
23972
25155
23699
24078
24039
24128
25708
24518
23976
24035
24057
23534
23789
24309
24718
23784
23499
23515
23693
23928
24994
24361
24614
25206
24991
24669
24504
24960
24720
24636
24485
24560
25199
24646
24959
24885
24501
24893
24808
24678
25245
25463
25018
24722
25373
27454
25426
24795
26362
24681
24715
25625
24858
25357
26438
24468
24857
24478
24856
24504
24735
24525
24771
25264
24435
24922
24835
25083
25002
24757
25004
24904
25714
24852
24402
24839
25696
24742
25039
24978
24721
24610
24372
24959
25034
25548
25123
24409
25017
24823
24495
24704
25250
25347
26002
25280
26476
25013
26649
26536
24598
24594
25043
25430
24395
26320
25404
25755
25055
24577
25365
24935
25111
25902
25084
24862
25302
25089
24834
25355
25818
25000
25036
25093
25123
25564
25194
25024
25344
25313
32923
26147
25632
25692
28199
26621
26613
27275
26882
25574
24529
24094
24868
24687
24543
25136
23990
25973
24404
24269
25075
23922
24087
24077
24281
23926
25469
24337
24766
23977
23996
24334
24336
25098
24155
25508
24446
24327
24677
24001
24948
24381
23803
24795
25231
23891
24094
24465
24485
23617
24695
25464
24042
24101
23949
25452
24439
24315
24116
24589
26715
23996
23584
23536
23985
23582
25889
25627
24254
23457
25193
23986
23520
24001
25159
24519
24003
23834
25247
25175
23469
23610
24741
24204
24090
24321
23916
23723
24340
23789
23677
23714
23854
23335
24102
24083
23818
24329
23610
23883
23543
23641
23243
23960
24076
23855
24175
23684
23466
23736
26237
24696
23761
23848
23682
23806
23865
25026
23552
24456
23812
23598
23720
23820
23394
23768
23812
23623
24548
23506
23723
23918
24345
23724
23832
23585
23489
23720
23631
24000
23697
24112
23793
23614
23662
23795
23787
23832
23774
23596
24487
