909043
217773
235318
254414
221488
277874
256098
248211
261998
228298
309358
239190
193524
256623
218915
172653
177835
210251
3832281
156876
152314
153887
185401
158286
167487
185842
180138
166011
207469
154838
140899
168097
136682
137378
137464
164311
136551
154620
166910
180732
136369
150068
137713
137332
138576
149605
140772
142010
146970
140894
140782
143048
140697
155089
129073
167128
125279
90443
166529
126100
129776
124836
123943
89231
131287
149693
133801
130294
134529
93788
242561
144929
93254
128653
90859
105974
128171
126418
126780
100939
130454
126663
128081
136747
130326
126023
94441
142801
132146
138665
127126
91105
128324
126261
127562
126376
125906
129928
146106
91164
128518
127763
132594
93392
93194
96800
130763
102985
92848
129128
125818
128156
96430
125408
94982
127200
124875
124890
140580
127552
93384
140356
141515
126428
126361
125963
128387
132206
94031
163803
126955
90922
135041
127298
126019
388813
130113
127505
126595
89646
128712
138054
128850
129328
126718
92590
126578
137497
136791
133755
134680
127271
90731
91422
128881
126490
91154
128221
153801
134900
127329
137150
103485
136326
150465
102659
123672
123981
92355
117287
129756
127906
125058
141192
159125
125965
91089
125206
142312
126440
124793
125139
125459
122814
116921
124017
92329
140941
125896
126385
125321
98349
130559
127064
141164
137522
162715
144596
150010
141353
127016
91597
127131
89903
125288
130743
121860
121093
91603
166333
134199
162855
139751
152647
87433
44927
57351
43424
43362
42781
55129
43541
42660
55901
42613
56794
41937
41805
43742
43484
54799
43519
42139
42210
57517
41710
42053
43186
42749
41814
42101
41607
56679
41750
78199
43678
44582
43693
43687
55903
56122
55195
40600
67672
43254
43178
44191
44581
43248
44000
45503
43058
46530
42821
45391
44260
44098
55900
44912
43605
43998
44283
43662
44371
43629
44090
46657
55031
43916
59855
52537
44775
44361
50764
44348
43242
43451
43131
42694
43664
44344
42150
42609
45327
43273
43410
44903
56506
43350
43496
42977
58995
44034
42515
43415
69224
54753
42445
68258
41603
43090
41415
67320
42250
56213
42786
44113
42991
56005
43112
41386
41447
42815
97353
42375
44674
42067
43283
43518
43588
45365
43739
44697
44681
42369
130004
47467
41332
41338
46215
43209
55773
43820
43443
113901
43723
42454
41392
43244
68491
41344
46884
42024
92942
56429
41559
56800
41228
68847
43803
43426
56013
81253
43266
43542
43700
42708
42427
44159
42791
55956
43683
43847
43139
43461
43511
42069
47895
43348
42197
44825
57022
43094
42525
47252
43888
43238
43277
43436
43073
41621
43574
81505
41460
42947
70070
41333
41916
42091
70161
42337
41391
55267
43147
54622
41227
43010
46428
40923
42729
42019
42020
42839
41731
42169
42199
55046
42339
96171
42075
44033
42186
42576
46070
43138
42689
43510
43087
46115
56460
68415
42201
43738
43393
42886
43698
43820
43073
42582
43289
42953
54567
55636
42043
41928
42323
43261
45606
41757
42377
40902
41199
43273
41474
40997
44399
54410
41678
42081
41376
41431
43020
41008
41466
79789
42588
56934
42660
42497
43596
43333
46485
43382
43090
43492
42250
41815
41880
42649
41185
40130
42260
54361
41286
42485
41130
42689
70232
53048
40003
55881
41868
68132
42170
42142
42070
41440
42149
121980
70393
42734
64643
41678
43701
43215
42096
42974
43864
55282
43133
42266
42188
43256
45007
43908
44234
42615
44192
42882
42581
43527
44034
41612
45125
42961
43163
44178
55546
41332
41829
42824
42658
43317
43930
42926
42300
42010
54282
41703
42250
41225
41191
78477
41269
41333
41249
43238
80472
42098
42230
42259
41908
42335
41941
42068
42617
53289
41089
42748
42798
42336
44021
56874
57105
44893
42502
41630
41844
43231
41327
41550
56537
42645
40831
40972
41820
42517
41357
42395
42285
116364
41831
41961
40911
42456
41883
41163
41697
42750
57724
41835
42476
41665
41591
42042
41087
41580
42769
40950
40914
42572
41725
56966
56400
41132
42471
41319
41224
41835
42259
41909
41871
40934
42392
42652
41166
89676
42961
41665
54696
43034
43440
43687
46697
55799
42501
57261
43010
41423
42411
42105
41217
41425
41263
42499
41591
41317
55400
41880
41865
42262
41246
42834
55776
41131
42485
43036
41780
41981
42264
41468
42464
42641
67714
44075
43569
42733
43404
42746
45160
47189
44160
42608
44132
44608
42487
43440
42461
44572
73520
42479
43017
46824
52007
56717
42317
42067
42915
54972
96472
43384
41779
42479
44303
41659
41460
55374
40899
41247
42371
41057
42735
43163
43380
42678
43626
52739
46809
42798
40764
42278
44241
42763
54000
43419
43082
43780
43470
42320
42958
41634
40922
51150
41143
69623
42430
41190
56614
38632
37892
64755
40090
40024
40749
52111
40433
41107
40660
39784
40686
41275
39874
45596
43620
42214
156837
57175
43344
45351
42573
42859
44643
42204
42858
45368
42830
42959
43045
39211
39996
40012
39207
40042
39825
39006
41242
39035
39436
38624
39309
41740
39440
39694
39080
39328
42691
38809
39077
42724
40465
38939
39517
39654
51417
38990
38013
38292
51442
37740
41682
37624
37976
38052
37649
38151
38313
37363
38279
37698
38529
37450
37322
53803
40007
40292
39516
50121
53423
49958
37922
37351
78380
37840
38456
37913
38434
78958
52791
37672
37319
37350
51215
37484
39215
40318
43495
40182
42569
41132
42946
55184
41703
44269
42796
42899
45174
42669
68289
45242
69406
42372
41386
38459
38436
51855
40389
39862
39494
39984
74537
37229
37008
37226
38469
39369
38965
38812
39538
40560
50617
38908
38127
38082
38740
38365
39129
38880
40852
37928
37504
66383
37635
37818
38320
37969
37918
38080
41330
38479
38086
37742
51487
37942
66073
37730
46826
40254
40100
37437
37712
37449
37623
38181
37671
39808
37543
37871
51306
38178
37822
38035
37785
38276
37766
37995
79956
39796
39619
42317
40205
40046
40022
39870
50081
37562
37650
52531
39510
39305
39384
39385
38960
51628
38319
40044
39429
38834
39624
40380
39061
39286
39434
38852
39462
39365
40158
39983
39418
39215
38971
40135
38938
55410
40489
39759
40436
44875
42550
42391
41331
44008
41192
41264
42719
43790
41066
39279
39826
39028
38996
39414
38721
38923
39148
40546
40168
52736
39599
39495
39275
40220
39087
39354
39696
38904
38884
42877
39314
39219
39026
39310
39688
39117
39473
40079
39683
42195
52034
39319
39263
39619
39037
39056
39351
39424
39049
67313
40399
39929
38848
39273
39274
67736
40157
39330
55588
38816
91704
40284
39673
39312
37767
39692
40252
39096
39053
39388
39706
39524
92576
52995
52071
42469
38540
38178
39319
52627
53195
38122
40452
39406
53349
38557
38750
39045
39051
38526
39092
38164
38668
39087
38775
39496
39711
38245
38306
39501
54191
52151
39127
43134
39251
38774
39482
41671
39317
43270
42256
39677
39022
41653
39056
39841
40956
37791
42657
57257
41132
53884
41552
39652
42516
38933
40473
37156
37507
50398
51598
39166
39337
50332
38007
76368
38654
38092
39523
36729
91068
38252
38234
38935
39210
65576
79400
48992
37311
38963
66132
37906
37904
42001
66718
50714
40227
38365
64733
37910
52530
38974
53710
37504
38638
39655
38269
38551
38341
51377
38771
39541
39340
39142
40233
39144
38126
38250
38231
37621
53640
40424
50755
37886
37542
37750
38237
38265
38313
64055
37633
53551
52577
37923
37539
37269
37586
37751
37718
37551
38110
37670
37556
37633
37360
37902
37336
37793
37647
40909
37900
37784
38532
38488
37585
37655
37628
37388
37588
37375
37384
38102
37981
37672
38100
38119
38449
37734
68641
39998
39414
39069
39298
52400
39766
39247
38034
37156
37862
37417
37671
38103
37700
37990
37483
37712
38161
40901
37659
37798
37608
37724
37471
37748
37730
64752
37910
38775
38216
37569
63851
51301
39746
39685
38900
40803
39739
63219
39003
38491
39676
51775
41942
39440
39714
39851
38965
39127
39831
39619
53055
39236
40414
39624
50013
51957
39553
39063
39283
38939
39900
39331
53747
51820
65683
38788
37760
40306
39098
39640
39770
39881
38655
38442
38135
84161
52394
39444
40283
39387
38845
43052
41728
39722
39486
40177
39624
39453
38888
40491
39627
39991
39402
39428
39288
39033
39045
40172
39387
38856
39621
39604
39417
38929
40033
60579
39637
52338
50424
38086
38708
53996
47527
45446
68584
40470
38960
39860
42661
57403
39256
51018
38179
54910
77575
41673
37788
37582
38977
37754
37792
37925
40831
37554
37804
40757
51205
52174
37753
38366
37954
37719
40279
39951
39343
37892
37390
37810
37595
37965
37770
38187
53211
39275
39289
44151
39710
40441
53280
40265
53749
42290
42023
54623
40291
40592
41624
42120
41057
39634
53541
40883
41057
39707
39914
68856
38931
39422
39549
38122
38134
43165
38590
40102
37854
37995
82479
40018
39787
37722
52970
56526
38337
37890
40184
37594
52554
38624
37530
38096
39960
37582
51643
38908
66576
52569
39526
40406
52037
38889
38462
39954
38845
39669
39600
38931
39217
39157
37922
50713
37967
37209
37623
38060
65294
38426
37270
38154
37743
51123
37754
38045
37941
37198
50819
37562
37715
38543
37693
51454
37624
37592
37508
38301
51474
37844
41402
37814
38070
38075
38249
38277
37752
37926
52692
39579
39482
38413
38197
37889
38310
38065
38430
37459
38035
38214
38295
38224
38037
37870
37860
37711
38728
37919
37963
38171
38079
37637
37985
50661
38242
37805
37876
38162
52525
37281
38391
38496
38126
38229
38071
38001
38022
52508
39355
59545
37704
37540
38095
37616
37789
38123
38294
37667
38030
41071
38056
38245
37639
38352
51193
40824
38961
79229
38148
38516
38077
37494
38003
39660
61083
37859
37497
37856
37570
37404
37974
37799
37572
52296
40366
37550
38592
37703
39443
40478
41266
39026
52135
39500
39317
39237
39677
39140
39910
39316
39530
39673
53470
39165
40279
40425
39369
38935
39211
39907
39173
78098
37883
37977
37491
38337
38034
37619
51493
79559
39736
39507
39406
39767
39280
39306
38966
39236
41771
39697
39645
40091
39700
39428
39148
38081
38191
39394
39464
40171
39737
38071
51729
53173
53748
39269
38796
39376
40135
40001
53438
41973
41081
42457
38636
38486
38815
37780
39974
41797
79691
40306
43851
40235
39542
53657
38390
39842
38103
37748
38014
37923
37571
39416
41157
54288
52215
37598
38009
37914
37554
65292
38338
37536
37627
50725
37910
38296
37938
37657
37703
37690
37765
38178
64263
38230
37882
37995
37630
38217
37728
38388
38180
37903
38118
38121
38020
37957
39653
64644
39414
39127
40829
41347
78819
54707
55491
40602
40532
40862
40870
40588
40914
39801
40101
40688
40017
40724
40836
40130
42440
56233
37958
41016
37709
38038
37385
40146
51605
40015
43295
38974
41119
39625
39435
38745
39638
40093
40081
39940
41037
37536
39850
37494
37650
54132
39479
37908
37491
83606
39995
39568
41701
52977
38712
39352
37382
37528
37727
38963
37732
63891
39463
37862
38169
38961
38009
38728
37447
37992
38229
37904
38588
37901
38334
38879
37987
38424
38001
37551
37428
37537
37634
38168
37443
37390
38091
38088
58783
46057
37908
37924
37799
37636
38198
37886
37868
37846
38136
38026
37431
37899
37896
38001
38084
37852
37735
38016
37822
38118
38184
37814
37756
37468
51966
37549
37831
37491
67135
42679
51071
37801
37534
37743
37805
66441
37543
39342
67619
37453
37925
64098
38072
37616
37613
37627
66226
39652
53017
37707
38036
52843
37755
38143
52720
39942
38922
39851
39487
39831
39396
39749
39802
39412
39201
52900
39345
38725
38747
39033
38709
38702
38740
38943
38785
39692
38272
39056
38974
38577
38095
39066
38519
38260
38576
38315
37977
38827
38809
38198
38253
38926
38583
41173
38862
39036
39173
38639
38842
38864
38811
38886
38458
39344
38919
38281
38294
39236
39130
38505
38335
38651
38163
38491
39821
39055
38910
45884
38839
38740
38358
38743
38955
39607
39549
38433
38763
38583
38295
38167
39380
39135
38591
38734
39197
39287
38561
39007
38579
38745
38916
40077
38997
39441
38763
39436
38198
38296
38318
38716
39363
41322
42659
42024
43221
44290
38971
39167
40103
45458
43984
40706
38743
40711
42293
40841
40686
40597
39593
39108
38727
39153
40545
38430
39250
38707
38541
38504
39287
39018
38749
39076
38909
39242
40010
39270
38728
39102
38937
38831
38586
39162
38734
38336
39412
40615
39199
49444
41233
39213
40690
38301
38517
38591
38863
38807
39367
38941
38289
38370
38493
39944
38664
40130
38383
39297
41840
38999
38508
38645
38537
38280
38346
38296
38859
38779
39292
38620
38739
38994
38967
38476
38614
38875
38588
38491
38952
39284
40970
39281
39448
40096
39213
39414
40227
40154
40031
39501
39253
39690
39975
40529
40052
39587
39551
39503
39691
39704
39165
38577
38932
39368
39191
39338
41106
38758
38388
38914
38763
41215
38215
38725
38946
38891
40818
38233
41228
38808
44167
43280
42038
38863
38692
40929
38822
38624
40994
39141
38247
39740
38956
38756
40744
39080
38741
38533
38392
38895
38656
38549
38714
38470
38540
38395
38647
38378
39147
39261
39012
38617
38713
38544
38984
39036
38594
38805
38695
38687
38658
39158
38492
38942
38844
38821
38999
38536
38642
38522
38763
38677
38980
38442
38310
38829
38639
38649
38589
38868
38791
39275
38707
38978
38996
39493
39031
38513
38767
38603
38494
38743
38885
38962
38947
38349
38821
39039
39152
38868
40357
38636
39184
39258
38739
38731
39186
38815
39710
38679
38907
38390
38786
38513
38742
39057
38653
38462
38645
38436
38975
39024
38792
39066
38739
38635
38905
38588
38408
38693
39060
38838
38843
39099
38716
38903
39120
39233
39480
38734
39155
38754
38583
44166
40526
39529
38549
38558
38311
40949
39288
38907
38675
38555
38356
38502
38815
38693
39076
38126
38692
39115
38500
39088
38927
38643
38668
38906
38887
38929
38330
39123
38927
38604
38487
38948
38633
39353
39617
40435
39650
39251
39304
41717
40361
39721
38445
39351
39041
39498
40708
39937
39645
38533
39175
39099
39234
38596
39096
39064
39424
38293
39163
38924
38516
38610
38668
38676
38249
38171
39208
38665
38448
38334
39456
38468
40065
38636
40503
39736
38654
38550
38877
38502
44330
38386
40290
38975
39119
38475
38670
38671
38212
38423
38717
38298
38462
38358
38793
38420
39109
38367
38469
37149
37745
37545
37531
37379
37752
37366
37173
37740
37446
37771
37533
37044
37831
37862
37684
37324
37510
38248
61363
53527
45936
38045
61758
45565
47551
38993
37412
38616
37882
37806
39925
41132
43543
55313
39428
53030
38334
38292
37798
38118
37562
39340
39035
38816
63188
37879
51081
37814
37314
38104
37668
52737
39439
38672
40762
41979
39713
52410
40488
40939
53744
40664
42429
42632
43092
42590
42796
41425
42039
42441
42949
41685
41693
41815
54649
39433
51961
39080
41236
40629
39442
43323
39252
39009
41372
39554
53890
37973
37813
37708
37695
37458
39236
37158
37403
37468
40796
37044
37546
38095
39113
38456
37756
37724
37103
39734
37685
37380
37622
38449
52157
37479
37101
37284
37348
37529
37256
37082
37866
37652
38041
64945
37785
37783
37373
37371
53018
41354
65741
37656
37456
79319
37874
37557
37454
38101
53617
37717
50968
38025
37484
37315
38765
37717
38053
38114
50519
51435
37566
38264
37883
52668
39426
37599
37308
39160
42746
38785
39268
38207
51093
37423
51311
37592
37581
37769
38032
66241
37860
38599
37630
37946
66039
37814
38488
38138
37953
51160
37653
37964
37967
39542
39612
39194
39786
50286
38061
37822
38254
37761
38146
51261
39488
42388
39997
39370
37543
39529
40301
39544
39460
38932
38924
79668
39612
39088
39229
40034
39654
37593
37628
37609
40072
38771
39055
53080
64146
38751
39261
52483
39244
40277
51717
52864
52940
39152
38562
39408
38481
38754
44356
38132
78537
37596
38730
38882
39893
39509
39054
38871
39223
39503
50808
37414
37708
66083
37470
51605
39600
38981
38861
39855
65586
37706
37429
39294
39320
38435
40908
39906
41244
38866
39998
39386
40070
39804
38536
37591
40005
37922
37674
37399
37589
39146
38787
39880
40712
41564
40257
41976
39462
39270
38951
41387
40677
42459
41789
39084
40858
38501
71679
45875
42436
40006
40794
68508
39529
39104
38764
38993
38669
39438
38908
37713
37517
37413
37218
37283
37605
38019
37365
37666
37712
37634
37930
65106
54162
65496
37487
37316
37803
37618
64145
37472
37909
38207
37731
64905
37884
37268
37505
38069
64408
38110
37211
38165
38231
52002
39582
39946
39198
65444
52454
38689
37702
37873
50687
39556
38791
39289
39391
38845
39100
79840
37680
37672
37872
37831
37705
37696
38185
38118
51765
52802
56274
39283
40468
40770
41948
41461
41549
39778
39608
41063
41295
40852
39775
53353
40840
40606
55300
53541
39091
38209
40925
51256
39871
41724
39804
40317
39786
40446
38786
39446
44095
52372
38863
39155
39196
37534
39540
37453
39114
39462
42989
51973
39673
57743
39158
39082
39933
41797
57658
37511
39006
40640
39026
40395
37395
37292
37262
37862
37580
37384
37272
37818
37787
37567
37124
37777
37428
37642
37846
37768
37705
37764
37876
37883
37733
38099
37471
37770
38117
37727
37814
37855
37762
37854
37581
37562
51375
39235
39139
51258
40191
39834
37743
37835
38311
37929
37816
38126
63934
37979
38313
40011
38165
37968
37932
38622
37293
37603
37532
37694
37783
37286
38626
39140
39934
39364
39398
51551
37811
37864
38916
39180
39778
39136
39116
39203
58549
38114
38893
37634
37960
40411
39882
37781
37507
37561
39814
39373
39735
39604
51575
54550
51486
52794
39203
38916
39358
39865
37593
37442
37128
37596
50982
39382
39281
38090
37739
52515
54204
37963
37627
37471
37978
37949
37668
37692
52254
38160
37982
39502
39410
39664
39752
40649
38635
39401
39126
37988
40765
40062
40669
39070
54130
39727
39686
42561
39843
39990
39879
52056
38614
37648
38239
41706
40727
40093
39631
37955
51499
74318
52961
40594
40101
39240
39726
51537
37536
37870
38428
52399
37476
38017
37722
37540
37335
86848
37663
37616
37194
37832
37492
37520
37444
37481
37774
39465
64959
38393
40710
38981
39597
46048
41213
46730
52481
38390
39140
42663
39861
51803
40070
39546
40996
41335
40043
39569
39754
38991
40021
39409
52131
38937
38794
39967
38995
39370
38867
38971
39517
39180
38529
38336
39064
39348
39689
39610
39001
39298
39707
39273
38208
38304
38075
50489
38999
38663
39527
52405
38908
39314
39774
39406
39396
39444
40064
39593
40341
51609
38900
39718
39589
39783
40428
37551
38413
37426
38915
39328
39520
39412
39537
53852
39419
39241
39756
41518
48959
38554
39165
39100
38589
39333
39250
40964
50107
39288
39320
38699
38255
38439
38211
41789
39139
40989
39047
40645
41700
39488
39119
39732
39415
41744
39509
39553
39645
39678
40189
37796
38091
38746
40216
40045
42069
38960
46310
42088
42974
39438
39743
40354
39240
38489
40658
38964
38933
40200
39666
51387
37911
50236
37725
53093
52234
39985
39434
38735
39724
38942
39205
39797
40378
39552
39814
38642
38074
37521
37098
39892
39368
38957
39275
37870
51917
39148
39327
53821
39728
39928
38764
40039
39906
38375
66975
38221
50144
39584
38673
39327
40099
39368
39399
40388
39851
39152
39594
38929
39090
39433
38719
39904
39975
38233
37537
38901
39694
39436
39173
53112
65221
40386
39134
39144
63195
39528
39252
53314
52772
41195
40498
39439
39878
39531
39015
39793
40582
39697
39280
40587
40658
40587
39882
40323
39679
54515
39247
39172
39685
39436
39288
38832
39077
39231
38707
39997
39576
39513
40526
40257
40097
40468
39716
52533
39527
38653
39338
38321
37427
40848
39473
39554
39417
43646
38237
55599
41739
40583
39341
39201
40905
41428
39448
39366
38757
38906
39051
39413
37732
51908
38732
53084
40595
39284
52915
38841
39028
37453
37610
37631
40362
39489
52439
40523
40139
39293
38674
39234
37662
37364
37629
39857
39048
38955
37420
37470
39336
37706
54813
37229
37649
51496
37345
37582
91486
98281
54984
53550
43495
45081
40194
39449
38595
39147
39256
41735
38822
38623
38800
39587
38528
65108
40707
40352
39431
37850
37393
37708
37681
37761
37267
37833
37648
39426
39067
39129
39653
38768
39421
39766
37645
38399
37559
37566
38120
37964
37791
38814
50999
65473
39380
37348
37671
37791
38050
37686
64760
37843
51272
39411
39419
39641
38107
52752
38255
38028
37822
39895
39828
39838
39380
37464
38158
38920
37839
38399
38050
40032
41140
40515
53666
39943
40484
39770
40476
40151
38328
39505
39513
39165
50988
40656
41049
41032
40645
40076
54746
40867
40024
40595
39264
42595
39629
39014
40888
40381
39241
37562
50916
39292
39677
37383
39482
41087
41476
40002
38939
41361
39792
41169
38844
39943
40988
39251
39122
39614
39767
41689
51877
37975
37635
37610
37706
41170
39015
39799
39515
39374
51217
37627
37760
37633
50957
39634
39653
38570
38310
37649
52558
37768
37414
40046
42189
53928
52242
41071
39553
37982
37374
37443
37670
37822
68677
66410
54199
39630
39737
53329
53199
39708
38356
38651
38881
38472
38433
39042
39469
39512
38731
39009
39766
39765
39395
40841
39923
51140
37445
37269
37688
37961
64118
37430
37741
37872
38154
37627
64497
38405
37712
37093
63692
37712
37717
38927
39272
40081
39531
37450
37415
37725
37523
37391
50846
39711
39580
39361
38868
39024
39101
39076
37536
37765
63783
37962
37945
37836
37759
66024
37829
65811
40092
39337
52896
37967
37403
68196
42477
38805
37596
37369
37396
38733
41004
53176
39117
39820
39677
38336
37635
37838
37839
37638
37579
38999
40595
40532
40407
38167
37621
39258
40905
39011
39803
39507
69549
40996
40591
39091
37950
37672
39065
39379
40606
39766
39956
39434
39961
39955
58565
52774
39916
38485
37612
37503
38133
38654
39734
38795
38161
38757
38317
37679
38679
37884
38443
38004
37757
38395
37649
37395
38809
39575
37837
52565
92189
40394
61005
53154
44405
44194
39254
39216
39972
39966
51962
38949
38458
51289
39808
38910
39651
40342
40335
39687
38784
38973
38679
38667
39183
38033
50668
37494
37757
38156
37347
50594
37209
38062
37613
37732
52535
37714
37418
37713
37637
52679
40298
39397
37460
37496
37841
78119
39526
39031
39315
39526
41130
50909
39882
37755
50634
37514
52291
39287
39581
57897
39445
50947
37459
38898
39761
39294
39084
40592
39837
44547
52882
39138
53252
40788
39413
40328
40350
39390
39643
39407
39483
38959
39277
39847
52359
40841
40478
40906
40611
39213
39609
39619
39704
40689
39843
40091
40442
42598
39866
39878
40627
39576
42404
40230
42147
40737
42285
43614
40510
41732
39183
43469
39520
38277
37724
37969
39144
39380
41949
39789
40781
38958
38940
37717
39954
50892
37449
42584
39242
41003
39472
42958
39220
43559
39370
53105
38209
38618
39186
42864
39353
39684
51471
37378
91953
78936
39292
40532
59597
73540
38610
39502
39123
52287
40514
38612
40283
39709
39454
39077
39399
37839
38184
50732
38268
37646
37382
37849
51699
38952
50406
37781
38044
52622
37728
37816
38131
37471
52638
38538
37812
37984
37732
53214
38081
37733
37936
37971
37892
50499
37771
37760
38029
37567
37436
37968
37915
37521
37834
38059
38090
37852
38268
37932
37958
37905
37799
38106
53943
40108
37539
37929
37898
37954
37644
37698
38239
37292
37391
38037
37968
37982
38172
38941
37931
51480
38091
37880
38089
37660
37981
37377
39354
52511
37503
37379
37855
38021
37413
38200
37803
54087
37531
37665
37916
37537
37286
37509
37854
71100
37805
37640
37928
37820
37787
37799
38286
37841
38042
38023
37809
37391
38271
37819
38210
38533
38078
40398
52752
40484
41776
51965
66384
65220
38394
67092
37692
37543
39253
37492
38335
37730
37634
37944
37641
38251
52065
39554
52849
37556
37739
38168
50992
37524
37677
38153
37576
50889
37573
38115
37822
37537
65589
37804
37592
37538
37936
65992
38053
37557
37669
37697
52752
37602
37757
38044
37766
38477
37429
37868
37880
37654
38381
38067
68565
52738
44423
44372
44367
37937
39021
37914
38453
38017
53745
44017
44124
39488
40986
38740
40011
39840
39072
53397
64862
39525
39387
39338
40224
39317
40027
39801
53210
37934
37459
37098
37832
37643
66560
37514
38001
37650
70793
37573
38084
37777
37631
37962
37325
37878
37588
37700
37844
38159
51295
37716
37450
37747
38281
58800
37508
37933
38053
37543
37649
37552
37477
37586
37811
37727
40739
38015
42417
41358
42357
42039
40991
42485
41462
54962
43231
42079
41602
57620
41205
54616
55138
41251
42855
44716
43785
42620
42147
42147
43718
43733
42455
43522
43808
43169
43199
44279
43113
44290
44407
42640
56313
82740
41324
42730
41110
41701
43892
42993
43733
51464
54390
42272
70067
42334
42647
41175
40985
71308
42995
41174
42979
42411
41916
42640
41290
41439
42675
45004
82576
42209
42333
40853
41049
41934
57225
55420
40929
54882
41655
41649
42887
42223
68905
62038
42974
42062
43792
54592
41347
42021
41182
54697
41135
41653
41601
41606
55459
41817
53004
43520
43783
42155
42922
42882
41251
41860
54574
54481
41786
55061
41092
54771
41898
41434
43830
42618
41481
42368
37939
64966
54261
68698
40447
40699
40761
41700
42694
41647
42156
42275
43033
44035
74537
40717
40924
57012
41239
41553
40880
41836
41881
40952
40845
42411
67862
41181
41515
41743
41362
61735
41044
42116
42563
40800
41737
42692
43601
68174
83269
54512
42246
40874
41121
42317
71231
40924
42309
41296
41765
44170
42276
41285
42612
41477
41183
43265
43286
42833
42388
56710
54827
42790
55192
42404
56228
43892
44840
42567
41200
43212
40888
41222
42443
41565
53760
57301
42245
55264
43556
41206
40766
44107
42788
41250
40905
40944
69671
68956
42292
43102
42691
42319
43348
42520
42898
44645
42342
42024
44769
43330
42250
43729
42285
42434
43537
54637
42284
42535
55074
42094
43814
45874
48647
56460
42979
43808
42606
42066
43303
42898
42900
43102
41924
42852
44611
54548
40777
60803
41605
41886
41639
40553
69778
75437
40580
43156
43900
40916
41769
41676
41711
55681
67705
40746
42669
41482
54895
42470
43858
68137
42181
42387
40699
41339
40798
41463
42295
41553
42303
41940
56511
44158
43780
42292
43987
56063
41512
42015
69425
40884
42689
43054
42064
43405
43292
54442
40944
40634
43602
42368
41049
41856
42043
43606
56831
56085
44363
44449
42249
43881
45275
69599
43130
43843
57299
41820
42514
42460
53508
43089
42994
56531
42432
56558
45094
42490
42152
44018
42778
43283
48075
42581
43514
43016
42420
42062
44173
42484
42650
42204
43005
43546
42808
43013
43710
42338
43360
42802
42976
43782
43925
42195
43164
56581
40684
41711
43062
60955
55330
41999
42428
41489
42187
54087
40807
41740
40525
42051
54919
69681
42020
40758
40803
43779
67655
41480
41921
41829
42157
42069
41909
41367
42655
54406
43141
42481
43003
43846
53894
41039
42735
45341
41420
42995
43060
42743
43101
56083
41282
43261
56055
40853
70365
41526
40895
56398
41002
55268
41345
67269
42053
41423
41192
42193
40786
41478
71053
40798
54814
44454
42899
62247
42799
41435
41452
42261
40978
41236
43178
40649
55736
41350
41675
41741
40796
69097
55507
40874
40763
42697
41551
42071
83227
41159
41674
43081
40725
40681
43299
68134
40722
41684
40737
68119
43124
42479
43296
42743
42125
41600
41124
41385
42220
54819
42004
43697
42675
42344
44400
43348
43199
45217
42498
70417
43387
42245
43729
55428
54565
41585
41122
42556
43782
68913
56022
56719
43764
43352
41426
41069
41584
81898
40774
40690
42591
67820
82341
56954
40816
41579
41107
54114
41713
41589
67334
56777
56275
43790
43866
43313
43140
44504
44268
43678
45099
43855
43064
43836
44416
44626
44911
42845
55345
54135
44856
57488
41204
40893
48592
41201
42204
43204
42988
42775
43410
40726
41461
42689
41479
67925
42459
42389
40753
41009
54773
41505
41116
41824
41592
41435
41444
41824
40854
56551
56907
42220
42190
44318
56804
55892
57810
44881
43301
55492
43042
42241
43073
42120
43163
42231
44247
43087
67903
41974
56082
41308
41530
42335
41665
68816
42267
40868
41973
42946
40793
54292
41572
43050
43849
42558
42279
56258
41412
41002
41998
41819
40939
42731
41764
41737
43260
41037
42001
43004
42072
59118
42873
41464
41880
42181
41031
41198
41958
40821
42308
41570
41755
42520
41093
41051
42391
40927
40989
42535
41708
41365
42179
40829
41686
42292
40891
41101
42138
41734
42665
42217
40878
72350
40892
41582
42300
41101
40978
42365
40935
41717
43491
41035
41238
69121
42720
42063
43523
42986
42927
42139
42023
42300
42579
40762
41450
40719
41648
41373
42047
40935
43762
41066
40762
42640
41451
41513
42906
40927
41948
43203
40936
40726
42289
41540
54595
41529
68429
42050
40501
40873
41623
41434
40760
56697
41089
67451
42738
40742
67233
42506
41591
40734
42563
41503
54738
41592
40911
42059
42090
41090
41658
41412
41570
47994
43347
42252
42681
56378
40679
41735
41986
41723
75323
41819
43303
54463
41012
41357
41574
41490
41705
40527
42199
43911
42406
42155
43810
43814
41119
41816
43202
41551
42659
42784
42442
44031
43628
56465
42047
41917
41734
42275
42134
43697
42971
40957
42961
42174
55501
41549
40990
40823
42780
40962
55584
57284
43262
56609
55775
42337
39148
38135
65672
52311
39528
39107
39410
39264
52194
39234
39279
40195
39459
65643
37799
39399
39238
39115
39420
39866
51747
37486
38245
37494
37613
76916
38109
37885
37876
37265
37740
64001
39572
40208
39061
39143
39765
57507
37789
37691
38277
37506
37892
37837
37749
37819
37480
37675
37418
37867
38048
37529
38143
37995
38078
37665
38025
37830
38313
37664
37582
37822
38221
38196
38052
37657
38130
38915
37549
66927
38972
51970
67215
51635
41066
38997
39028
38847
38972
38651
38566
64123
37972
37620
37705
40151
39610
39759
39351
40046
39996
39364
38961
39230
39589
39194
39105
39954
39635
39647
38914
51364
39179
38812
39997
40282
39119
39355
39107
39610
39365
51402
37818
51969
40820
45966
41106
51183
37532
37633
37589
37588
51249
37907
37629
37666
37542
66613
37828
37571
37368
37856
66030
37989
37690
64934
37865
53008
50250
38013
37908
37853
38147
52784
79480
39746
53272
41513
40589
39848
38257
39175
38907
70304
37322
37945
50557
39328
39651
39937
39892
39391
65883
37550
37496
37790
37269
39763
39893
37598
37811
37818
37564
37738
37779
37919
38271
38430
39655
39378
38919
38149
39503
37662
37918
37666
37932
37739
51381
37746
57717
38025
37690
37994
37949
38052
37773
39539
39131
39439
39588
40302
39584
39368
39096
39577
39105
39338
39758
50955
37877
37827
38133
52113
38083
38157
37987
37973
51667
51981
37794
37715
37827
52976
38148
38331
38051
38061
52069
38141
38184
38290
37846
38132
37766
39452
54095
37597
37567
38109
51629
40748
53797
40452
39938
38736
39538
39273
39247
39228
39616
39940
38706
39404
37536
37524
37648
37670
40814
44096
39572
39848
39887
41496
38953
52898
40362
39472
39010
37629
37849
37460
37449
37941
38390
38332
38569
37613
38373
38375
37737
37486
37910
37881
37884
37643
37740
37587
37561
37763
38174
37790
37743
37817
37959
37611
37839
37985
37592
38013
37671
37950
37883
37895
37810
38104
37794
37633
37751
37989
38237
37732
37805
38333
37963
37959
38036
37757
37900
37783
37692
38088
37546
38286
37620
37781
37970
50892
51636
37149
38209
39462
38231
50718
38445
38275
62772
38407
37862
39058
38385
38227
38385
38838
38524
38245
50644
51699
38722
38527
66107
57479
43318
40930
54235
48849
45161
41783
39160
39148
42261
42002
41826
39638
40913
39556
40391
40688
40066
38793
38385
39198
38758
37869
37560
50292
39371
38459
38171
38334
38691
64222
38549
38525
37839
39513
64025
38346
37676
38273
37960
63502
38263
39169
38528
38193
50820
38668
38218
64385
38328
51531
39035
38685
38338
38363
38340
36519
50970
37388
37182
36993
64191
40882
39454
39110
39272
64059
50405
49026
36907
36592
65316
38415
65362
54900
40101
67658
40644
39096
39669
39818
39553
52445
39474
39355
39619
40766
40360
40771
39833
39227
38893
51678
39780
52541
65347
50832
36471
39828
38895
38911
67358
38451
37970
38540
40858
38075
66190
40118
37868
37612
54534
38431
50509
39286
38018
38187
37582
39787
37809
38957
37437
37812
53034
42592
38200
37617
37733
39284
39727
38057
37189
38864
38239
52141
38177
37851
37692
36684
38866
38748
37071
36590
49270
37167
37706
51181
38750
38514
66297
40387
38193
38630
38591
38634
37759
37782
37758
37700
37849
37858
39212
39342
38753
37399
37479
52310
53432
64444
38424
37692
39008
39025
56190
37731
37462
37512
37928
37763
37751
38108
51236
37825
38079
37878
37433
51007
37440
38161
38279
37731
72655
38006
37813
37667
37898
66978
37904
37571
37859
37870
65921
37653
37286
37993
37565
37564
37590
37370
37709
37884
37731
40414
37981
38060
37582
38273
37922
37408
38045
37799
37996
51075
37919
37754
38749
37834
38081
37782
37735
38075
37881
38540
80298
37789
38405
38147
88075
40328
37424
38038
37888
37833
37487
37801
37614
37709
38042
37416
37770
37796
37475
37536
52524
37789
65538
38021
39027
37945
65194
37642
37526
37578
38226
52129
39892
37985
37898
37615
37643
38276
37856
37546
40351
37903
37583
37518
38228
37581
37530
37478
37905
37703
37496
37871
37951
37325
37833
37550
38163
38085
38102
56166
38323
37872
37352
38121
37519
38272
41446
40094
53537
39628
38271
38093
37768
37652
38140
51721
51855
37675
37928
37680
80572
39358
38277
38108
37283
37737
63962
38020
39111
38336
38406
65925
38096
38446
38134
38000
38222
51947
38736
38059
53391
37977
37993
38506
38692
38330
37965
37966
53386
37948
37752
37998
38108
37784
38189
37504
37850
38277
38512
51909
37890
37672
39049
38411
53048
37711
38103
39168
38559
68420
54311
41732
51865
39253
45541
53977
47045
49668
48427
42096
41519
38838
53464
40892
40655
64406
37749
37801
38322
38483
37654
37876
40446
38971
53932
38665
41078
41098
51123
39959
38483
53231
39395
38536
50613
39108
52833
39594
39440
41533
40725
41548
41726
40280
40782
40823
40358
40422
39921
41393
41030
41490
39770
40154
41044
39940
40788
41573
40392
38756
39173
40316
39349
42622
39307
53726
39219
41111
39470
39890
41881
39875
41454
39464
39546
42234
37205
74338
37625
38419
54674
41562
40390
41684
41123
41459
39891
40284
44715
39404
40915
41645
57774
42434
39085
53110
39731
38592
40344
40335
39676
41492
41183
39615
39855
39157
38816
40042
39430
39585
38939
40284
38820
39364
39894
40047
39616
38994
40904
39406
39196
39206
39342
40662
39010
39048
39876
39307
39064
38852
38846
38673
39039
39109
39566
39141
39106
38760
38817
39035
38815
41463
39852
40463
39693
40293
39818
39081
40159
39678
39416
39009
39237
39939
39749
40507
41230
40888
39550
39165
39199
39656
38890
39704
40629
39747
39706
39233
39292
39524
39239
53859
41638
39856
39378
39745
40597
39939
38330
50610
38253
40078
39540
41288
40134
39322
38522
42432
38996
39004
39257
39019
39438
39214
39410
38626
39141
39209
39759
38925
39097
38958
38908
38544
38951
38670
38171
39231
38413
40005
38616
39346
39510
39803
40779
41630
39465
40089
39138
40037
54463
40250
43445
43154
42793
41347
41521
41735
38838
39340
40137
49455
39953
43487
38639
38892
37701
38154
38336
37780
37757
38198
51374
37316
37613
37723
37427
37535
37352
37722
38048
52289
37449
39009
37717
38109
37600
38372
37824
38085
37838
73945
75342
42655
41426
43302
42059
41258
40368
39591
38981
40149
40505
39326
39636
38514
39747
39385
40780
40184
39585
40259
41537
54903
41127
39925
40138
39787
41169
39931
39763
40029
44513
47078
40095
41927
39077
40043
40771
39661
39717
39693
39162
40446
39588
39089
38829
40352
39931
40776
41718
41398
41700
43684
43315
40558
41146
40325
39489
41713
41949
39793
39851
39518
39489
38961
39064
38578
39105
39707
39923
42975
42428
39592
40971
53455
39190
38733
39487
39738
40898
38985
39976
39820
41398
40406
43674
43058
41935
39155
40523
41566
42367
42473
40515
41094
41832
40654
40854
42196
41303
42203
41558
42178
42772
42236
43516
42482
42855
40431
39691
40271
39514
38594
40186
39494
51119
40372
37757
37275
38080
37506
38437
38606
40281
37846
73203
37837
40517
37801
37822
37602
39063
37512
37307
37933
38471
38445
39936
37863
37456
37480
37682
37469
40261
39756
42163
40828
41988
41110
40705
39065
41452
39555
43310
41698
41511
40978
39275
38894
39794
39725
39742
39219
39133
39600
47909
40125
41410
39349
39525
41645
41393
39533
40138
38975
40912
39357
39270
38619
39283
39018
40221
38838
38902
40119
39769
39616
40256
39413
39144
38856
39525
40351
39637
38953
39367
39551
39671
40251
38775
40455
39971
39810
39918
42774
41843
40918
41774
40390
39772
39130
39555
41946
41033
38792
39777
40097
40634
40506
39853
41159
40005
39970
39629
39788
39438
38850
39807
39883
39136
39328
38495
39560
39277
40669
39537
39494
38897
39368
39931
38671
39559
40109
39218
38983
39209
39972
40561
39084
39541
40332
41932
40696
39940
80110
41799
41667
40401
40323
39436
39159
40045
39624
39488
39426
39195
41765
41736
39544
39076
39091
39923
39841
39345
41752
39420
39558
39557
42875
40892
41644
40899
41115
47353
38694
38719
39042
41347
39099
38733
38895
39130
40041
38354
39658
39166
40410
41508
40994
40385
39385
40805
39409
38694
39676
40419
39092
41390
41372
40485
39572
39130
39419
40068
39985
41095
39535
39060
38661
40005
39702
38662
38494
47205
39100
38941
38848
39971
39339
40678
38911
40198
39596
40896
39343
39097
38985
39666
39450
39176
39215
39589
39458
40350
39060
39926
38822
39667
40104
39216
39644
39982
41690
39496
38834
39513
41683
42122
40848
39872
40827
40601
40198
40171
40421
41450
39638
39146
42320
51456
38314
40332
54197
52776
66477
40921
41919
40515
39553
40314
38558
39712
40012
39837
38623
39405
39834
40459
41254
39451
41135
39648
39644
39560
40813
39698
39343
39599
39856
41332
47288
40205
39555
40718
44881
42945
40817
42821
42603
42915
38886
38783
42115
43055
39667
40210
39422
41000
40731
40010
39589
39637
41648
40107
40712
41142
41258
40605
41529
43862
39832
40632
40408
46053
43509
42591
43698
44188
49694
39342
55155
56457
39609
40340
40755
40325
42459
40084
39013
38709
40291
43635
40720
37751
43449
40145
39289
42074
39797
41287
40860
39624
39167
39517
40258
39384
39211
40047
41013
39459
38654
41762
39041
38842
40786
40383
39300
40709
40484
39683
38338
38277
38702
39952
38775
40037
39148
41175
39764
39469
39625
39846
38674
38502
39036
38929
38838
40315
39715
39399
38584
38406
39013
41213
40588
39770
39037
38966
40458
39662
39535
39079
39691
40321
42069
39242
38413
38133
38109
38002
37845
38875
37807
37835
37675
37788
38117
53787
40321
50911
37863
37648
37313
50337
38060
37361
37535
47225
40965
39743
41328
40977
39422
39729
39253
39848
40333
39135
38915
38702
39610
38970
39171
40264
40381
39840
39427
39922
38854
39136
38707
39100
39712
39199
39421
40457
41678
40375
40158
41021
40431
41860
39327
39601
39847
40561
40237
41195
39446
40310
39995
40294
39643
41045
40482
40414
39835
40077
42877
42098
41219
40471
39434
39484
38922
38989
39901
38980
39052
40041
40074
38917
38639
38935
39228
39255
39132
39374
38574
38941
39692
39353
39511
38674
39225
39080
40347
44343
39985
41344
40195
39431
39250
39983
40163
38698
39642
39081
39476
40831
40254
39323
40135
39017
38898
40181
38801
38838
39085
38480
38890
41095
44500
39986
42114
39327
39663
39660
39680
39146
40189
39065
39480
42239
42398
51787
41955
41350
39071
43035
39401
40120
46493
45975
39221
41680
39441
41079
40050
42650
41410
38827
40032
39596
38607
39320
39002
39277
38860
38577
40192
40388
39780
38573
39388
41439
42045
39471
43786
39899
39344
40128
39180
40136
48647
38798
39112
38669
39757
38815
38927
38728
38937
38601
38742
38991
38911
38540
38673
38418
39064
38787
38788
38488
38819
40262
39804
39239
39481
40032
39319
39126
41002
44801
45214
40128
39101
45197
39397
40430
40803
40696
40322
42107
41103
42339
42358
42300
41216
41917
43401
41625
42059
41826
42857
41515
42170
41838
41642
41870
42801
40151
39098
39442
43378
41740
40007
39068
38907
39685
39287
39297
38982
42289
41779
42336
38795
38843
39501
38587
41101
38779
38682
38627
39131
38221
39872
38583
42748
38495
38889
39268
38763
40830
40397
39766
39179
41592
40308
39025
39125
39226
39624
42577
39025
38900
39998
42494
40232
38869
39477
39352
41238
40734
39883
39482
38910
40934
39666
45108
39180
39727
42836
44422
40903
45542
39393
39747
39751
39722
40468
39577
39600
39179
40129
39675
40854
39220
40179
39648
47474
41647
40753
39256
40136
39322
41058
41446
39492
39563
39896
39829
40044
39669
39403
39404
39087
39768
40931
38723
38745
38982
38913
48942
41350
39214
39569
39047
41305
41674
40703
38841
39706
40263
40243
39276
38986
38925
39954
39991
39750
39187
38890
38779
38891
39362
40158
39546
38570
39540
39641
39124
38819
38837
38601
39010
38517
38999
40159
39309
38707
38644
39429
38274
39061
39766
39845
39042
38630
38448
38994
38740
38986
39240
39494
39654
39893
39051
39387
39804
41188
39497
40598
38715
39867
39186
40949
39983
41719
40279
40076
39206
39967
41419
39031
39609
42434
38651
39503
39784
39190
39778
39039
39347
39505
39720
41765
40230
40884
39762
39633
39748
41131
40967
39965
40734
39180
38679
38629
39481
39105
38515
38931
39154
38400
39126
40312
41706
41840
40977
40351
39345
38568
38566
38597
39175
40091
39033
38307
40655
39348
43696
40295
48657
41676
43206
41259
40632
43986
41446
42698
44110
43804
41631
38970
42071
38885
40345
39704
38519
39233
39088
40386
41896
40640
40812
40567
45927
43568
41031
41469
39712
38589
40752
38978
39627
40421
38695
39509
39899
40256
39455
48895
39469
40016
41253
38957
39678
39875
41077
42738
44585
40202
39730
39788
40477
39565
38549
38918
40052
39418
39418
39326
39172
38790
39537
39120
39524
39113
39326
38797
42068
41199
40876
41250
43660
42311
45835
46233
43819
40047
43087
42341
43172
42760
42683
42138
41296
42120
41442
40957
41277
41664
41426
41572
42210
40139
41087
41986
42195
43143
41096
40622
41731
40768
39559
41003
39697
39334
39198
40179
38587
38729
39183
40368
40333
39049
39050
39491
38898
39674
39610
38791
39507
40680
38801
39684
41184
38549
39380
39244
38638
40591
42844
39745
39157
39092
39731
40488
40878
42556
43812
40279
38528
40793
39904
38843
38989
40842
39644
40070
39379
41895
39505
39220
40151
38771
40907
39637
38914
47896
39375
39196
39530
38774
39165
38815
39238
38958
38798
39858
38877
38957
39471
39330
39847
39556
39815
39957
39104
39540
38824
38590
39129
39047
40067
39608
39217
40237
39228
38616
38045
40187
39710
39590
40699
38635
39460
39390
40772
38781
40444
39630
40222
40503
39252
39631
39127
39724
41103
41013
39466
38478
39597
40577
39619
39304
40587
41719
40012
39302
39802
39995
40118
39494
40357
39134
39417
39014
39591
39226
39273
38840
39104
39066
38804
39437
39014
38537
39566
39524
40460
40073
39971
40030
41445
39199
40324
42588
41694
42938
39330
39988
41227
39995
39613
38873
39883
39799
40174
39559
39293
39494
39978
38675
39610
40107
39074
40192
41060
43206
45715
40729
41587
39819
39133
41301
40387
39693
40299
42465
40219
39296
39016
39603
41277
42473
40089
39683
40602
40787
41756
42309
39887
39250
39889
40071
40359
40172
39506
40051
41272
39129
39702
39445
40339
39375
38592
39238
39596
39241
38654
39691
40122
38791
38690
39434
39238
38812
40237
40851
40234
38594
39636
39891
39238
39287
40255
39251
39528
40656
39759
39434
38639
39942
39696
41383
39491
39327
39751
38982
39768
39048
39550
39349
38990
38606
38896
38724
38567
41467
39575
39586
39313
39130
41928
42158
39218
45817
58209
39994
42233
40388
39707
42057
40567
39154
41014
44877
46358
39708
39493
39882
40692
41974
43006
44468
43802
44309
44522
45474
43536
43167
40911
39626
42479
43690
39149
40972
40377
40772
41160
40321
39950
39360
39771
40397
48449
40000
39519
42470
43845
40614
41813
39163
39525
39354
41926
39935
38437
39532
40390
40245
42074
40655
41889
40982
42393
40764
41366
40895
41261
40264
42682
40728
40324
39877
40772
41346
41193
41003
39821
39416
39260
40840
41723
58363
39064
40084
39597
39428
39378
38922
39319
38463
38712
39004
38590
39339
39851
39405
39152
39350
39339
38983
40913
39673
38663
39079
38893
38687
39124
39568
40306
38973
39926
40055
41642
40279
39658
39662
42913
41402
43121
41572
42758
40641
39741
40300
41621
40855
40347
41580
41763
42212
44546
42310
40479
42235
40859
40646
41774
41066
41453
39605
41359
43094
40124
42433
43315
42065
42318
41848
41196
39927
40026
39708
40209
39951
40082
39373
39883
39651
40804
39946
40269
39481
40903
39873
39415
39267
39494
39404
38615
39264
39072
39211
39140
39009
40184
38895
39150
39566
39812
39939
39130
40476
38916
38996
39223
39307
39404
39381
40638
41608
39850
41131
39572
40136
40561
40297
39661
40762
41524
39919
39185
40030
40438
39377
39125
39389
41281
40406
39101
40404
40615
39545
40335
39670
39057
39302
39861
38808
39579
38928
39168
40084
41903
38913
41536
41660
39551
42272
39941
39332
39659
39340
40105
39685
39102
39456
39261
39357
39412
40610
54814
39153
39255
39808
39320
39747
41429
40189
40482
40021
41016
42456
39681
39745
40184
39996
39484
39503
39084
39454
39983
39701
38967
38682
39704
39107
40177
38904
39731
39964
39028
39213
39071
40113
39136
38802
40086
39633
39449
39081
47984
41768
39498
40997
39636
39098
39026
39660
38700
38513
40774
38390
39041
41004
39869
39275
39032
40354
38808
38801
39196
39715
39447
39930
39995
39452
39610
38659
39574
41807
40324
40160
41171
40262
40263
40515
39257
38171
39861
40574
57894
40041
40253
40128
38627
38571
39730
39812
38779
38840
38763
38700
38795
39378
39850
41418
41580
39485
43208
40871
43129
39208
40209
43650
42954
39714
44782
43596
39468
39902
42527
39443
39772
40563
41333
41862
41193
39683
40371
50477
41500
40592
40127
39976
39532
38871
40337
40899
39961
41034
39502
41557
41217
39356
40662
39531
39994
41329
39095
41028
44689
41519
40223
41603
39305
39822
39552
43072
45412
47016
42193
43334
40367
41801
42780
40054
41534
57830
40958
41117
41111
42157
40606
41830
39346
39373
41872
42529
41100
39998
38749
40202
43632
39973
39345
39719
40354
40912
39968
40433
40728
39951
41638
40322
39917
39466
43599
42681
41416
39416
38786
38893
40688
42027
39853
39159
39350
41099
40891
39957
40300
40573
41124
39406
40190
40396
38527
40166
41954
38548
38541
38703
39075
38862
38720
38859
38557
39307
38822
39197
38145
39611
38808
39419
39265
38733
39049
39118
38596
38879
38542
39259
38360
38774
38376
38967
69953
38834
41498
41442
38884
39095
38923
39258
40412
39127
39224
38511
38579
38973
38977
38423
40802
38979
39583
39382
40545
40260
53089
38454
38604
38973
38818
38606
40391
40456
40047
42926
52679
37672
36543
65597
36457
37707
38315
38196
84789
37070
36908
50913
38409
38314
38454
38285
78246
38784
38117
38174
38513
64598
36909
36756
37032
38723
38203
39392
40463
39417
39042
39332
38417
39644
38815
37392
51175
49826
36801
64402
50556
53691
38606
51799
40466
38225
37717
38344
38899
38921
38987
38954
38438
37978
38921
39088
52727
50374
64972
52465
42677
40199
64318
39446
41209
39331
40121
38930
39359
39528
40067
38924
39378
40437
40285
54799
41794
41027
53292
39242
36937
36671
81179
36308
37834
38239
52910
37975
40306
39719
40280
69117
55576
52210
38140
39147
39193
38996
38832
38418
38853
38497
38283
38925
38401
39055
38662
39751
39578
64153
53033
51918
41841
45557
153000
39168
41087
40102
38789
38287
40939
39015
38310
42954
41260
75760
40093
40444
39865
55439
54886
38677
40357
51874
39279
40247
38024
38203
38427
38334
37999
39072
38850
38205
38456
38810
63963
38994
38359
38078
38437
64402
37930
38386
38500
38285
51301
38489
39647
38631
38265
40649
40138
52922
51011
39264
52088
52030
39967
39268
42049
40956
41269
41435
41879
39860
38653
40667
40396
40103
40177
55781
39285
41027
40412
39487
40285
39631
39026
39336
40811
39117
39099
41620
38666
39656
40814
39775
39568
39243
39293
38324
37328
36952
37301
39785
37278
37330
37117
37738
37191
39208
39569
38071
37182
37487
51779
38034
37285
37255
37619
37672
65546
37479
37835
37237
52831
54011
52086
39337
38452
38722
38518
38398
39003
39324
39580
39370
39397
39213
59230
38383
39345
37570
37576
50195
37160
37450
37865
37484
37651
38418
37906
37380
37348
38015
38005
37769
37422
37989
37738
38112
50147
38133
37839
38019
38039
79867
37064
37953
37931
37833
37622
37574
37629
38136
38284
37677
56003
37969
37607
37918
38085
65315
37842
37591
37790
37884
65841
37823
38143
37957
51746
53032
37971
37453
37553
37321
37888
37761
37572
37730
37929
53518
52632
38083
40266
37687
38716
51835
39078
39185
39229
39801
39415
37875
41091
57815
40638
39379
39794
39051
38342
38536
39888
65348
37525
37892
37959
37991
37395
37777
37644
38038
37391
64411
37707
38427
37472
37611
37665
37647
37585
37483
37774
37868
37538
37320
38124
37496
37250
38420
41591
38716
44211
63058
42576
39926
40488
40523
39328
38666
38410
38702
40079
38559
38571
38941
39020
38385
38360
39038
41063
39515
39608
39253
39482
38645
38818
38632
38987
37293
37892
38993
39098
89306
40595
38288
40075
39303
39471
39854
38984
40781
48643
42519
39468
39622
38509
41687
39693
42241
41214
41737
40795
40959
42906
54133
38167
40808
38938
39337
37831
53037
39203
39425
56466
40472
42084
42468
40470
39293
40537
53085
52135
39226
53149
41391
39437
39928
39420
39515
40620
39073
38486
38036
51890
38381
38042
37393
38322
38027
66398
37957
37557
37770
37881
37166
51239
37688
38047
38251
38685
52953
38926
38292
37835
37758
37577
51565
37970
38371
37293
38151
52767
38930
37554
38521
37667
37887
51063
38775
37705
38193
37456
52480
37871
38498
38126
57016
39409
40120
40728
40165
39968
42015
40853
41211
40567
40171
40606
41158
43183
57182
40094
40518
41178
40557
39733
40885
39757
38635
72826
37544
38162
37930
37461
37301
40959
39741
37367
37962
39546
52592
37760
37416
37393
37754
69292
67106
40873
37717
37260
37119
50747
40285
38529
37632
37137
63760
38710
39510
38636
37051
64241
37177
39711
59918
40575
88310
38849
38384
38117
39321
51388
38850
400510
52670
53064
52463
40544
54439
39806
40929
40576
40522
39444
39200
39285
38671
38395
39604
38404
52281
66835
65403
52991
51910
51900
40091
53017
54043
38688
39415
39021
39415
39699
38702
38895
75898
37663
37726
37976
37912
38358
38671
90335
37836
38633
38699
37990
38333
38594
38251
38341
38816
38029
51384
38391
38011
38530
37982
63056
38454
38374
38399
38395
63830
37914
38089
38475
37906
52012
39186
38774
39526
39883
39304
38600
38230
37954
38477
65157
37653
38248
37829
52458
38668
39325
38026
38480
37647
37806
38355
37927
37993
37796
53617
38860
51177
37663
38131
38034
37899
63364
38149
38036
38188
37976
63482
38921
38903
38491
38033
64795
52464
55745
37750
37724
38801
40034
39592
55540
40402
40990
43050
43018
44441
40720
41183
41693
42505
38886
39119
38538
40823
40294
52070
38684
38258
37690
52218
53181
65525
39774
39126
40178
40544
39779
39901
39336
38881
62077
52509
37688
37204
37214
37591
37364
37647
37485
37588
37508
37279
91290
37439
37068
37494
36910
50900
78554
79856
39719
39251
38547
39058
49081
47723
44953
52208
40726
40546
40053
42364
41509
40450
39710
39613
38558
38719
39325
38550
38553
38326
38775
39149
52943
51825
39383
39392
39091
39311
39905
39150
39377
39858
37779
37474
37633
39112
37896
37308
37378
37439
37208
37404
51261
37613
37817
37257
37338
51067
37511
37579
37977
37433
51584
39150
39349
39199
52468
52231
37845
37270
37536
37718
51819
53911
40042
39534
38333
37424
37756
37532
37609
37332
51829
37848
37545
51873
39086
61477
39168
41101
44076
41753
41146
40578
40949
42118
41605
40812
42153
40828
41940
41805
40705
42995
42129
40162
53760
37424
37763
37321
37594
40250
39024
39483
37837
71131
68336
41832
38837
37988
38554
39392
38423
39114
38879
38884
39834
38989
38458
38832
51867
38967
40348
38826
39158
38764
39286
39337
39301
52785
38983
39464
50995
36505
48884
36205
50641
49019
36590
37873
38229
50576
37739
38733
38297
37835
75567
37904
38465
38297
37672
37994
50259
37663
64920
51624
38308
38085
38395
38451
37876
37117
39229
38777
38981
39072
39340
51620
39234
50539
38268
37937
65347
37846
38043
37734
37904
53036
38125
37874
37501
38526
52146
37549
37595
37953
38042
38375
37900
38234
38246
36528
36467
62502
37200
38026
37970
37920
88900
51248
38303
38083
38334
65528
38184
38322
37986
37720
52984
39696
38851
38940
40614
40414
66121
38394
39010
38282
39173
38625
38791
39316
39083
37225
39101
39455
38976
39155
39034
38716
39330
51861
66960
38650
50634
37265
37248
37136
37216
37434
37293
64150
37445
37421
37058
37137
37618
37517
37534
37080
37342
65585
37567
37435
37685
37271
37718
37834
37580
37387
54816
40822
37303
38790
37694
54381
52367
39866
37923
53018
39912
39800
49778
37180
37140
52554
37625
36985
50889
52541
72186
39488
39766
38760
37223
37541
52703
40024
40912
54293
40684
37878
39373
39741
39057
40165
38980
39097
39355
39216
38841
38723
39007
38772
39230
37503
37292
36965
37344
37017
50540
63974
53111
39625
39450
46231
57172
54946
50560
39388
37084
38834
38700
37353
37988
67705
41924
40006
38679
38225
38141
39310
38713
52048
40429
40064
38799
39538
38956
38788
38801
38691
38675
39392
39508
38790
37042
37319
49848
37103
37521
38038
37840
39321
48303
37193
37488
37081
51520
37644
37696
36943
37297
70734
38306
37994
37472
37836
37670
52055
37425
37437
37682
37520
37602
37541
37592
37611
37333
50669
37370
37477
37549
37658
50271
37533
37456
38044
37726
50851
37386
38355
41318
53051
40905
86432
39628
40340
40332
51586
53289
39627
40676
41275
40194
40197
39679
40536
40900
41567
40802
40724
40896
40024
41826
54954
39340
39554
38692
42116
39144
38611
41945
38852
38517
39378
39041
40146
39163
39745
41967
39429
60968
56460
51867
37574
39739
39704
40219
39537
39651
38883
41254
39002
40892
38683
39102
43114
52369
38453
37083
37434
37137
37404
64237
52652
37421
37329
37200
50676
37670
38065
38667
39858
39224
37882
39848
38819
39686
50933
37305
38044
37314
37176
37718
39415
39160
39907
39222
51397
37699
37307
37712
37794
37540
51327
41119
38161
38905
53635
53101
38128
37646
37804
37536
38550
37968
38554
53837
52067
38422
37418
37533
37704
37733
37386
37311
37121
37327
57179
65472
37308
37245
37243
37089
36842
37591
37235
37548
65366
37450
52890
37878
37269
37395
37815
58783
51173
63838
37900
37580
37872
37339
49860
37736
37174
38105
38067
65195
39970
38524
38286
38225
40180
39731
39470
38894
37587
37639
52146
51844
66817
37762
37307
37816
37611
65063
37489
37576
37753
37422
37861
37649
37722
37548
37958
37628
37139
37353
37650
37360
37696
38049
51275
37776
54009
38227
38736
53476
39874
39924
39412
38584
44242
54275
39535
39113
37353
50040
39089
38921
38817
40983
53416
64174
37651
37529
37671
37850
50871
37523
37921
37694
37741
37388
37173
37900
37694
37532
37726
37106
37274
37749
37547
63879
39781
37264
37517
37810
37530
37656
37402
64249
37908
37688
37694
37248
37874
39047
39522
38573
54285
39100
52900
46857
47818
42128
43259
44637
43151
38660
37937
38144
38305
38413
38910
38748
39071
39479
39011
52167
66183
37541
37680
37627
37725
37627
37567
37770
51237
37539
37739
37716
38318
51747
37532
37609
37184
37939
53080
37450
37666
37665
37646
52636
37831
37408
37974
37766
52999
37917
37499
37904
37638
52426
37656
37634
40005
39159
52987
39516
39252
39087
39312
39135
38828
39824
39251
39189
41447
38132
37309
37490
37132
39019
37754
37607
37287
37700
39186
51845
53081
39623
42340
39820
42383
41050
42212
40418
41250
55179
40672
40339
40404
40853
40834
41309
40415
41068
41829
40327
40097
40918
38926
37336
57916
37538
39182
38959
37796
37453
37146
37581
37432
38447
39068
51108
39277
38281
37234
37533
37564
37566
37183
39100
38682
51624
38367
39708
38222
37356
37067
37047
37194
38938
37981
52117
63891
37025
37142
37064
37126
52544
39231
37274
37318
43087
52101
37061
36951
37103
37172
37224
37235
37257
36896
64961
37411
37142
37437
37322
37237
37967
64103
37564
37587
50332
37511
51331
41975
38557
38379
37806
50284
50967
50406
38213
51652
38414
39240
39032
53875
38201
38100
64837
38034
38002
38070
38389
52851
38328
39121
38029
50003
51865
41153
39160
38656
39134
38850
51492
51354
38778
38824
38694
37702
38147
37950
39029
38936
39206
50151
37771
37329
39887
38825
38943
38869
38615
38718
38933
54321
37865
38747
38131
37910
36430
36979
37387
38288
39076
38471
51962
79659
94985
51859
38025
77317
37230
50224
38165
38273
37856
71939
39140
39089
39056
38898
38675
38110
37860
37384
37974
37628
39006
51372
37255
40069
37454
52248
37873
41237
50649
64452
39095
39201
39077
66470
38757
38553
38798
38751
40581
38732
39228
38816
40343
39982
50483
37057
37149
37165
37234
36972
37097
36998
37192
67033
53305
38558
37965
38393
38098
52153
38125
37237
37570
51653
37279
37438
37169
37110
37202
50436
37265
37132
37323
37397
37021
36929
37239
37218
37566
38721
37278
37468
37250
37571
65758
37141
37437
37185
37706
52763
37162
37496
37595
38497
56195
42195
43423
67027
41642
69219
40649
40769
54001
42088
66448
40713
42013
41925
41762
42638
41007
42171
41388
41010
42691
41378
41144
42506
40848
40766
43214
40925
67733
41413
41364
41805
41646
54662
43573
40987
40624
40513
56924
44926
48774
43448
43612
42655
41608
43449
42216
42411
42016
41850
57080
77123
41446
42220
41086
41986
41825
40862
55656
42738
42088
43649
42011
56032
57650
40836
41242
43004
41646
40878
40788
41122
42487
40777
40797
42367
75021
40758
41552
40940
42126
40562
40732
41321
41650
40957
42341
41642
41785
40829
41542
41259
41188
42333
56714
40739
41759
42449
40984
55293
39383
38559
38842
39284
39708
57590
38794
39131
39297
39226
39244
39282
38857
39424
37414
37344
37521
37562
37267
37877
37860
37739
37516
37980
51078
37544
37805
37520
37401
50481
38789
39736
39080
38992
38987
51839
37845
37419
38880
38969
39021
37539
37005
37342
37282
64783
37588
37526
37463
38413
37067
49821
37567
37424
37597
37717
37675
37851
37180
37340
37610
37134
51577
37477
37913
38145
37521
65084
38291
37972
37882
37939
50898
37521
37687
37049
37811
37739
37488
37872
37682
37493
37705
39167
39746
68626
37782
37621
64407
37855
37585
38153
37673
52314
37757
38911
39327
39213
79942
51411
39061
38889
39052
39307
39281
39356
39442
39173
38771
39157
39408
39067
39098
40474
51433
37702
37870
37944
37179
37368
37803
37421
37811
37446
37406
50362
38731
37643
38065
37930
37196
37539
37699
38097
38817
37698
37938
37629
37663
37382
37703
38012
37686
37966
37884
37146
37486
37531
37439
37690
37747
37287
37646
37756
37496
37675
38002
37463
37955
37805
38687
38395
38035
40245
39294
40889
39175
50707
37281
49917
37536
37543
37236
37353
51184
37403
37601
37257
37580
65453
37199
37494
37356
38078
52678
37654
37679
37602
37094
54437
37380
37278
37643
37403
39518
38879
53526
54384
41223
43690
48278
49300
46528
55116
53685
41040
52522
40809
40181
38660
39693
51252
38408
39873
38761
39813
38971
38902
39307
38899
38636
39157
38641
64493
38038
82179
53056
39176
52121
38648
38414
39627
38369
51782
53569
52034
52520
38453
38586
38356
38265
39287
38613
39333
38956
38803
39657
38892
38563
38040
50196
38073
38409
66061
49818
36383
39230
38590
39005
38490
38110
39409
37975
38104
39519
38263
37949
38709
38247
75866
36737
37743
37703
39132
52693
53457
52623
41416
44934
40487
40080
41431
40949
42911
40421
40520
92924
41347
41024
40391
39916
40952
40500
41009
54462
38876
38511
51600
39213
37197
38068
37594
37133
36958
36949
38237
37406
37114
37620
38902
37830
37490
37482
37179
37116
37125
66517
36175
36151
36107
36401
36852
51111
36476
36393
36391
64410
36143
36621
36629
40028
38090
38070
37898
37558
38488
38368
37717
38228
37791
37954
37676
50446
38272
38842
37900
48639
37207
51556
38540
38659
39315
51844
39593
63403
36522
36145
38255
64392
51175
37603
36300
36205
36973
49097
36896
37646
37974
37880
37751
50623
37357
37377
38065
38364
63302
38138
37914
37982
38334
37932
65298
36556
36460
50137
39658
80178
42187
39425
43103
37890
37601
36989
37230
37180
37166
38613
39607
38284
37819
65721
53055
77993
39264
50448
37693
40158
39286
39288
51893
37839
52465
38660
52458
65785
39055
36967
64243
72457
64064
38418
38588
38956
43776
38852
39084
38382
39130
39137
52515
38089
50272
39519
50862
37858
37292
36502
36219
61702
37842
37628
37907
37966
38053
90656
49563
49046
37873
38191
38312
38182
37775
38946
39210
53706
38441
40036
38755
41928
38535
66511
52932
39043
39243
38800
39216
38440
38369
39386
39069
38472
39670
38977
38886
66190
41926
51357
39438
52197
38857
39484
39220
39987
38788
38551
38885
39192
51530
37152
37113
37501
37842
37225
37478
37622
52646
37324
70352
37256
37758
37225
37251
37362
37756
37310
38333
38523
52617
38718
53943
38804
38881
40004
39560
47198
48185
44124
40374
40097
94099
51159
38270
50250
39591
39550
37878
50967
39649
39379
39218
51892
39051
60082
37537
37555
51627
38001
37416
37454
37394
50431
38118
64159
37900
37688
38045
37791
37481
37758
37780
37863
37488
50944
50699
37274
37620
37670
37233
37560
37416
37417
38739
37481
37473
37610
37287
51112
37580
37331
38099
37145
51904
39050
37365
37297
37471
66107
37889
37906
37681
37891
54988
39472
42861
40354
41537
40045
41274
40718
40393
40391
39765
40347
41241
40971
40203
40664
39870
41497
40861
42558
40784
41422
51419
37660
37066
37380
80339
69635
38542
42046
41362
39336
39541
41211
39003
39392
39201
53566
39194
40415
41453
39181
39474
40990
39176
39129
42046
38864
43112
39044
38760
42201
53396
38623
39003
38717
37182
37033
36917
38031
37821
52538
39070
39139
40291
39104
64956
58524
37696
37590
37564
52777
53149
39589
37283
37396
52367
38110
37500
37634
37343
37632
50498
37522
37754
37568
37641
91034
38759
38174
37634
53206
58360
36961
36396
36520
36673
36448
37635
49999
37391
37399
38992
38869
51395
39241
38931
38895
38075
77413
38387
39079
51183
39302
50709
50325
37845
37695
38080
80763
64410
38113
41651
51835
39128
38918
39057
38788
38847
38792
36531
48920
36339
36462
37961
38131
37899
37681
38281
50450
38215
78005
38129
36393
38035
52175
37980
38185
38535
64052
52647
39223
38349
39039
38999
52543
51915
40166
53515
38799
39088
38850
39095
39323
39363
39042
63971
49057
38322
38030
37619
38063
38886
39178
38985
56280
52307
52824
37363
37710
37699
52532
64227
90281
52976
39922
39300
40848
40321
39365
39997
39607
39152
39629
38397
39241
37722
37571
53625
40803
52249
38779
52450
39424
53858
53578
52497
52747
38879
39353
51942
52351
38921
38155
38366
39652
51315
39849
40197
39483
38919
39111
38904
38906
38888
39176
50587
37072
37170
37340
37689
38961
38507
39196
38760
51645
52637
40030
52111
61324
44547
46820
51531
39511
39973
39328
38979
39027
50220
64654
39279
67061
52119
40283
39137
37195
37318
54832
52182
39648
39432
38981
39545
39084
39006
40537
39630
39629
39676
38454
41150
40547
38673
38705
39710
54467
51431
37755
37820
37732
41294
51879
37927
37445
