1564856
367351
371161
391929
440416
442856
404095
347813
304767
344088
355547
303892
356426
354480
425426
325689
320834
306214
285018
292828
340376
1379400
369093
388795
401777
271246
279735
294477
339552
294930
292766
289539
275490
256012
272995
273451
324352
240854
253908
287043
503094
255193
251001
278553
245601
2103007
149405
144047
148191
141540
161056
145695
147238
142532
143278
464509
144433
162294
142203
157994
144781
142761
141702
146037
149839
144507
143836
165965
206641
144651
142975
140650
154688
140508
149273
180396
165046
141620
140860
169134
140370
155150
141559
153407
149969
139996
140682
139968
160685
192073
146409
140747
152171
140518
218648
154656
155456
140927
140506
141123
139437
155591
136837
142069
155383
223695
149038
158009
77742
99301
70157
70135
70127
69713
70661
70548
70610
69993
67982
69339
68865
68656
97424
80129
66519
67126
85050
69807
70468
70047
168271
70439
71412
69030
69782
68642
69180
68755
98379
70453
84751
67828
70539
69978
136805
84505
71264
72319
71930
70060
70092
72102
73709
69609
69631
69980
80611
71684
69004
125231
84653
71075
236243
71242
73111
87519
115766
71411
70705
74499
68971
69309
68353
77250
70533
71582
73035
73736
72377
74764
72058
73141
70691
69180
68964
70349
84915
96927
70249
72321
71763
72151
71915
71439
71801
71540
70307
70383
66962
66394
67330
68314
72356
71724
98204
69840
70278
97382
69388
68264
68858
68438
69239
69393
69899
71999
73088
84007
70559
69390
83716
68906
68303
69094
68221
69215
69565
69104
69707
89644
69650
69664
82998
69066
70485
68411
68062
68237
69091
71849
71147
73124
84840
99317
70141
70992
70953
69462
68210
100804
71656
71503
81835
69214
69184
143804
159079
73598
71466
72425
71160
70267
69060
70154
84470
99385
97642
71488
72087
86339
96817
71876
71961
83201
69474
69050
124148
70556
90632
70969
70844
83861
82474
68946
69348
69191
69121
68885
68059
68874
69303
68587
69534
68689
73504
69703
69470
97038
71840
74462
74782
70146
72427
71500
69851
69393
70779
71794
103305
68741
71727
84214
116705
70251
70461
70792
71547
83698
68771
82478
72101
211466
71872
71312
71014
71168
70580
100129
72244
73743
71327
72335
87804
72082
71491
72128
72171
72492
70206
71048
71391
72686
70287
74095
71935
69535
69752
70146
69716
68184
70112
83574
70141
70470
70732
71703
72317
71895
71477
71809
71828
70932
70697
120795
68849
94423
69065
68960
70817
67470
129352
67350
67900
67255
67683
66062
68734
66119
78886
65932
68658
67683
67694
67741
69867
69167
69403
95488
108942
69925
71096
69901
72115
72239
71831
72204
71872
72127
71496
70443
70303
78262
69901
70748
70433
72572
71491
73597
72960
72374
96871
69391
70079
95224
68075
67059
68063
68665
69602
71227
155291
82717
90627
69113
67572
94552
70312
70267
68242
67813
161176
84641
71167
71238
83937
71477
70980
68035
68302
68033
69077
69865
67923
67652
110684
111428
121419
67673
68173
66864
66541
85676
68009
67535
69660
68812
69963
85382
69698
69257
69739
69053
68929
67919
67883
67768
69562
69075
68831
69289
97947
112421
72073
71186
71125
70698
111160
98430
71602
72320
71241
71822
71212
72652
73183
72125
70419
69592
68645
68749
68308
68548
83825
85690
70607
84873
71799
271468
72325
69260
68766
68857
68320
68627
67928
69391
68125
64388
66244
65017
65066
65416
64120
66849
66713
66758
84456
85901
100200
83340
69587
72660
85084
82490
68656
71718
70068
70718
76512
63388
64320
63540
63251
63376
78110
67248
66647
66736
67150
76854
76872
63221
63954
63179
66139
64132
63506
63326
64193
64098
63305
63201
69234
63761
63771
63524
63042
62893
82467
63955
63327
63013
106725
63678
63218
63540
63576
66673
63524
63126
63702
70894
69474
69390
97135
67507
67783
67763
81361
83700
70235
181841
63229
63433
63108
99472
63318
63529
64562
63387
63011
63841
62889
63496
63845
63736
63555
78377
64229
68832
102937
69435
66378
67076
66276
66760
66621
67404
66337
141277
79107
63301
64800
63922
79216
63530
63505
63322
63161
62959
99725
63005
93571
64480
63274
91050
63338
63730
63712
78983
77352
62909
63322
62849
63287
63636
85459
170224
65865
65946
67477
65964
65482
65939
69175
67686
66217
80296
66450
66022
66228
77862
63991
64467
66927
80448
64131
64177
76780
63522
80207
69595
91951
65693
68469
66157
63746
64045
82246
67446
67002
67484
67088
68293
75401
73645
67220
66115
65386
215080
66484
66905
66953
78956
68955
67775
71730
66334
83558
68570
78581
65655
65410
66215
82204
70350
79339
71512
86684
92957
79315
66102
102793
89262
71188
67337
66744
65029
67991
65824
65487
69592
66466
68257
65305
65013
67760
65311
69654
74026
78821
63964
67890
66670
63251
66442
80338
63253
63439
65086
63413
61317
64015
64364
65084
64692
65139
89576
61637
61652
61866
127555
64600
74306
62200
61517
61712
63789
65570
64080
102606
77223
62151
61831
88393
63874
64495
76782
64968
64541
75682
64587
66313
74398
61796
61578
62431
62652
69904
67167
67219
65440
66757
65806
64960
63636
81162
187417
93741
67056
66028
78691
104294
66010
64431
64193
79592
112078
63471
63422
199575
69614
93866
68596
66449
66406
66305
66443
66307
65974
66488
79998
91422
63001
64817
63944
63525
63789
62856
62866
62921
71988
67703
107884
80920
66384
65806
65221
65268
65582
66066
66018
66097
91836
67064
68675
66110
66828
65615
93060
65481
76653
63139
63965
64337
63631
64812
63530
63264
78862
124946
67146
66478
65519
66364
66186
67229
67391
92751
67178
66986
66029
67266
73236
68453
63263
63822
119974
92963
81168
75513
72451
67409
68111
70349
65008
80058
85954
67363
66451
68795
63265
63409
81296
64657
233461
101132
66891
72681
65995
65603
71713
68048
65640
65336
69510
84788
65921
66170
65735
67824
65322
64599
66450
67361
67541
90963
69642
66161
72228
68823
68143
71809
69419
68305
69722
76064
68785
65540
66322
65685
67111
66897
66276
84253
68080
79026
66806
66719
65471
65483
65962
65188
77747
80134
79173
63516
63167
63228
64044
65662
65242
66378
67134
66457
66138
66859
67461
66594
66283
67035
66110
66594
66982
66950
67044
66951
66344
65975
67695
67204
66675
66078
67313
66613
67163
66337
74778
66417
66550
65418
65825
65521
67156
67294
66347
66700
67049
66787
65937
67820
66836
67778
67413
67730
109101
68229
65756
64619
67729
65981
65607
70594
66529
65299
93068
64679
63766
63746
66456
66269
63887
105042
66859
77378
117970
91423
67909
66821
66782
118691
65731
65532
64943
64767
71517
65262
77119
64465
63684
129275
64079
65211
66146
64484
63987
64832
65055
64156
64490
64155
77653
66118
66922
66050
66121
65904
67337
76237
65001
63848
63688
63260
64416
90945
63737
64071
64497
64353
65388
64401
61762
61984
61319
69647
72872
67040
76734
75923
65426
67565
65076
65659
65865
80128
68058
89990
77033
63573
63105
63864
63501
63616
76240
66376
66274
65697
80130
66925
70161
68238
69593
67168
65617
67303
66827
67274
66449
67184
65853
70505
66626
67877
66020
69331
65124
66964
65993
65795
66776
64930
67529
65407
66705
64767
64780
65506
66814
65110
64602
66404
65111
65090
62677
62793
63152
62970
63106
64118
63508
63308
63342
63044
63025
64130
74664
63499
64028
78444
74719
63774
96974
62200
65869
66438
62731
62718
62237
62247
62786
62632
73973
61894
63902
61872
63889
64188
64057
61246
63795
64872
64436
64464
64275
64318
80177
93791
66474
63911
64161
77734
63768
68708
79538
64914
64996
63707
64937
64069
64541
64299
64363
64073
63640
64658
62160
62470
62979
63668
66929
91378
62976
63290
63606
160970
63716
63490
62992
62749
119562
65832
78823
63770
64035
64072
107190
95832
67593
175988
107847
95027
111694
67155
67175
66277
63029
62977
116230
66552
129655
64715
65024
63451
63554
115718
63752
63058
63750
78494
107867
64772
64939
65051
66027
82935
64449
63464
63046
77317
63430
63507
77352
90056
105987
63576
63978
63723
63679
63517
91919
64699
63639
91396
65538
63398
63060
63921
63359
63417
93593
67113
65628
66052
63162
63724
65512
65982
66777
77912
69285
65828
64274
63808
63124
63891
68092
66521
68517
81269
84805
70121
66824
136824
70269
66420
64305
66530
65799
67996
66940
66898
72077
66197
68642
69734
68660
68697
69112
68846
69845
67020
64609
63857
77195
79358
62897
66096
69888
65762
66911
65613
69480
65743
69466
65805
78985
65212
69401
67679
66604
83266
66148
63549
63665
78195
62994
63596
62984
63028
64126
65861
76366
64333
83693
63599
63329
64759
78619
66506
63233
62883
90334
63785
63402
63729
63117
63501
63521
90068
63558
63625
64155
63673
63558
63539
66316
63641
63592
63257
104181
63532
63266
63328
63720
63863
63743
100593
63656
64144
63905
63456
63861
63972
91313
64183
64135
63788
63952
63981
64353
79225
67051
64045
63262
90540
63528
63817
63992
65808
118193
65342
64578
67608
66601
66285
66249
66042
100810
90048
66090
65953
66003
63813
63487
63683
82551
63670
63391
63633
75844
66599
118794
65086
63164
63711
90126
64549
63483
63294
80985
125162
65579
77427
63093
62938
63062
75551
63737
63678
89914
104786
77889
64530
90927
63433
62992
62927
63202
63315
66526
79493
66162
65857
65692
63191
62925
63748
77794
63847
63518
77485
63528
63684
65555
84444
63026
63474
63826
95461
64105
63896
63537
63505
63138
63337
76403
63157
63516
63525
64139
65276
65066
63743
78307
125044
84460
67691
65992
67470
67044
65897
64764
64993
77928
63231
63895
76536
63173
63190
62678
98743
63719
63907
63534
63527
213874
104422
63253
62818
62816
78334
63349
63400
77019
62667
63230
63213
79128
64464
64191
76548
63893
64467
106864
99378
63955
63014
63535
63549
63138
63365
84824
63883
65018
63998
77053
63528
63524
91221
63124
64124
63354
65902
66789
63847
90337
63880
63930
63520
63598
63441
64210
90124
63741
63627
63728
64312
63792
63651
97918
63931
63945
106183
81373
64538
77779
63252
63172
63498
63404
63251
63721
81589
63090
63922
64142
64828
64087
64199
76944
63708
63469
63886
63909
63996
63463
89627
93253
108310
66609
66303
66462
79351
65213
64633
65366
66097
66562
65779
63752
63755
63425
89243
63384
63591
63467
64130
91288
79794
77029
156089
63270
97922
63210
62947
63698
63507
69258
64625
64316
63749
63727
63852
63333
63237
63499
63493
63561
63620
63324
77395
63293
64019
63347
64067
63265
64136
65482
66388
67230
117623
63865
63629
63554
79440
63892
77427
91770
64002
63809
63518
63647
63670
63712
63453
63637
63531
94855
63254
63297
63423
63264
63210
64160
63671
63810
63591
63333
77678
65143
64175
63604
63246
64394
63482
125241
76926
63771
63670
63465
64046
64068
95392
63674
106912
106831
114698
76269
74488
69132
65907
67902
122256
66982
64808
65056
65199
66498
66033
79079
63357
63909
63113
63877
63934
77478
67722
64202
66785
70016
85692
67340
68327
68587
67732
66802
67991
95907
69698
95314
63662
63591
66053
63001
63969
63343
63626
63969
70698
81225
87197
67863
64650
63473
77961
64672
67137
66020
66357
66938
65752
65714
65957
66349
65679
65926
66305
66189
66376
66669
63097
76585
90818
66142
66240
63283
64142
63653
63542
63453
63740
63111
63612
64056
63420
63344
63409
77066
130219
68050
66360
65091
64579
64747
64586
65729
65385
65253
65316
64879
65350
65513
65730
66103
67801
66976
65245
64883
66672
66768
67492
65989
65130
65919
66457
64765
64748
65344
64852
65032
65308
65083
65455
65669
65390
65537
67395
66102
64968
64769
65941
66202
64873
64985
64879
65218
64973
65174
65946
65568
67077
65838
65014
68338
66515
65456
64975
65245
65375
64579
64462
64924
65752
66092
66468
65923
65681
66249
64421
65410
65287
64679
65506
66189
66505
67823
64565
65386
64628
64809
64936
64607
65178
65804
65951
65032
65343
65026
64773
71888
65140
65106
64971
64440
65630
65093
65587
64994
64806
65161
65037
65146
65864
67620
64810
65306
65183
65142
65340
65078
65392
65388
65856
65254
65143
65373
65604
65713
65484
65596
68717
65177
66087
68271
67912
77542
68041
66891
65033
64906
65243
66694
64792
135541
64839
65130
66783
65941
64748
64975
67850
65149
71705
65105
65068
64833
64406
64994
65160
65354
67784
66020
68449
67690
71027
68263
66759
68230
75150
68090
70245
68173
72031
68294
67163
65950
64876
67134
74128
67549
65423
68023
65117
67299
64996
67896
64678
68260
64686
66626
64788
65228
65807
65036
69860
65086
65845
64302
64493
64659
64820
65590
64980
66086
65133
70584
67633
66081
65026
65091
65142
66287
64876
64736
64615
64711
65561
65722
65174
66933
64852
65775
65459
64938
64894
65222
64774
65389
65240
65658
64946
66043
71152
65468
64879
65209
64939
64652
64630
67376
65937
64871
66446
65355
65388
65239
65051
64678
65010
64763
65601
65091
65052
65731
65904
65696
65538
65521
65015
65216
65157
65171
65240
66067
65275
65683
65599
65540
65546
65339
65399
65255
65478
65532
65054
67256
65802
65179
65522
64762
65565
65445
65230
64924
64879
65221
65324
65346
65418
65153
65216
65773
66817
65446
65469
68049
65061
65795
64945
64906
65183
64588
65165
65271
65014
66344
66058
64969
65782
66892
64655
64607
65185
64928
65537
66047
65274
65514
66430
66080
64908
64637
64849
65027
65187
65454
65156
65236
65276
65117
65883
65363
65934
65903
65553
65410
65118
65794
69435
65159
65156
69996
65595
65608
65652
65705
65819
65445
66524
65407
65808
65758
65504
65149
65661
65857
65483
65393
65754
65384
66181
65269
65903
65843
65317
68956
69355
66092
72760
64863
65165
65563
65726
69595
72355
66506
73772
66409
66150
64884
65916
67503
66119
67725
68701
67440
69405
70104
69170
66629
66874
68541
67477
67630
68506
66388
68681
64846
64928
67790
67363
66459
67118
65236
65132
68108
64882
64890
66483
65929
72539
65039
64974
65111
64997
65108
65199
67881
64746
64814
64347
65355
65567
65820
67426
65868
65591
64977
64949
64738
65595
65874
65653
67640
67253
66533
66319
70011
65649
65017
64847
64848
64501
65464
65175
65142
65424
66017
66274
66574
66090
65857
66460
66338
64746
65061
65666
65354
65487
64842
65486
64790
64882
64831
71213
65912
65586
65107
65172
64812
66563
67007
65171
66741
67277
64742
64869
67725
65110
65585
65314
65235
65002
77849
79077
64118
71662
65863
67105
66374
104874
66615
65241
63493
65752
64995
65358
66776
62705
64050
64074
68447
67135
78846
67522
65627
65571
65489
66188
63801
66687
78845
78192
85246
63402
64776
63578
66521
65340
66075
63625
63487
63048
63727
98310
64053
63192
63298
63529
64166
64128
92108
63228
63967
63309
63339
63940
63383
64835
77593
63468
63322
64259
63367
62904
64859
83692
69742
66217
66570
67833
68819
68737
67117
63345
62845
105498
65188
66203
66397
66640
118118
65623
65810
65828
67612
75546
63062
91383
122368
107792
110440
77853
69115
72057
67549
66808
67202
65986
67039
66312
66325
66203
66661
79935
69161
68764
81367
67429
70847
65279
64289
65320
65787
67751
64727
83746
80754
69418
67143
63762
65398
63520
63240
63128
62919
66709
63081
63017
65408
63366
62858
63506
63692
98657
66542
83249
75882
82809
67616
64223
89849
81207
66240
66636
66815
78571
66854
66061
65770
79575
65713
63630
78065
66092
65581
66138
84531
63614
63119
63281
92076
64529
63433
91342
78815
63747
62994
63450
63459
66434
65536
65822
67045
66003
65539
78997
63070
63697
63787
63771
66066
64047
90012
62982
63586
63382
63045
63316
63400
118639
63571
63191
64238
66179
63627
64227
97300
66634
107447
66227
67659
66377
66512
96262
98054
107605
62968
81109
67689
77888
63189
63051
63105
63508
62869
63007
89538
63389
62988
63172
63861
64284
63774
93922
63054
79059
91649
65034
63356
66256
79073
66007
65998
66690
65904
66329
65830
66072
65802
65769
66425
65626
66225
66655
66133
66441
66036
66399
68460
63468
63255
81019
79757
66091
85046
63260
104742
67244
65988
66511
66507
65955
65547
66016
78929
62978
63675
63433
65500
78824
78207
66507
65977
66336
63143
120113
63114
63072
63344
92842
63524
63065
84844
63159
63549
63148
78046
63875
63892
64132
63476
64388
77006
92241
98842
96598
80899
75044
81747
68938
73083
70562
69028
68771
66061
66934
66886
68489
79654
67673
67973
64926
66470
83684
66852
69208
68216
67626
67496
67405
68146
65540
68765
67885
68447
67882
65820
81892
98582
64475
81820
110714
94102
66120
68781
65559
66887
67222
70069
66104
66059
62979
66211
62895
69063
65557
63536
108504
64135
63387
62805
95832
91746
65772
63055
112985
63588
63003
63529
77491
63486
63327
78028
63778
63830
64065
63847
63629
63845
90446
80010
63515
64058
63939
63789
63214
109043
63594
63869
63952
64095
63237
63501
63668
63470
63408
63911
76566
63790
63825
63472
63885
63947
63810
66633
63541
63413
78359
63383
63963
63495
66332
81453
63862
78514
64127
63662
63756
63509
63558
63407
63061
63597
81576
79292
64087
63830
63105
63468
63707
63570
63682
76831
79163
63871
64745
63351
63895
81853
63044
89668
64121
66231
68423
104953
68492
63181
63246
78458
65482
65816
79732
66947
66162
66402
65465
66536
63006
89689
63524
65812
66186
65843
76529
63224
78608
79090
81407
78046
66654
66446
66273
66363
65873
65873
66222
63125
63421
69128
97205
66745
83128
122786
68290
68068
93944
67950
69845
70018
71921
69735
69289
69438
69393
69558
69167
68538
68793
67749
68491
67819
83108
82567
69339
83228
96578
72502
138882
74646
87829
70461
69914
70359
70314
70811
71800
71462
71710
72732
71271
92574
97679
70883
83249
71865
82450
68765
68421
70114
69115
88607
70509
70272
71593
70656
81511
83427
70700
71710
70481
71769
84322
85212
69521
85590
72270
71695
70795
70374
68583
68362
72107
70214
70206
70634
70347
84987
106292
66099
65281
65197
64750
65010
67711
68370
68360
67675
67753
71198
71380
82809
68698
69218
69459
70111
68428
69121
126211
68562
68106
67731
113172
68737
69077
68568
69867
69271
69662
68549
68804
68502
68952
67423
67925
68842
95333
68658
68335
69468
69446
70272
91156
68453
68301
68455
67731
67721
69128
69516
68872
68672
69600
69067
71397
71105
70734
82801
68675
68304
82183
70168
68498
85677
68543
71978
69215
69579
68417
69105
81183
69006
67932
89167
67535
68807
97066
70749
71850
96954
71521
71214
71388
71574
70660
69882
70251
83731
84493
91217
69422
68920
70077
69766
69671
68467
69253
68462
68671
67777
68429
68948
69596
68913
70075
69802
70027
69104
68991
68194
68171
67739
67850
87916
68695
68552
68621
69825
69236
84468
69324
68381
68918
84354
82282
68461
67914
82315
68899
69580
69207
70182
69168
69963
103785
68799
68536
83904
70906
72838
70609
71789
68921
70011
69504
83858
75246
73592
71742
70129
69486
70168
69973
69459
81480
68646
69173
68941
69086
69538
69418
81097
98349
83655
71033
70038
71656
71486
69767
70533
70972
69772
97639
99974
98569
69703
69053
81493
72503
70540
69789
96622
73307
72448
91820
83653
69053
69224
83841
71026
70812
70443
71159
71607
99857
72022
113034
69159
69357
71500
70233
70480
81203
68579
67737
70757
71013
69838
92292
69703
69255
69866
69571
69426
68398
102982
67901
68370
95968
68034
69173
69377
69353
69183
69511
69248
69372
68597
102420
67824
67915
67779
67618
69429
69814
68953
69355
69231
96732
68975
69047
67679
68708
67801
68676
94389
72030
71235
72252
69123
69320
69302
69893
70504
70363
81612
94885
68115
96053
68841
97838
69773
69246
95327
69223
69080
121292
67882
67628
67547
67708
67947
94476
82778
69796
73166
101912
73844
84530
70864
67948
68252
67600
134665
121433
68440
69399
70194
68848
70238
69178
69444
69097
68444
67728
67924
67705
67592
69929
69432
97946
116593
69366
69305
69171
68632
67554
67662
68062
67930
67919
67772
70020
69703
69935
69328
69860
69270
69660
67633
128755
67871
68250
68164
68165
69643
70354
69420
69534
69072
69040
69035
72489
67740
67667
67579
67647
67683
93848
125840
71952
73455
80183
107093
74081
70142
70224
69845
70141
79073
67987
70249
69469
69796
71680
83935
69520
83421
82162
70320
69320
70954
70736
70985
68994
73460
69326
72049
1452794
73266
70919
72485
70279
70380
70056
70585
69985
71227
69459
69411
69328
84623
71405
68830
70355
96158
81657
67918
68675
70751
82331
69805
98122
69143
69949
68704
69326
68798
68464
67543
68301
68469
102385
68367
70311
135677
70188
69080
68903
69215
68636
68012
67995
68168
68883
68396
68146
68625
69566
69172
69012
68850
68556
68588
68708
68157
67675
68483
136434
112610
72935
74177
73879
72789
71062
83415
68797
69609
67981
68618
68214
68678
68353
68698
69374
103131
83993
69246
68638
72755
70415
67981
121502
70120
68628
70279
70660
81330
66917
78742
66104
80551
63929
116293
66097
66244
65369
66362
141130
62867
63175
63541
63777
90256
63732
62950
63651
98208
63591
63302
63513
63633
62969
63774
76663
66137
66265
63752
78062
63873
66061
66331
66718
63487
63915
77332
64041
63538
64225
65745
63377
63313
96068
63561
78499
66129
64033
63357
63100
91194
62923
65854
65714
64011
62956
63096
65873
66243
90669
82204
74492
67025
67904
65231
68930
67445
80425
67366
66019
65620
65515
65817
65524
70215
68201
68283
67781
195488
67230
65515
65378
65174
64684
64789
69329
70614
68171
66776
66941
67421
67119
70026
67945
67915
67226
66789
68819
65593
65272
65881
67062
66916
66873
64862
64568
64898
65461
66924
66010
65196
66210
72239
65383
69953
65327
64913
69094
66732
65809
66878
65969
65049
65158
65298
65679
65422
64926
64985
64954
65079
64990
64643
64733
65010
65763
64785
65348
64763
64928
71016
68347
68899
65013
66536
66135
65255
66253
64699
65198
65078
65666
64653
65673
66106
64912
65122
65628
64499
65198
65264
64860
65254
64764
65467
66713
66257
67331
68547
67231
66674
65545
67368
68000
65137
66029
66920
66382
67415
66713
67494
65235
64894
65447
66604
65699
67705
67930
65960
173049
67319
66046
67073
67100
65787
65207
65897
66049
65708
66622
65315
64913
65435
66051
65716
65828
66691
68372
69786
66418
69881
68883
70135
69362
67167
66131
65182
66208
65871
64857
67987
65778
65114
67834
67089
66191
65279
65266
68744
67714
66550
65629
65802
66943
65654
66580
65604
65814
66323
65677
65251
64961
65753
66934
64968
75518
65823
64895
65023
68933
65858
65777
66861
67405
67941
67005
67959
65860
65386
66203
64857
65350
64874
64988
65988
65962
65995
65444
66205
66673
66178
65961
65472
66192
65677
65526
65975
69545
66887
67793
67588
67853
66623
65919
65774
66161
68157
67453
67643
68945
69275
68533
66304
66071
66543
68573
68845
66832
82686
72805
68705
68813
71936
70887
69836
66852
65348
70430
65845
66831
65399
64375
67769
64822
65401
64795
64681
64941
64929
66184
67521
65453
67781
65133
67148
64934
65888
65947
65397
65589
65014
65355
66027
65939
65184
65157
65435
64610
65461
65258
64819
64728
65288
65246
65556
67608
67297
65464
65309
64807
65350
65171
64999
64694
66285
64793
65108
64934
64676
69404
65838
66008
65961
65872
65383
66456
65449
64987
65701
65568
65550
65626
70473
65146
65220
66095
66651
64793
64690
64939
64995
64882
64938
65440
64978
65003
65433
65886
64852
65282
64955
65208
65011
65808
65336
65577
65266
65776
65561
74356
65617
64949
65282
67742
65638
65158
65341
64851
64943
65187
64942
65584
65123
65194
65983
65359
65620
65717
65270
65710
65376
65707
65472
68594
65211
65936
66781
65803
65860
64644
64859
65533
65169
65313
65177
65367
65267
65369
66304
65259
64883
64924
66304
64695
65536
65073
64408
65005
65137
65440
65348
65233
65087
64679
106659
65296
65568
64730
65144
65844
65340
65666
65598
65584
65617
65144
65725
65555
65422
65164
65401
65247
65450
65865
65607
65369
68317
68034
66163
65625
65698
69162
64948
64887
64656
65296
65246
65814
65163
64465
64834
64596
64992
64733
64975
68359
75866
74619
65794
65550
68074
65768
65667
68114
66884
66766
65929
66574
66270
66685
66564
64987
64896
65283
64905
66511
65880
65182
66094
65544
67173
68020
67423
66932
66614
67015
68170
69022
67214
67008
69107
66512
65465
66856
64938
68876
65247
64861
64854
64500
64755
65217
68656
65178
64849
64810
64818
67769
65156
65868
64521
64702
68527
65062
67167
65221
64749
65045
64915
64989
64461
64945
68735
65171
65529
65428
65396
64543
65038
65232
65078
65126
65076
65241
65516
65386
65880
65699
65347
65121
65424
65615
65911
65551
65195
65675
65495
65428
65715
65766
65308
65060
65383
65860
65516
76201
91304
61762
129210
62044
65500
97275
65073
64213
65296
64755
66588
64424
64457
64176
64531
63658
65448
81293
66923
61941
61722
102131
61230
61636
102410
104845
64133
64590
67338
80124
66349
65491
64512
91185
66271
64339
61576
76171
64306
63945
77655
65004
63460
63547
63785
63857
63147
80487
63471
94773
64129
79327
77525
65726
65821
65824
66116
68601
66511
79093
82733
76346
63002
78864
66305
63207
63518
63895
63179
63794
91986
63418
64343
63459
63792
63277
63576
78021
63016
78760
79794
64519
63433
62979
91250
63473
63853
63867
76929
63876
82375
86205
63682
64449
65512
93007
67736
63080
63395
62895
63815
63815
92270
63538
106010
77884
66678
67465
66205
66910
72058
70164
69537
67368
72822
67132
63748
77514
68597
65359
67421
67789
65887
66290
80671
63296
63359
63309
65820
65042
63734
64851
78636
80873
68940
71289
68374
69208
66886
105243
66047
68397
68875
65853
65288
65099
67440
63624
65402
64796
67237
63311
80614
63987
63247
63159
66918
63208
63820
63090
64586
63221
63362
64679
63452
63170
63131
63012
93199
65769
63895
63139
63170
86639
63233
63046
63065
100106
64015
63411
63754
63566
63576
63622
98177
63384
63839
63587
104230
63677
64027
82896
78794
63595
63463
77032
63938
63096
79293
63545
63550
63629
76676
63637
63702
78721
63910
63545
63836
77444
63271
63621
78494
63681
64131
63764
64292
67368
63965
78918
63644
63805
79793
77946
63890
63851
78831
63382
63736
63845
76609
64123
63619
63654
63725
63608
78508
77908
63724
93912
64390
91060
81692
63489
63659
63135
63601
63336
87291
63250
63524
63786
76810
64207
65938
68026
78919
93913
63802
66443
66173
67160
63644
65947
67085
69351
99657
65759
66118
66400
65869
78452
63649
63303
63312
68190
66816
66791
66461
63633
63524
63574
66689
63701
63303
78092
64494
63632
63092
63816
63880
63828
67761
63472
63705
63190
63005
80291
75925
65727
65667
68613
65725
76454
63789
94556
65875
66271
67451
67815
63690
66484
66340
67043
67010
66334
105035
100837
122940
79871
79424
65713
66507
66155
66589
66446
66285
66743
66321
66276
63693
66253
64410
63825
63433
90126
66617
65516
80010
64031
97800
67202
104745
63355
63193
64179
97806
63181
63305
63315
64100
63307
63589
63120
63932
63368
63286
76865
64186
76688
63904
64095
63451
63613
63738
65990
92610
63598
78499
62814
63203
64132
64179
63973
63794
63168
63749
63589
63219
90332
66232
63461
63729
77973
63818
63565
63729
64597
63851
63843
91771
64026
94122
63736
64168
63845
90658
91900
63739
63583
63691
63420
66175
63475
90012
63756
63552
63738
78425
63714
63802
64420
63582
63655
64016
66548
85359
63893
63956
63974
64360
144917
68377
64881
64914
64868
63429
66842
65742
66254
67047
66420
66807
64231
64073
63373
98843
63864
63533
64045
64148
81482
78481
79462
79415
65480
63226
89992
64197
65132
66878
64048
64171
64306
1334605
65243
66774
63758
64027
63414
63264
97486
64114
63688
63436
90389
63485
63458
64147
63389
63923
63714
90000
63970
63912
63983
77160
64229
64482
98789
63469
64006
63966
63566
63931
64153
85149
63864
63812
63637
77446
63510
63771
63710
63691
65218
63838
97782
91464
108743
65806
65408
65188
65221
65361
78106
66103
66411
69434
66497
66001
66023
66991
65760
66247
66276
63449
63539
64262
64488
64464
63926
77289
156402
69603
106047
81149
92960
71981
72577
69295
65434
66932
65461
65851
90690
64164
64122
63228
63621
64246
82152
81738
78938
65580
67230
68990
67537
69017
70167
69588
66348
94269
63687
68491
66665
87773
66665
64070
91237
66289
66122
67109
95619
63345
66435
63116
75604
65737
78334
65773
65523
68965
65821
81512
80197
67680
66652
66168
66228
91906
63496
62855
63271
67969
78993
80269
91447
63535
63237
63611
63844
63439
62942
78206
63212
62788
63280
77589
63632
63583
63620
63547
63280
63482
92725
63604
63743
63393
63904
63688
63476
89638
64600
63449
63664
63587
64080
63685
91747
63890
63427
63586
63963
64083
63530
63903
63503
62701
64033
92475
64383
63442
63954
77035
63557
63360
64183
64265
63653
64824
117643
63223
63700
66006
63670
63122
63556
91650
65851
65848
63809
63360
63190
63431
96657
63873
63319
79169
66303
65705
68805
94680
81738
66599
64928
64484
64800
65980
80973
81150
67379
83924
65554
65106
79111
66460
62847
63592
92034
63798
63450
62959
62630
63178
63210
79280
107892
127961
91608
65192
64745
65264
65648
66515
65813
66563
78615
64291
63837
63449
63854
63462
63194
89570
70465
63369
63022
64533
65814
63872
63999
63567
85644
62922
62986
63040
90376
63346
64422
64171
63491
63834
64168
91544
63975
63280
63653
63529
81688
65936
66916
76194
79728
66247
66842
65807
65841
66116
66929
66070
65916
65584
69054
65539
66211
79917
69599
67751
67824
97342
93084
80527
67183
68699
70897
68218
64957
65320
83274
65017
77283
96716
79829
66741
66442
69177
63977
79972
77780
63246
68247
70914
70578
68717
67368
68891
65176
66165
67048
79054
66588
67519
67698
65780
65616
66295
63880
63296
63082
63162
66204
63931
63897
65133
63906
64297
64326
64156
63630
63715
63931
64897
64012
63837
70197
63180
65628
66161
66275
65741
78530
78089
63491
63541
118669
63407
63687
63491
63544
64488
63656
63686
64384
63967
64121
78317
63964
64019
63572
91868
79113
63174
63432
63171
63778
63487
63801
63802
63098
64563
64193
64055
64093
76252
107504
63723
64378
64511
64985
64368
62095
102968
92622
80232
64211
61892
61722
62085
61612
90047
90849
64468
91346
64072
64325
63716
89966
64587
64405
64796
89582
91957
92005
70519
68964
70145
67046
65629
67378
65095
65996
64882
65981
79142
65962
94725
66129
66259
66047
79394
66253
66812
63753
66483
94819
97525
79717
76596
65999
64754
65361
63873
95400
63534
63237
64120
62965
63352
63137
63218
62937
64108
130910
78008
66384
66648
67706
65905
65846
67259
66450
63556
64035
76964
63753
63339
62954
66324
65749
63059
98678
63379
63448
63260
106687
66547
77837
68733
66764
71651
81211
69128
65024
64842
64332
66109
65842
65999
81479
72292
77963
74276
73403
72212
66039
66837
68542
68228
64836
67780
68688
66998
64859
94559
64782
70763
63444
64045
76571
63142
66206
66772
66570
68392
65999
66205
65872
64658
62878
65281
63436
63408
102880
62738
65238
93888
96024
78358
63258
62823
105157
63909
63835
63502
63210
63219
63049
63608
77761
63677
62887
63563
99536
63134
63415
63307
63978
63322
63665
79841
63836
63743
63825
63529
63240
64184
78660
91821
63455
63829
77487
63644
64694
64048
64365
64430
63693
64469
63683
63782
63567
64000
63950
64136
63740
63804
63672
63941
92785
63956
95810
63584
63646
63727
63777
92819
63560
63816
64169
64448
63833
63543
63741
82018
63944
63339
92819
92975
67758
79890
75984
63711
63688
64352
63418
64441
139424
93698
104901
65092
65406
64683
65561
65815
66413
66654
63851
70996
68092
67135
66791
66025
78055
66913
65816
66932
65971
79593
91959
78959
66318
66052
78762
65905
65961
65696
66155
64039
63643
92224
63388
65969
76987
63316
63751
63494
64176
63521
63767
63971
64543
65583
64164
65343
64603
64503
64058
64576
63424
63496
63967
63891
63709
78243
64587
63914
63729
63460
63575
64568
78311
63317
65594
90730
63559
63578
63625
63212
63537
63528
63568
64182
63893
63561
64315
81179
70130
67540
79562
88635
65984
67824
63884
79842
70430
69036
80199
65717
65200
65438
67036
82478
80216
83556
68284
68235
68405
68129
67384
68540
68216
68981
94936
107665
65976
66214
67492
65707
82755
68025
65535
66679
70776
66058
69707
66459
79501
66098
81873
65282
77491
92553
65623
94775
94137
66752
63194
105539
63387
63179
63263
105665
63489
63350
62816
64714
63009
63195
63668
100688
63871
63652
119030
63979
75857
62134
113710
63626
63866
64345
90159
62034
61511
113598
76186
64354
75522
64656
62405
62563
78253
89602
64459
64131
62278
76238
64371
115644
76871
62041
64710
64291
64418
64014
113335
62095
62609
65196
65166
62261
62297
114946
116711
92259
79134
78844
64805
78946
66267
79815
66425
66143
65929
91799
64279
79720
65527
88819
61596
61589
61778
77147
63725
63475
116659
64357
91120
65422
107072
68130
66511
66097
67113
90790
63259
62906
64096
79976
67709
63739
63390
62740
63475
62989
63451
108797
105411
63490
63167
63120
63547
62999
63279
63025
63609
63741
63948
98115
64148
63702
63168
63439
63218
63746
89149
64927
63816
63799
92166
63253
65550
63842
77114
63648
120633
80110
66827
66036
65418
65325
64873
64747
64998
90914
63874
63206
63843
63565
64180
63338
90020
64692
122694
80987
66942
66080
76218
64059
63373
91588
81813
62710
63016
63341
63052
63197
62942
63033
63359
77554
68374
66064
67323
64614
90102
64647
68649
67916
69934
69774
65391
70259
65869
65059
65646
67282
77203
64099
63723
63567
65595
66357
64309
65047
65719
63919
66223
64033
65195
63454
66346
63459
67570
65840
65388
66301
67557
69887
65603
66834
72063
67213
69828
78835
80754
64292
63946
63141
94158
65000
63526
63690
63840
63258
70035
81360
80671
63731
65980
67749
75821
68099
63370
92040
64401
64504
64402
63930
63979
63906
68010
65925
63380
77251
64518
63545
66795
81559
68057
83918
63557
67482
66222
67720
106958
65027
64715
63357
93922
81394
66177
66810
66783
66747
66620
92635
63819
63880
77200
64298
65922
81179
92076
68422
68409
66496
67217
85998
103717
86875
66460
80122
1468908
81073
80166
67191
63421
62903
63611
66201
66238
75712
63685
66834
63136
65660
66436
68989
65999
63918
63793
63792
70007
63226
77450
76428
63212
63178
64039
63354
62901
62716
63113
62874
63443
63191
63232
96339
63068
63412
62999
63198
63671
66047
63110
63341
62777
62974
63199
63314
63210
63009
63680
63163
63024
63880
63200
63420
62960
63344
63679
63285
66231
72303
68148
67030
77557
63930
65734
78662
93608
80956
68447
89965
68438
81835
66029
66337
71659
66784
70157
67588
69166
68374
72137
65585
69377
87663
71747
96565
67947
81758
83672
69887
67812
68423
69605
64691
64421
65266
68313
69761
66536
68029
66777
66955
69828
68502
69585
68177
65756
75806
65823
65042
65088
70230
67444
67868
65537
64718
67295
66972
65804
66177
69142
72732
70570
69674
68850
68207
69223
67519
65720
65769
67070
66533
65807
65561
66275
67402
68655
67297
68589
67683
66331
66262
68467
67306
66131
66255
65610
66837
66608
70431
72005
87919
66944
70776
70708
69957
68795
68585
67985
78367
69831
66715
65311
66173
67073
71777
65317
69349
66532
68064
66144
65282
65547
67395
66333
65877
68556
67011
65573
66383
68149
71485
67508
70212
68625
67522
68202
110860
68898
69780
68813
67830
65711
67848
67196
65326
66315
67273
66589
64866
65591
65876
66496
65121
65443
66992
66046
65785
67905
85947
82650
75012
66809
66372
65975
66861
66264
65561
66312
72044
66964
67352
68543
66272
69142
65595
66167
67728
67724
66041
66774
65765
66787
65716
67168
67029
66736
66823
68029
68294
66783
67109
66478
67771
70407
70060
70713
68203
68729
68713
70666
66764
66942
67558
68059
66615
66702
66387
64998
64911
67262
65796
64979
67313
66888
65861
67385
65595
65539
66429
66966
67463
67945
66765
67138
67395
69347
67036
68486
72232
72769
79522
67111
66388
70997
70279
68310
69405
65969
65564
66702
67827
67979
70945
66695
67262
66698
67151
70997
67076
65610
65509
66030
68753
65524
65671
66360
67030
65430
65234
66241
65209
65412
66468
66619
67292
74573
68748
66629
68778
67776
69180
68072
70059
69989
69875
67520
68305
68646
69480
67910
67329
67335
70922
65935
68328
66293
63732
66122
68978
66012
65780
69672
77236
63272
66055
76314
63967
63128
63299
65824
68273
92355
67120
67332
68434
66167
65143
65176
66215
65618
65990
66238
66259
64928
65296
66597
65719
66315
66097
67348
66743
65833
66030
65262
67139
66816
67094
65454
64758
65931
65534
66253
65467
65662
67038
67839
65742
66373
71583
68479
70013
66440
73024
66979
66246
65458
65864
66914
65623
74172
69234
69939
66921
68075
66816
66785
67997
66655
66085
65400
65886
65464
65423
66172
66902
68196
65510
66011
65619
65459
65925
65085
65372
65434
65126
64747
67783
67621
65177
68442
68809
67010
68327
66870
66768
66689
65807
65871
66653
68365
67938
67513
66440
69656
68630
67061
70341
67229
66651
69259
67295
66761
66031
68358
67169
67899
66817
65988
66081
65337
65748
64479
65799
67177
66723
66179
67472
65902
65687
66979
65503
66442
73611
68219
66027
65759
65120
66400
67014
66307
65159
66057
65318
64804
65995
65701
65568
65328
66741
65029
65178
65398
66294
64780
68752
68786
67714
72099
68905
68115
68633
75179
72143
68527
70909
70210
69036
69363
66971
73518
67169
70671
68187
71308
71685
69498
75306
71819
73055
70339
69104
70217
70590
83213
69564
72103
73063
71423
69631
69360
67498
69051
68957
70061
67058
67654
72238
66211
70616
70455
66516
74126
68820
65727
65663
68900
65760
64889
67216
64552
78223
66765
72654
69669
69179
69917
66875
66200
65606
66432
72107
70827
66924
70981
67238
69955
68283
73357
65589
66435
66251
66429
67399
67478
66480
65895
67056
66296
65509
67481
67083
66637
66260
69916
68311
67654
65580
66338
66225
65245
65573
65610
68052
65653
65328
65364
65571
66178
65965
65601
66132
65449
65820
65456
64503
65968
65766
65356
65039
65738
66450
64748
66193
65623
65364
68601
69127
70142
68525
66114
67500
66693
89135
74090
73174
66896
67308
66943
66697
66060
67281
67751
66297
66107
67049
66406
73282
70512
67757
66578
66322
65894
65408
67274
65883
65832
75135
66688
70714
65923
66336
65044
66752
65534
65434
65593
66975
65988
65590
66515
66853
64984
66539
65595
66317
66771
66355
66398
65920
66448
65844
66653
65792
74682
68024
66383
66183
65106
65359
65496
65604
65611
68243
67215
66278
65851
65569
66075
69414
70594
65871
69274
67670
66120
65811
67020
64853
66061
65464
65036
65140
104677
66032
67284
67061
66404
66411
66205
66973
66906
71351
72968
71591
68641
68220
67493
74656
73264
65003
102325
68431
69247
73919
68788
73726
74034
70269
68154
69720
65955
66305
66931
85571
81990
67451
70663
72521
65390
66784
66806
69287
67022
66755
64664
70420
64945
64740
68726
67117
65902
67701
66792
65892
68307
65527
65788
66517
66960
70934
67855
67971
67902
67765
66053
66334
68304
66941
66255
66569
67787
67352
66962
66285
68690
77585
67899
68110
70185
66688
66268
67304
67741
72492
71802
73600
72106
71167
69973
69121
68262
68668
66762
67291
66301
69251
68523
65962
66426
68555
71477
72761
67491
66557
67725
67537
68399
67883
69150
67299
66517
68185
67532
70414
66057
65895
64997
65930
65547
64804
64785
65230
65758
65509
65765
65264
66135
65779
65285
65965
66324
68468
66048
68491
71243
66774
66289
66081
66698
67608
66482
66769
67310
66172
67624
67101
67294
65267
65370
66837
66571
69446
66293
66646
66268
69974
68348
66441
67081
67206
65473
65985
65546
68010
68790
71302
66183
66100
65923
66975
68577
68699
66398
67091
65969
65856
67132
67795
67091
65473
67292
66098
68336
67021
66840
67706
69429
67519
71720
70386
69882
70197
69304
69665
68650
69591
68150
67722
70216
69211
66627
65849
68192
67883
68376
65673
67816
67758
66406
66219
69180
66487
67350
65770
66057
69445
68115
66463
66268
65956
65362
66436
66838
65642
65333
66418
69434
82413
78722
67274
66911
67602
77059
69192
66871
67487
68259
71867
68382
70034
67197
69466
66900
68782
68082
66570
67444
68189
68561
68832
67685
69281
67594
65672
66133
70445
67171
68251
67297
68615
69601
67916
68727
70661
71475
69927
71884
67890
67467
68825
69191
66641
70499
69419
66741
66135
66726
72303
65069
67006
71190
67760
69635
78674
67617
64540
65570
66858
65169
71013
69292
2176250
64899
68941
90204
73889
67017
66616
66553
66578
65874
67639
67354
66063
67518
66356
65908
66730
64810
65174
80545
64841
65319
65731
66182
65674
65170
65614
65703
65380
74306
65625
65587
65353
65861
66088
65570
65391
65033
66574
66070
65448
125207
167653
66628
66064
65780
67689
66294
65755
66121
65715
74503
69743
66342
83619
65872
66960
65961
68233
67785
146095
70782
66963
70170
67409
65723
69114
67993
67747
67302
67356
68000
66723
66221
67367
65924
67988
66855
65669
75243
65442
66523
65608
66782
67320
66209
66970
66713
67173
68601
65988
65973
65777
66911
64963
65773
67606
66427
65951
67115
66321
65759
66152
65931
65758
66764
75146
67223
64819
67134
64985
64890
65531
65110
126900
133763
72314
66380
66663
67063
67758
67257
65999
65044
68703
66149
137997
66848
66654
85439
65991
65651
65957
68261
73001
66556
74861
73361
70370
65870
67750
67240
68521
69039
265949
66204
68738
67798
71859
66788
69085
79780
68630
71769
67857
72836
67737
132348
67170
66616
70591
65143
65399
66772
65835
68755
65237
66114
68855
65613
64861
69030
65643
64825
69942
66598
64620
75765
66338
65512
121186
64946
64580
65772
66112
64646
67317
65083
64990
65070
65374
64814
65425
65951
65880
66804
65107
66431
65224
65736
66103
66441
73216
67664
68316
67498
67336
70218
83679
71842
69924
243426
70774
72317
68055
68212
66668
73651
72221
72169
68357
68091
68597
66274
66103
67006
65744
65331
79830
66706
70957
65421
67674
70128
67225
72124
69621
68563
71229
69373
70928
69394
178298
65796
66499
65764
166825
66173
66316
66010
66679
68056
64941
66404
65275
65785
65849
64654
64920
65579
65890
64926
64987
65135
65442
65024
65385
65563
65437
64890
65410
69156
66911
65663
66713
66141
67027
65382
77053
70675
69553
68200
67708
69197
70437
66680
67948
68884
67717
68110
70285
66361
67357
67310
65104
65405
66343
66694
66299
65793
65035
66956
66081
66190
76411
69115
65894
66816
66581
65414
65825
65507
65549
421018
130756
66887
68077
67892
68418
67408
68123
66187
66377
67969
69777
66074
77061
66087
66172
67885
80455
68041
66994
66643
66693
67824
70144
66718
65891
69976
72968
72208
68210
66905
65862
80100
246741
66384
66460
71419
68346
67815
69421
67726
68765
71824
71883
69111
69114
69370
68992
137256
66829
66863
66870
66853
65418
68818
65298
65069
73760
70271
69632
67789
66920
71294
65723
67350
65357
66760
65374
67079
64677
64909
65707
66596
65146
68005
66929
72019
71543
74830
67669
67734
66872
68322
66625
66854
76911
66384
65922
68759
68495
67576
67823
66449
66650
66115
69626
67017
67952
67144
69975
69103
65843
67231
65926
67613
67072
66730
65901
67693
66735
66207
67756
65701
66295
66862
66161
65591
65486
67045
66030
65965
66643
68445
66227
64983
65775
67745
66000
165175
67371
64971
65910
68706
66981
65930
67443
67605
67027
103508
114574
67051
81614
178681
66674
65419
236601
67558
67085
72564
68591
74124
73170
66988
68141
67851
65917
66639
66250
68199
65807
65964
155345
65523
66038
65038
65799
65263
65254
65693
68421
68448
68478
68058
69541
66460
67693
67148
65148
66046
65244
65688
65566
67833
70293
67675
69293
66426
219406
66918
65489
70204
66100
66174
65374
66575
66090
67245
66904
68271
66800
66998
66938
81751
66619
66189
66852
65938
65515
65622
66358
75771
66382
65762
65209
68793
66860
69346
67377
67777
67376
69071
65782
65793
66506
65910
66444
66213
67678
66114
66420
65098
65083
65145
65411
65010
65528
75098
66282
67171
65683
65527
66102
65394
65481
102835
261898
65243
65505
66266
66360
66733
66554
66771
66980
66711
65625
65332
65794
67039
69553
72391
70275
68682
66325
69708
70695
68905
66095
66914
71348
68527
66945
68083
65223
65346
65599
67226
65158
65929
65905
66436
64950
67053
68392
66898
71689
66723
70087
68600
73048
68144
67162
70906
67961
69405
67812
73177
66713
69232
71165
70372
68462
69199
79836
71597
69317
86411
77913
67125
66433
66164
65975
68190
74563
66626
68416
67901
69909
66780
66227
65308
66008
65214
66454
68644
67256
66983
66918
68296
67758
86016
169789
68515
69665
67103
67266
66637
65451
67749
65707
64874
65250
65908
66967
65940
66500
65867
66226
65274
66434
66362
65121
66258
107362
116562
67098
66354
65734
66114
67157
68501
67210
67353
65479
77867
66105
65995
67140
66100
65216
65039
65417
65957
65017
65147
65034
65372
65450
65716
65439
445549
71784
65555
77393
68620
65935
76895
82756
66515
66047
66071
66227
65790
64728
65702
66466
66727
66031
68610
65304
65165
66309
69749
67298
66295
69628
66384
65931
66574
66834
66194
65472
65972
65967
65046
65836
65404
65693
66619
67295
67259
66983
67958
72712
66566
65664
66177
67034
67533
66230
65823
66656
156272
65783
65810
65981
65562
66198
65250
66551
66452
65598
66171
94646
79185
78827
76999
66240
65243
66410
67143
80382
71610
68951
66927
104975
71682
70513
65639
65123
68670
67156
67487
65729
69721
67639
66785
65368
70454
69756
66183
65949
67651
79049
68450
80962
65940
66751
76747
83252
64249
67054
67949
69361
68241
67361
92401
63249
64127
63820
91959
66258
66087
80494
63397
65215
63328
117264
63253
63948
66974
84272
71008
66121
67019
66749
67614
66139
67432
66097
66444
66402
66432
66966
81310
67970
79926
67435
68231
67586
67006
67651
66657
67400
80901
67434
66504
66528
79164
66422
65946
80924
67703
68554
68221
67887
66303
65751
66647
66194
66161
79447
63412
198425
66051
66335
77125
76371
66676
66590
69449
103834
68128
67344
63959
64208
64355
69657
68721
81579
95120
67709
70209
66982
66671
66720
67365
66389
65125
74770
64934
66017
67367
66544
66678
64001
63858
93977
64094
63595
64366
63850
66525
66291
92898
67330
71206
67469
67297
68889
66500
66549
66594
66242
66038
66153
65924
67396
66510
66510
66449
66263
66199
67024
66262
67070
66255
66729
67594
67782
79401
64827
66075
68536
65961
79716
93376
63710
67710
86576
69761
65875
64834
68303
68429
69659
70762
64947
69228
79865
66072
68361
72465
66458
65948
67820
66627
65650
65737
66379
66157
65964
65767
65388
220775
69825
65034
66814
78658
63407
67175
66316
66107
67320
67438
66325
70681
65031
68864
69610
73111
74540
70405
73992
76380
70733
68266
68124
71250
75951
68999
70158
68878
66386
67052
63767
67752
66441
63896
65264
66752
66535
89776
67828
67353
66892
64782
68707
77903
66433
70604
66271
67444
66586
68488
84566
66967
67891
65912
66474
69121
66586
77685
68222
69432
63845
64492
131266
66318
63117
78701
63848
65533
64431
103559
63823
66879
67587
66054
67502
67929
67149
66286
66370
66174
66486
64485
81403
82163
67871
66657
85196
79721
67386
67409
95404
67674
66535
64973
63674
63570
90824
66428
66201
66213
67047
66712
80813
66508
66175
67229
63543
64600
63750
66599
93336
74103
71204
80563
66778
66547
66194
67133
66784
67195
95290
64310
67405
67000
67730
68135
64208
86055
72743
71441
88749
68403
68380
71218
70531
69011
66482
66642
65996
66275
65800
66389
70495
70676
68285
65010
68542
68468
63635
64168
64303
66437
67337
67618
67054
80157
68724
67440
65107
91490
76833
66704
65492
64423
67344
66484
66218
91680
66677
66193
92873
66269
66853
66721
78972
65948
65175
66045
66886
67340
66207
66564
65672
66260
66524
66041
80533
66364
91939
105020
67527
65859
79991
67218
66422
68513
69971
71338
70274
71983
67330
68418
69109
67329
67296
68263
70826
67691
69795
84248
171664
70368
66623
69765
65336
70123
66935
67756
66814
67159
67749
66579
67916
68021
66776
65943
67978
69480
68100
66064
67828
67201
68927
79945
74322
102341
69767
71953
68172
67141
66525
72462
70546
68953
69873
67421
70456
68427
63408
64513
91218
64720
64128
63909
65990
67682
68411
67350
79368
66657
87249
64281
64765
63613
79591
64388
66731
67751
66419
68029
68470
68586
121942
66574
63549
67066
67002
67526
145200
65332
78409
82038
67394
67163
73920
67602
66917
63748
63202
78149
67413
68144
81917
92014
63405
64640
63418
66204
81247
67139
68193
68106
68296
64802
77275
64494
68010
67219
82295
67986
86517
85408
91358
66806
69602
69038
66384
65872
66194
66176
66118
66208
65354
99924
69610
67342
63832
95599
66932
79611
65928
70866
86354
63626
90776
65244
64006
77761
83373
81831
80489
66562
67101
67340
66491
66986
66900
66489
66005
66547
67431
64394
63995
80023
65955
80026
67721
73117
64404
63899
64184
63867
64895
65319
65722
69322
68871
69146
67319
81089
67851
65923
66626
65605
66910
63605
64895
66483
66336
66860
103179
66757
100045
67548
83359
76864
70166
67561
72025
66535
67086
66316
66963
67108
69235
67855
71584
69141
70840
73834
69953
78786
67089
65999
69605
72474
69834
70489
72521
66088
65704
66676
66215
67131
66793
68669
66947
68188
65432
69783
65638
67019
65116
68690
65762
65784
69473
65103
66916
65563
65544
66636
67701
69216
82665
64459
63723
105862
64910
63689
64187
68152
67824
66583
66587
67409
66510
67246
67705
64093
63290
63785
92486
66454
67587
105689
93993
92408
67489
81160
78202
79675
67255
70791
66718
68005
80422
67110
67897
66157
66590
66321
67679
65856
64012
79298
67528
66800
81536
87706
67233
63540
64357
64065
63787
63614
77648
66501
65924
92885
66549
66925
65706
66204
66115
63476
63935
63772
66123
65822
79808
68139
67077
67656
64756
64635
63989
66719
78070
65577
66157
66556
78926
66184
77800
93130
66867
67564
72736
73880
74643
69089
70041
65824
70284
69974
67193
65948
65299
66217
67558
67423
67166
65834
66593
67430
66125
63702
65260
67229
65802
66532
67982
67940
66985
67907
67676
66925
64466
64867
64089
67601
67677
79608
79438
66523
64404
64300
77631
64813
66238
65830
66147
65882
80264
66221
81023
67072
66426
66002
66646
90940
61343
61720
101183
65392
90150
88951
76062
61675
75109
77945
64365
64565
64833
65181
83783
79218
87307
82933
81038
64807
67590
63937
64010
68968
66300
81973
67800
69959
68849
68590
68439
69110
80465
66824
65571
66538
79051
73849
70099
83537
66307
67271
69942
69573
92711
66386
67639
66892
69885
66725
67139
66568
81741
70449
79488
65782
66499
68213
78725
66329
71120
79576
68332
67150
100285
66731
63275
65841
66108
65436
81682
65717
65152
64889
64896
66087
65469
84436
77898
80793
67263
67062
63477
63999
63477
78471
65493
66402
66631
64239
63483
63392
77205
63408
63429
76760
67659
66530
65784
64098
63548
64007
63867
102386
62152
62140
61715
62295
62114
64662
64294
77310
69911
62762
62501
68323
65591
65249
65488
64795
66883
65805
62372
63033
61624
62063
91722
76606
61963
64660
106347
80831
79736
76229
74156
62007
61874
61712
62711
64041
64853
64501
104689
64837
64285
62161
75984
75264
69629
87061
68604
67448
66549
63609
64025
64925
63394
76188
63534
67973
66650
91949
65919
66408
79175
67007
67918
66651
76474
63923
63081
78827
63035
79399
63907
67366
68200
77667
77654
67751
66080
66308
66282
66488
67111
66257
76084
63648
63264
78519
64465
63593
63445
63496
63413
63706
63512
77958
76861
63776
64694
79473
63618
64362
63580
63431
62729
63583
63391
63369
63794
63402
64084
64073
63326
64036
63880
63760
64001
119795
69860
88086
85315
98940
66404
65844
64814
78420
69624
70623
67538
81416
72110
68489
65613
65596
65164
66065
65743
68556
69539
77409
63614
62950
68743
63102
63166
102036
67949
69986
65700
66623
78734
66268
68883
68146
119190
72118
63329
64791
104303
64980
63485
79479
63151
63445
63135
63290
63495
65214
66752
66752
78749
65839
77865
63447
62959
63402
63744
63333
117439
64068
63488
63403
64259
63044
64065
80061
64026
63187
63894
63946
64076
64301
64026
63678
63904
63433
95398
63810
63627
63342
63351
64011
64199
92359
63599
63853
63657
64078
64016
63767
99245
64455
64710
64588
63878
63988
63904
82981
64285
64477
64121
63495
86160
63652
77810
64292
64131
64065
78335
63577
64040
77279
64222
64694
63750
64264
65821
63192
91522
63284
63870
63013
63789
63233
63560
63562
63929
92038
96161
63940
63364
77696
63578
92408
63315
68105
80614
64380
66194
66437
66898
79654
63598
63876
63633
81024
79149
65681
67040
66216
65690
66701
69277
67234
63928
64218
78622
63437
63407
62968
1098627
67778
67134
66336
66877
66730
66042
63197
63668
63771
63476
63259
125616
121600
118128
66694
66219
66114
63379
76305
66004
66078
62985
63748
63298
66708
66148
66068
78337
63726
63240
90489
64233
63947
63670
63094
63685
103745
63432
63211
107129
82675
66922
81062
76237
72404
67582
66627
66267
68288
70920
68714
69845
68064
69398
68864
67431
70147
70268
71992
70599
69465
75918
68060
72465
67962
67410
71139
67016
67694
70796
66865
66163
66935
66901
68455
67388
63622
65613
71516
63281
63455
66199
66397
63632
63557
68208
88735
66610
65680
64978
65015
65232
65934
67022
65981
65254
64321
63882
92636
64809
64749
65267
65015
65020
64722
64147
63768
61483
61298
102912
64965
64305
83823
74528
62073
61966
61773
60992
63802
76558
104954
62093
61646
61606
61769
76055
62237
62159
90434
64605
61300
64343
64782
91563
65473
64686
68682
63903
64162
64810
64516
64667
64583
64153
92382
64473
64959
64580
63656
63694
64178
92104
64576
64029
63888
76149
63970
78454
65974
77094
62115
78940
61906
74217
63483
61691
61805
64448
64941
63971
75953
62831
64670
64502
64481
98863
89852
65581
117279
63983
62992
78270
65748
63415
66426
65986
67293
77756
89946
67399
92207
66165
64180
65935
77591
64515
64582
64610
61883
62114
74167
62675
64795
89127
74307
61373
61561
61780
61474
63245
63909
63122
63118
63773
63491
62898
63401
62879
63117
64071
63800
62892
63363
63794
64034
64238
67602
63216
62746
63250
66348
63794
64234
63310
62955
63256
63524
77492
63376
63192
63917
63583
63508
63111
63776
67297
63081
63185
63359
68174
68796
67634
73675
74988
80260
80363
69651
69681
65598
67162
63874
107194
80870
68666
69537
71258
67764
69503
68854
70260
70692
70610
67772
69712
80585
96343
65508
68773
80888
67086
71114
67041
66779
66769
66052
77049
66778
64335
63660
67203
68421
63100
64197
62990
67222
67628
65897
66281
78329
66335
67389
67895
67503
80520
73835
63196
62935
61344
64706
113277
64984
62078
61525
61608
61763
64106
64110
64807
64905
64257
63694
64632
65433
63954
64223
64688
64780
94389
61916
62189
61583
64151
64521
79169
79959
92126
65257
64760
61738
61692
61726
62193
64398
63848
64766
101183
64780
64228
64609
64360
64636
64347
64389
64943
64844
90484
96019
67926
68518
83557
64663
93484
80058
75659
63128
64110
77212
64444
67180
66115
67284
67856
67553
66322
66997
65516
67296
67544
82988
106128
68135
77268
79055
64849
65816
64489
66485
66532
66734
94032
92120
65336
64713
62934
62822
64292
63131
63263
65507
67025
81417
77681
80269
67272
66029
72391
63878
63789
63691
63274
62805
63116
63360
63911
63739
63460
63368
63484
63134
62928
62710
91297
63150
63322
62794
77925
63239
89336
63674
63625
63324
62983
62808
78724
76763
62966
63552
63428
63285
62798
63052
63498
63131
63487
64661
63231
63707
63009
63136
63013
63141
63408
64746
81690
82556
112650
67323
66272
66383
86184
71322
68163
66425
63755
76329
64184
69354
71429
67822
68342
68614
83229
71050
68428
69264
69252
70683
69620
69646
67876
70433
68758
67868
79155
88267
64252
63795
65522
66154
63975
67316
64111
66643
66514
66280
64246
65763
67151
65789
66176
65792
65641
70137
66106
68382
81211
66061
65157
65340
65313
65132
66599
66461
66537
66077
65825
65806
81606
63010
63660
63116
64259
74504
62811
61533
64291
93896
84329
63138
63681
63095
61730
103297
64996
65194
64381
64371
64673
64403
64978
65711
64678
63908
64291
76167
64331
63714
64346
62218
62025
61461
61682
65078
64059
64517
64037
62127
62138
61853
69290
92336
64600
64211
61751
61598
61675
62251
103668
66000
67179
66061
88873
64616
64290
64625
64596
66622
66677
66434
66215
77366
61590
61984
61689
88974
65670
128440
66128
69226
80824
77039
63408
63592
63083
63475
64143
63478
78558
77366
63879
64592
64381
66071
65626
91020
62373
62494
74837
61753
61821
64102
64114
64334
63826
63647
92814
64843
64768
64919
64601
64722
64393
64218
65071
64314
61386
61306
91681
61961
64041
79794
62183
62169
61805
64146
64271
61555
64010
89873
105804
107522
68265
65802
65374
65282
67249
65570
66119
66283
66364
66105
66549
77678
64384
76873
63518
63874
63037
90935
104050
96098
99162
77139
67976
67369
67534
67270
66799
67962
75711
67625
66554
82603
67601
69177
81206
95911
81379
69959
68507
70799
69271
69994
68425
68201
69197
67977
78728
97703
67754
68842
66555
67944
67075
69493
68629
70499
66831
66671
66991
71895
68333
79866
92937
67389
63998
63531
63979
92950
61979
64413
107399
90523
64640
78588
62058
101764
65760
65211
64273
63851
63907
61803
75791
62129
64646
65019
75357
61852
61683
63556
61514
61953
116878
75760
61710
62299
75858
61541
61287
61549
91931
64543
65425
65324
64748
63594
64010
61480
90862
63727
65090
65645
64957
64997
64913
64829
63577
63537
63793
65248
64528
65293
65649
65208
64039
64092
64500
63866
66548
94010
100859
80261
81115
64936
65954
112230
61873
61436
61692
88883
64966
64242
64248
89224
61775
61434
61441
108566
66841
67912
95837
67793
67102
67381
66525
66089
65723
66378
66455
94965
92168
104838
70913
66603
65981
66525
66736
66282
81096
65692
65255
65178
66500
65997
66574
66823
81815
69160
105587
65972
66408
68790
216053
101133
72951
66304
67913
69046
68269
67238
67903
67564
68195
66319
65793
67443
65452
66284
68192
67474
68819
66880
67159
65973
66360
66694
66665
68117
85981
66908
67215
66425
66066
66065
66896
65660
65879
66575
68371
69192
65599
65493
66571
66023
66086
76422
129410
62136
61835
61850
130489
64279
108861
65911
116711
61760
62136
62175
113652
65511
63887
64597
104192
62588
62356
61825
64421
64546
64081
91793
74462
62283
62306
64429
64374
90236
77191
62104
62103
62247
102033
64873
64893
90843
77005
64101
64379
64183
69294
64352
64955
64380
90149
61597
62255
61761
1184690
65012
64662
64922
64724
64458
64067
64858
64517
64316
63965
64429
64684
63795
64278
65288
62022
61578
62043
64418
64042
64287
62187
62260
61394
104278
79336
65222
130568
65726
66385
66925
66863
65944
65967
63341
63122
65481
65196
80814
65191
65606
65050
65116
64798
68749
63876
63314
63185
66434
66532
78507
64917
63076
66039
65131
66076
66156
66442
65732
65688
63549
63503
62919
63571
66681
79417
63376
66344
65801
65876
61781
61913
62174
62062
61129
62260
64632
65131
63923
64089
64437
61604
62047
61408
61975
64449
63971
143815
131170
78589
65513
65570
65593
69511
65723
66116
67360
63452
63647
63424
63396
66542
66371
65880
67715
68246
68826
64722
65157
65482
65173
65019
64701
68880
68319
70098
67698
65539
67715
67309
66032
69750
65987
66398
66748
64321
65795
65668
67468
67013
68947
67816
70617
64048
68525
64242
65029
66836
81178
70366
82217
70077
72973
78861
63850
107259
84527
97018
84860
65648
64894
64931
65277
67412
63766
100246
82145
66458
65899
77720
66313
69005
66297
64699
63377
63845
83893
66819
66799
66236
89941
64368
63487
63145
89874
64111
63751
63545
90535
64149
63624
63520
63612
64383
64036
63934
66532
63834
64091
79089
63691
77785
63549
105277
63831
64360
63810
63551
63755
64144
90620
64276
63837
79108
67696
65841
78233
65133
63872
78541
82140
63269
64418
63124
63689
63929
66855
66055
66542
68892
65967
65833
63735
63845
66167
76991
67464
72546
79987
69587
67104
66480
85970
66621
66981
66465
66305
68652
65812
63960
63409
63423
92375
77113
83621
63536
76788
63706
63818
92780
63389
64126
63871
92109
63590
63836
63517
64070
63536
63414
91605
63074
63660
63760
64025
65109
64463
96319
63860
63830
64072
76398
63684
63997
93493
63201
64183
63639
63601
63845
63623
92662
64128
64087
63623
63838
63477
64263
91637
63737
63206
64055
63521
94330
79147
78297
82591
63368
63631
63798
63157
63365
98246
66126
65189
64414
63851
65550
63968
79224
63495
63861
63338
63921
82815
68218
76431
114152
63331
77331
66176
65514
63874
99402
63316
63284
63272
63895
63501
63649
77290
63504
65527
63858
76649
63578
105115
78580
67306
63146
66319
63378
63868
63442
77600
63841
64310
96572
63492
64002
63755
116136
90476
91647
64155
82219
64474
64314
79403
64591
64908
64687
63985
64705
63545
78266
91053
91343
63821
63951
63327
62898
109439
63221
63605
63520
125371
63806
79039
63305
63502
63678
63721
92234
63654
63784
78465
63591
63976
63350
89786
89521
63879
63348
64058
63932
63851
90258
63722
63717
64165
63728
63864
63337
78630
63578
64386
66117
65474
65428
66086
116136
64048
63636
63681
64056
91870
92313
97583
64444
62853
77427
68196
66628
67496
65950
65217
65515
64928
65327
65245
63478
63323
63452
66611
66538
67035
67281
63576
116598
63651
77756
63345
63772
63476
64356
64055
64107
63483
66504
64047
63719
63934
63811
64131
63496
63827
64041
64064
63686
92080
63666
63831
64148
63637
64217
64243
78847
63597
64184
64247
77044
63314
63279
78154
63562
82613
64304
63780
63762
65004
63722
63782
63252
63709
63942
64125
63597
63712
64299
78171
79324
65829
66005
78710
63482
66297
66772
63767
64043
64213
91653
64264
64393
64038
98455
63704
64030
63634
63660
64540
63844
83596
134283
94136
69499
99435
87684
98952
66636
65375
65255
64968
63949
63369
91510
92899
107244
69185
69192
68741
69530
68081
69069
69117
68352
69098
69241
82929
79254
66919
82511
69627
65981
68581
65993
66589
68839
66077
107527
70037
66176
66812
67773
65149
66710
65089
66831
63065
65056
62949
67498
64336
64130
63104
63456
91262
63439
63189
63524
107001
63206
63427
63200
63845
63724
63700
79813
63667
63957
63469
63664
64268
63881
64431
64157
63608
63248
64241
63603
77953
63994
64170
76720
63949
64254
63756
90763
63854
64569
64263
63816
64564
93670
91467
64242
63709
63384
64089
64049
64271
79310
63220
63900
63797
77419
78907
64118
82165
82301
65464
66005
64753
66006
65455
66238
66133
65816
66519
83517
79789
67318
66659
63719
66448
66613
65942
65846
66209
66498
66148
66058
66593
66723
67599
65881
65829
64063
65895
65614
67231
67071
66406
68111
68439
85713
77063
65790
66162
66455
65800
66249
66730
93233
81333
63785
106937
68632
67724
68335
69640
66785
66695
66822
66382
64163
64345
65263
66285
66313
84490
63901
63312
63311
92506
63527
78758
63591
63706
63678
77221
63283
63491
77686
64152
64300
89932
63531
63735
63620
99816
64404
63221
63722
66107
66658
82181
64164
63421
63478
63772
85098
66558
66744
66688
79066
63826
64078
64413
78078
64356
63514
63751
80980
76505
65773
63382
63693
63571
66706
66309
97909
83655
67170
71923
80589
68643
66620
82122
105773
76855
63499
63202
66191
63751
62972
63068
70392
106732
94755
66647
65007
66227
65666
65117
101874
66081
65392
65694
65899
82068
67880
68695
67913
66734
69231
66477
65479
76066
67088
64064
63467
65624
63410
63547
64700
65325
63624
63582
66591
64144
64009
78776
93198
79520
66347
67462
64165
121185
71766
66038
94082
67461
105782
63670
63449
63471
63719
63559
62997
77490
63395
63901
63853
93673
63693
64615
120822
107476
65143
65149
67624
67237
65025
65289
64955
66162
66003
65807
65705
66260
66867
66907
63898
64019
63740
91428
92899
63470
63578
65299
63915
63664
64025
63890
63687
63953
92118
64495
63977
63706
64066
63769
63407
93105
63926
94521
91475
64172
63685
65910
66142
63894
63621
64181
84615
66338
82307
63886
63692
92090
77923
82332
78092
78057
63127
63080
67493
66208
80174
76920
79830
80752
78985
79395
64087
63282
65832
66362
67941
67427
99639
63509
63568
63228
63775
63928
63592
