517807
437530
423478
424920
494666
450017
528203
436201
459470
421127
419781
422432
426460
586335
437221
446961
425571
430896
421034
429038
373330
1630904
358351
356580
397950
355446
386885
192443
202911
228219
191279
181546
179861
189688
200223
182692
183602
226168
185225
214800
178574
177629
204327
191616
193652
178698
582732
175704
170577
206074
172170
176114
175857
179443
176763
177675
176685
175944
177701
176652
182273
178062
176757
174652
176764
178551
204078
177465
176368
178658
250954
179769
179432
183057
204827
355630
211663
180642
177996
180680
179682
210848
122451
161310
108899
110102
108928
137549
122507
122155
108127
121226
107904
159080
104688
147993
119833
171143
120408
152951
133868
129986
118885
145036
114396
126933
133588
103892
121746
106960
128323
101824
104240
105090
100417
100671
105023
118249
170301
105032
107258
100452
104683
117517
149224
109602
108801
107171
108891
112654
107750
109912
172823
117692
101899
101797
101265
122282
107708
106974
120480
103471
105670
102791
116614
109607
118909
108160
108551
104759
103406
121744
117897
114328
128078
101309
154884
177472
131114
105022
104820
103607
104097
101754
104119
106283
135775
106486
107676
106990
107267
129275
105954
108182
107737
106964
107901
109320
106493
118717
109268
119559
117249
107084
103787
186429
113437
126055
104491
106190
104667
120873
112690
107433
109562
106513
119566
104000
135882
119082
104072
118836
104191
104300
101175
101538
168915
104295
121036
105033
126875
100943
133406
162236
104382
118879
104376
104994
106013
130288
114371
101202
102557
113818
105735
104485
107516
104112
145854
108630
106647
107368
107112
104114
103471
104218
104918
158320
118721
135228
121424
130791
104856
106099
135753
104591
108453
184628
118597
104387
104225
104224
104496
103818
103488
122221
108053
107990
106919
132566
104221
103673
132168
104394
104359
107359
107260
107046
108064
106394
104719
103544
103428
104144
135282
108126
122792
107098
107116
107574
105995
119106
104593
105089
164501
104176
103695
103482
130783
103121
157491
103943
118156
103941
104061
130574
104383
118391
103109
132912
103027
133369
173665
124670
149321
107875
106931
105873
120655
103599
120298
137455
114538
157003
105032
117072
106950
108358
107001
119656
106646
104242
118606
107273
107003
106066
165562
104138
108832
102971
103561
104250
104801
103817
104493
105210
139447
104076
116186
104748
103546
107400
103690
132469
107320
102875
104391
103117
145025
104769
132117
104690
133655
104174
104466
104314
104589
109909
102952
120276
132572
157304
122028
113751
107456
106565
108955
103986
104325
107044
162054
106177
139184
103782
105228
104194
130421
98630
97362
127116
112304
128384
100431
99899
120712
103651
104089
106114
103882
104449
104439
132769
96699
97372
97326
112846
98096
96520
96530
97447
102286
97500
97627
97210
97890
97467
97050
96582
104822
102366
97368
97447
97363
119743
96806
97135
125246
99756
97246
98347
124572
97159
142722
118434
116953
107023
120933
110085
108624
114244
108608
108345
133891
109268
99296
97402
102903
101374
115944
103534
102426
102288
100395
96442
96085
97622
151278
97217
102092
98600
96415
97634
97341
151880
97183
98306
98123
97700
124282
97146
97292
97799
97526
97834
113603
97350
150972
101760
100426
98621
97128
98133
104649
107074
102292
100716
102598
98575
97374
131010
100134
97471
113290
98079
105085
99936
99045
124765
127003
102132
119440
100030
100947
101478
105865
101861
126802
125135
97863
97319
96624
100103
97754
97234
97029
97169
100210
115848
115714
103278
105358
103864
131875
102459
101684
100281
101795
115761
102619
102013
113071
98129
101798
101028
136255
126227
103601
97654
101775
97547
97240
97968
96545
125612
96681
97376
97167
97018
114389
97501
96932
110808
97995
110715
98070
97754
159082
97573
97325
97290
97556
132643
98207
97795
98295
98317
118946
97398
98094
114589
97040
97129
111890
96922
109692
152878
140817
145583
120073
113687
107484
119082
105306
104096
103168
101689
99524
96358
96476
96380
137547
97727
96486
98175
96530
97028
102318
102276
155686
97019
96623
102023
101115
101553
101976
102269
113049
111353
99154
96438
96442
96563
96583
96361
96866
97198
97276
96146
123514
97198
96826
123969
96810
97222
126170
114706
96638
96771
97398
97222
97207
124022
111154
96118
96808
122900
96907
97833
115378
98806
143109
100836
140514
99695
145036
105635
112583
146251
120815
111180
104407
98648
100586
101773
102928
100276
100223
99281
100124
99048
99649
98800
100516
99457
138389
99612
96642
96335
110992
97387
97639
119940
101224
100135
99964
99319
100097
99157
97256
110907
97320
117013
97035
96888
175642
97264
97327
98196
97877
150318
97564
97391
101775
114053
118709
97060
97405
186392
97462
96999
98144
97365
125285
96774
97454
97087
97538
118233
97644
97402
132022
126757
96931
145527
103847
106902
131732
101435
101233
100249
101018
101539
99839
101206
201482
107057
115391
97657
96371
95912
97648
96552
96722
105788
111980
102085
99516
96084
96175
101373
129338
158255
145190
98230
98860
98207
97612
98006
116873
97774
125620
104154
96988
96295
96347
96676
97180
151990
125715
96755
100457
96548
96814
96950
96706
97008
96756
97837
124215
96409
96993
97861
125592
157207
101710
101739
97041
96536
121874
97720
101013
99252
113646
125626
113323
2343602
97842
97858
97602
96939
128359
113229
100730
104857
101383
102391
105888
100228
96742
96316
96473
112453
96341
129868
154796
137841
99044
99368
99219
99011
99812
96457
109644
96089
96332
128393
96978
96521
97409
96710
110312
96746
97569
111407
97367
97132
97132
97461
125134
97218
125518
97516
97026
124281
96865
97366
97338
97234
127447
97181
97173
125173
101722
115591
130231
195291
126208
167645
130406
123317
104145
102824
100189
101656
102320
100810
99556
99222
101707
99494
100007
100038
99868
99675
99413
99665
99271
152459
98991
99616
99458
99005
99663
99660
98834
99381
99758
99713
100129
99290
99913
99719
99064
100292
100276
100706
99969
100364
99994
100200
99073
99833
106217
100305
99491
100132
100258
99779
100240
100073
100045
99611
99665
100236
99335
100043
100143
100249
99737
99739
103483
103998
99964
100085
99322
100063
101948
99744
99262
100349
99729
99131
225020
101958
104939
103463
102604
102654
103504
112567
103330
100629
99667
99455
102227
100828
102074
101108
104241
99389
99391
100980
98946
104255
98580
101085
100725
99773
99222
98963
98797
98656
98429
98932
99804
100160
99764
98668
99050
98812
99271
111205
130586
199215
102657
98901
99389
98783
96481
96985
123301
96917
97585
97120
96950
97271
97419
98672
97591
96470
110182
97003
97502
101919
97220
97604
96667
97351
96966
96979
96912
96988
103099
98656
98066
113184
98804
200488
98371
96909
96821
96293
95851
127291
97022
96667
124404
97045
96414
123928
180368
97228
139844
103530
101619
100885
96334
96949
102055
133023
96326
97092
96871
96946
96895
96598
96999
125693
97359
97625
97313
96654
125562
97551
97148
110629
97258
128422
97058
97086
125848
96639
97317
97627
97585
112339
98425
96623
138261
97642
97547
97522
99900
131444
96716
97274
97071
97021
97829
98260
97559
96966
97294
97377
157225
97627
97255
97234
96748
129130
97787
280988
126669
100574
130433
96591
96820
96435
96172
136524
97026
96954
129960
96900
97392
97304
97468
124263
97344
123781
96586
97325
127983
96918
96713
163360
114193
99762
99550
99254
99295
101259
101929
101021
103218
102768
105820
99426
110950
98206
96462
97998
97091
123124
97128
96755
97986
97593
141704
96749
96725
123328
97194
110728
120106
96844
124139
96774
96470
98047
96592
123819
96477
97049
97279
96631
125220
97339
98296
137662
126387
103756
100784
195599
146559
143061
119575
114655
102937
115226
100721
101142
101647
100149
99654
96813
96781
119699
123026
97027
97102
96585
96999
97153
97667
97284
97615
97090
96946
97365
97711
97200
97808
97476
97843
96942
97354
101765
97479
96970
97425
98787
97361
97829
124759
109372
100030
97222
100065
102768
115557
98586
97476
97263
97103
123186
97396
132770
99221
99428
110377
99568
100186
98357
94893
95836
119753
95147
95298
152496
252499
100331
99110
111010
102908
106129
103192
102604
124888
99672
96439
97560
140954
101219
97893
96308
96456
96886
97143
95931
99320
96468
96748
115934
100461
97611
95724
110244
123888
96391
102416
100406
100550
160358
139018
112984
99956
100062
100344
101092
101076
101768
97312
125726
96796
122057
96999
96998
97758
100530
96777
96918
96823
97524
96175
97944
96378
96965
96816
96187
140211
125083
96726
131915
96501
96816
96988
138502
97477
96852
193611
96928
96923
131136
125391
143651
102114
130939
107219
161890
116333
99107
99705
111573
104327
103179
101447
103487
101274
101869
99701
181104
101446
113882
101868
113863
107048
98404
100306
110995
96835
96556
96579
96686
97477
97441
97237
97188
97394
97673
97524
96800
97476
123322
96875
96897
97116
97841
97259
97812
97149
97237
96684
96414
96843
97126
97747
97251
97718
97083
98028
97453
112041
97759
97837
97071
97188
97736
97190
97497
98027
97089
96804
99058
282135
100725
104705
132084
114308
100680
134374
116475
141384
150137
98949
97916
99090
96301
99265
96973
97383
97855
97824
120038
98524
100025
139140
101441
102055
99271
99502
95392
96628
96195
96709
108272
120925
123570
98026
99140
98579
99699
120502
97689
117116
129130
113106
120652
97861
119783
98486
99002
111503
132529
99370
98424
107778
180445
95468
94762
94976
138885
97659
99260
99735
98347
95267
176003
98785
98825
125966
94209
93856
109608
94709
121094
94193
111627
188402
102515
100287
99352
99559
99092
99289
98859
124511
99598
178419
100460
100302
101126
100873
101088
102713
98543
96384
96612
97303
95794
98120
96066
97615
96288
95989
97117
95609
96301
95564
96768
96917
96077
112281
122107
113963
111085
162838
97694
97121
111490
104243
97905
98234
100487
98363
98375
96525
97355
97917
97822
101046
130169
117100
100127
99456
98702
96528
96699
96663
97543
98555
125170
98082
98445
99214
100240
113652
118182
102050
155248
101844
143444
100997
143969
94583
98534
144518
159508
102597
99424
101552
96800
97371
101414
104129
100695
100486
116354
138372
110855
94808
121471
145512
94566
94175
135289
94000
94903
94281
98470
98218
96865
98070
129882
97639
97375
111732
97283
96850
100546
100687
101721
102540
100604
124798
96566
96772
102423
97533
96463
96268
99355
97450
97190
96931
97285
97258
96311
123486
98068
97584
130431
97218
97220
124105
97587
134539
238842
179030
129761
109068
109942
128854
139179
115294
107261
99243
100552
99725
100193
174883
103493
100729
99350
99661
101851
108604
119021
116003
101132
210296
100224
115351
99115
98369
97522
124497
124344
96908
109697
96506
97123
97296
96807
131767
96829
142108
150185
94729
94794
94705
94517
136944
94351
94945
124232
99734
99143
98955
94616
150004
107658
137436
148894
124248
126606
101697
101503
102220
101214
98286
99977
99375
147246
101879
99263
99507
99709
103473
104781
101636
108376
105509
104099
99381
100545
98861
103854
99755
99183
101199
99792
98973
98895
99684
98720
98872
99487
99688
99782
99777
99287
99874
99660
102700
103926
99828
99400
99708
99958
99246
99817
98982
99687
100940
99472
216130
99046
101030
100704
99962
99696
103627
99595
99541
99295
99883
98609
99914
99813
100287
100255
100106
99253
100408
102206
99111
100149
100332
100434
100838
99671
101877
99698
98801
99873
99412
98882
99530
100065
99349
197477
114827
116348
99264
98890
99107
99587
100721
106328
102043
100770
99366
100150
99540
99663
99600
99427
99152
100730
101107
101433
107701
100394
100691
99955
101426
104327
105037
99659
99245
99519
98833
99247
98501
99643
98979
99365
99658
99953
99902
104824
99140
99224
100367
99344
99410
99819
99597
99877
100008
99310
99403
99683
100114
100120
99623
98602
99631
99577
103640
100102
99828
100195
99702
101867
100348
99916
102832
102360
101853
104995
105092
103494
103045
102350
103422
101607
99371
108715
99689
99151
99546
100144
100903
100081
103146
99843
100061
98608
100585
102861
103224
105023
100154
100193
99786
99046
99290
100459
98586
98717
98461
98871
98777
99707
99367
102632
103405
100207
99702
99867
98830
98807
99026
99135
99386
107787
103338
99163
99386
98440
98716
99484
99150
102361
99819
99475
99288
99997
99054
100129
99534
99271
99650
100118
104483
99083
99740
99959
99838
99792
99342
100433
99876
99642
99352
99250
99370
102482
99498
100198
99865
101357
101075
111698
109254
102909
101015
98719
99818
100399
98975
99597
98468
98896
98711
101212
101006
99994
99325
99911
98935
99841
106547
99940
99023
99207
99276
100180
99773
99980
99304
100024
99655
99702
101552
98953
127097
127731
96720
122982
96929
97010
132441
96697
96850
97221
97288
97751
107572
100127
99981
99994
102253
97465
110822
124778
97602
97401
110861
97797
98218
97426
96618
97359
98158
97305
97217
97028
124582
97557
97115
102933
119122
100077
116683
128375
99111
98248
108485
108144
115655
103213
112608
99638
99562
99688
96412
96008
96489
96789
96126
97962
100304
113431
128850
95965
151387
116861
100289
112526
100495
102246
101700
115310
101610
99822
100745
100412
97515
125030
96574
96668
164427
97801
98495
97877
98322
98355
96442
96515
98877
99227
97337
96465
96833
96692
95864
97585
97030
97046
113352
97447
97281
130866
97470
125671
154697
96939
97363
153358
99384
103201
103455
107265
103797
103967
104348
106147
104915
107502
106483
106813
108641
106594
105837
130783
103682
122981
120553
107924
106588
107336
106508
119367
115660
106081
109501
105825
106188
107585
103652
119528
106490
144964
106710
106863
132054
106500
119060
103092
123751
130167
103424
101915
117430
102661
103577
105325
103416
104000
118082
145240
105664
106435
129596
104559
102384
103452
96726
96953
97401
96950
126605
103924
103240
138579
103743
103511
104865
104094
152819
103059
103809
103228
103102
139102
103525
130837
108465
109113
108179
107855
104971
108161
107769
119926
120629
106524
118174
104243
106171
103980
105761
104219
116135
130972
106914
103076
120144
106272
121335
133111
106868
119012
131522
106064
125201
147229
102321
103281
132459
104095
103543
103356
104267
157948
103265
102566
104429
103106
103567
104876
103504
124536
103469
120124
102477
104003
118606
103134
136882
103595
106725
120709
105987
107416
107012
102542
128821
103258
138597
103493
105484
106986
110021
107214
106580
107186
102666
104493
103425
103355
181467
108194
113339
111392
133187
129944
104074
119155
120692
120456
107706
108048
132141
119244
105564
122067
107465
103102
118220
107766
125751
103801
103610
145758
106928
119967
106015
106399
131083
104660
131008
103708
105724
104355
102650
103607
103468
140121
103014
104263
102989
103169
103382
103687
138602
102708
103105
103044
103959
118183
106900
133381
106351
106749
102864
103590
103450
104267
105530
116370
103074
119132
131978
130084
107960
102968
106318
108111
110131
107881
117150
134377
182728
104861
103204
104187
120961
104222
104290
117831
119722
106226
142103
107046
107244
120835
126592
159774
104438
103544
146044
132660
132725
107245
106415
107638
106202
106103
106227
105338
103458
102520
103466
102847
103766
103546
140371
104083
104327
103420
103224
129792
102874
104529
102795
103521
136311
105182
103285
103518
117634
137082
103278
102689
104969
102939
135744
103302
103861
103590
102616
136388
102940
116595
134321
131813
126732
108187
172609
107195
116692
106431
111662
106277
110567
133782
108244
106344
119222
118027
130813
118195
106755
106580
103515
103495
138431
104164
103177
104196
103851
116850
103149
117603
103195
103486
104763
103544
137110
104570
133460
103083
103467
139639
102645
103749
117166
103834
117923
103268
105177
102710
103425
130916
103752
103296
104137
105060
138132
103652
102354
145016
188964
120301
107489
106454
106551
103458
119286
105741
103536
106066
107810
140542
104122
108234
108675
107638
120034
107659
118067
103529
105257
104057
103178
104200
103706
103463
104177
103884
124013
105847
104139
130937
169888
103382
103298
103279
102685
130701
103111
103295
103634
104672
103550
103602
103224
131437
104203
103060
104631
103067
131329
104732
104690
103372
1408140
97194
97469
114448
99113
100551
97945
97002
99029
98260
97123
96638
97431
96422
96308
96107
96698
125250
97100
96945
140440
96923
102015
112976
96204
140728
102180
143461
113879
116239
126887
96653
110713
103901
100812
99683
105123
98405
161445
98582
96024
112070
114612
111059
124423
97747
97303
110163
96748
96627
97219
97161
97240
97238
97015
114635
119669
96332
109784
96482
97449
97348
97262
129796
96705
97179
97415
97363
111595
97027
97443
131515
97118
96915
158371
126139
101616
99455
99366
99629
97725
112284
115536
101509
102131
101371
102523
111849
97193
96665
97298
113000
97474
112748
103260
98509
104841
106436
107618
108007
101550
100604
115963
109142
96535
96021
96474
96796
96966
108208
96916
96308
95921
96729
96149
123974
97419
97078
96489
200468
113908
101004
114060
101295
101361
124768
100308
134247
176901
94538
94929
124674
94758
94307
107689
94795
94266
125897
98546
99002
136535
95013
94779
145141
93804
93981
94708
96637
94866
95406
121362
94437
93335
99546
98456
126668
99808
95218
107607
94239
130891
96621
97011
96845
97208
97843
124672
99342
96811
97075
96778
116438
96868
123700
190535
114156
143510
104584
102595
98372
96633
105986
107950
100126
100262
99968
96147
110642
101839
117721
137970
96170
100261
112297
96566
112753
97039
97308
111457
97055
96077
97218
97126
123182
96783
156197
101271
99286
96206
101390
100167
100610
96907
97509
132500
97484
96940
97074
97281
97214
97292
97657
125536
97512
97543
96947
97506
127320
97008
97505
143503
97904
97493
97449
97353
119365
101900
99063
98973
100090
113623
116603
103657
105172
100972
102103
101784
120705
109940
101846
109348
104245
105224
100065
103176
102431
97577
99579
96997
97235
124126
126324
117206
112525
97007
96100
96276
97535
97657
123288
96934
97812
129869
96314
97209
97670
96800
127530
97176
97645
97290
127401
96475
97794
96945
97508
97959
97602
97454
102530
100335
96905
152944
114060
114152
113183
135701
96657
97012
126498
96915
131603
96527
97365
97542
97072
96738
97966
97056
97205
97041
124240
96484
97650
97124
164278
115743
115234
118450
99930
137048
101705
99386
98809
99848
101955
104651
138950
96280
100216
100975
151419
115447
113156
102083
111533
96014
124773
116027
99621
99315
99890
99216
99646
100581
100103
100775
96723
110293
101733
102057
97143
96408
97213
97077
97017
97373
112119
97654
97328
96675
96641
123544
96901
97670
97596
97903
97335
97105
128074
130417
97173
97185
97633
98386
119065
97294
97391
112116
97374
126123
97672
97372
135334
96831
97069
157224
98615
105006
99231
100169
99314
99693
126709
119020
153846
103240
106459
114645
97870
96308
148780
137561
95953
168157
101308
102188
115632
96978
150900
124889
112883
96323
97078
97145
111441
96829
96181
144845
98267
97165
100880
97267
116599
97701
97258
114223
99491
99093
96673
96672
110509
101844
99796
101249
99534
113732
97305
111617
129892
98247
96695
97183
96201
132899
97141
97297
131156
97406
97152
97607
96739
130355
97596
97475
111940
100537
128351
96555
96557
110301
96685
97329
123070
97834
97611
139925
102354
121508
107990
109889
107579
104730
101558
110988
99733
102031
138438
152742
102504
112114
97079
96446
96308
100748
99026
97782
98666
98006
97813
96219
96986
98216
124487
97688
96402
126061
97189
96105
96580
97586
131653
96909
97461
124670
97280
96599
97009
96791
125597
101284
97736
130760
97262
97747
96805
96983
132183
97486
97650
113732
114923
96414
97220
110758
112555
97817
97479
141507
97245
97032
123920
98809
133755
99700
114897
100768
99362
99432
99331
125226
123732
102078
100316
101364
95971
124298
97175
99290
97039
97174
127872
98474
97248
111410
100930
120940
101587
101617
101394
96511
97946
113757
96777
96675
113017
96848
97022
96876
96676
123885
98112
97589
96751
97052
124590
100481
96982
101387
104843
112542
102018
98068
110194
97992
97220
97110
97406
158292
97950
97372
132108
97905
97702
97086
97725
123905
127223
97280
97572
97783
160157
97509
97256
113480
121457
100459
100579
100312
102249
99973
100433
100292
118584
138191
105611
103849
101866
96243
109508
103665
102646
99620
101475
101274
101989
96218
140448
100499
113795
101552
101643
101668
96466
96178
96358
96951
96779
101684
101401
101248
111296
96973
109725
97368
97636
137956
96941
128299
118445
96175
113592
96809
97185
131114
97763
96819
110097
97375
111466
97677
97026
112626
98156
96514
97338
97847
163381
97008
97666
98048
97560
131764
97591
97884
109691
110988
130478
140690
97000
96552
97059
96590
96486
99522
127774
129220
114243
97704
125365
97523
97244
99665
98267
97674
113326
96788
96863
97016
96528
96817
111448
113315
121654
97151
96876
97645
96474
96765
126127
97058
125583
112585
97251
134654
97371
97732
98894
97036
97943
97227
141710
133646
99803
96308
96770
97384
96753
118634
100738
100708
112874
97520
97650
97350
96757
97494
97909
97110
96974
97491
202798
101769
102563
100067
99969
98891
96152
115068
126978
96999
101561
101747
139759
96929
96668
110303
110900
96590
140999
129232
119808
119634
103505
101728
100806
101967
100960
102038
126778
96573
97046
97098
130107
132784
97386
97325
97063
96767
131799
97229
97488
97010
98301
97492
123634
124950
96622
96776
96839
96490
127353
96807
97191
96870
97430
97624
97437
97016
97415
97052
97891
123670
97493
96934
96729
97419
134112
1923374
97794
97494
109817
97046
97492
123617
96910
152901
100814
100627
118762
107180
101689
102627
102470
99650
130367
98940
111183
97421
97063
95988
140620
102337
98693
101981
106684
114898
95989
99882
152353
124577
127631
100894
100610
98547
96856
96801
123420
97471
96871
96731
96958
97030
102309
122540
97368
98042
96867
109688
96887
97385
126427
97400
97545
96945
96845
130327
97293
176353
139487
99511
104787
99459
100479
101780
101695
114549
96399
97196
96870
97472
130246
97492
96532
124470
100292
100425
100773
101394
134161
128095
116518
96957
98040
96627
96025
130447
156771
117383
127048
107983
100668
116054
99526
113903
102198
100553
101653
102385
96853
145022
115755
115524
141447
98020
98941
98589
101326
102080
128030
96298
99970
119416
96822
97557
96953
97413
133467
96771
97216
110768
96959
112115
97417
97234
112689
97485
150186
101550
99793
124647
97102
96822
97269
97347
112635
98283
96656
111217
96883
101168
101915
113478
124432
96843
100275
100904
101398
117565
100096
100074
128045
100933
100127
98695
98848
101071
99143
115491
120267
100007
101564
106421
100590
99078
102393
98875
100687
98888
102121
99391
99103
98951
102939
98829
99409
99639
98892
99279
100112
98836
99090
99243
100210
99851
100569
99593
99009
99990
99932
99457
100920
101925
99761
99528
99565
99753
99990
99468
99247
98815
98795
99727
105110
99137
99557
99469
99496
99325
100409
99754
99960
99791
101161
99429
99744
100044
99746
99594
100524
100337
100518
104810
99593
99942
100616
99967
100374
99993
101233
102871
99840
99369
99508
100100
99478
99447
99622
99780
102923
106210
100839
100727
99298
104253
99534
99187
99946
99727
100137
99901
99968
99052
99017
99685
99776
99139
99480
102574
101091
99146
99912
99383
102323
99366
100007
100146
99697
99684
99949
99960
100144
103618
101218
100266
100077
100337
111285
100024
101382
100405
100062
100434
100670
100401
101597
102354
101351
103579
103298
101506
104912
101783
103497
99382
101734
113018
103398
100654
101454
102547
99204
105589
99968
99975
98763
98683
102015
98973
101091
109493
99799
99662
98951
98885
101403
99723
100200
101602
100916
100833
100895
99980
98492
102677
99120
99859
99697
98854
102816
99687
99860
98298
98775
108550
99001
98425
99388
99133
99404
98076
99084
142522
104405
99267
99255
99195
100685
101868
98877
99179
100187
99957
106655
99233
99969
101004
99626
100098
101611
104505
99305
103065
102219
100942
100860
100745
111459
99815
99040
99107
99324
107874
99490
99425
101095
100710
101066
102426
106144
101241
114100
111454
104629
110572
108198
99743
100047
100190
98781
107735
100747
99297
99397
99521
99292
99157
99833
99330
103489
100013
99884
100034
100347
103035
98686
100124
99710
100220
104451
100514
100562
99560
99620
99532
99334
100424
100034
100141
99504
99836
100382
100659
107981
99619
100384
100129
100370
107289
100611
100189
100226
100416
100015
100442
100553
100928
103398
99719
99568
99747
115270
102345
98960
99342
128041
139297
98795
99364
99998
144868
101595
99239
96957
96728
100147
95945
96106
96340
100847
100964
96760
96547
100649
98011
103513
96012
95810
96043
97003
96426
97329
95757
96612
96152
127986
102191
101736
124743
110492
100404
96313
97249
104286
140028
99855
110837
96480
99400
99257
98930
122512
100580
97368
123823
98590
99494
100251
95355
163151
97775
134166
94578
94795
158739
94974
107778
94787
96974
151928
98825
99160
99230
101967
149795
95284
139361
134939
94666
94636
136491
94530
94349
98719
163294
120126
128720
103641
116345
100675
102219
109237
138942
106109
99455
100717
113348
96125
96338
129667
96553
96497
96222
96736
130064
99915
97286
97366
95717
96439
148516
96968
96478
96977
106586
131886
97481
97287
96653
97527
123716
96664
97688
101424
111653
113057
100932
101754
135935
102782
101766
100246
100168
100320
102122
101226
101613
105877
103276
101596
128283
100222
100153
126453
96722
101584
117999
97398
97628
110279
102917
128791
98856
99514
99978
98900
99600
99212
98990
131003
98118
96969
97004
97007
134837
97849
96909
122855
101652
96693
126393
100764
105663
116172
116462
156283
101027
101692
98820
101197
106873
98610
98631
97234
97292
99004
97753
124381
97059
96924
97019
96620
96714
112290
100550
96955
123906
101875
96698
97262
98889
96525
96668
96671
96856
97509
96472
97273
96719
97655
96866
96768
96041
96309
96693
96437
110371
93813
94612
94181
177067
126502
95341
93713
123977
99470
96365
137712
97592
97465
166499
128634
135112
97951
106352
121114
110374
103724
107286
105913
99119
101017
111280
96397
96488
172794
113743
102952
100331
128284
139213
97470
150188
106950
97163
97919
104980
101218
100465
101408
101315
103089
126162
130123
100613
111381
98162
100566
114325
112412
96754
110121
96697
99832
123653
96972
96471
100703
110937
101053
102000
101217
102320
100582
100905
96763
96560
99009
103002
124041
129644
103192
104592
104992
106230
102451
105577
108819
106448
119589
100500
102327
104307
100955
104497
99579
101131
102462
104252
98793
101643
99142
99619
102057
99506
99152
101009
107762
101489
100558
100809
101416
108682
111842
96992
100605
106101
97625
98008
102600
102477
102243
97018
96950
102455
143865
101599
101509
96768
101629
98538
97250
127038
97334
96540
110132
99063
134488
101006
101314
114412
112288
100429
99793
100848
98143
96828
103430
117680
97880
113745
127476
98418
113194
105688
98594
98370
97137
141459
96498
96672
108208
132562
108412
116147
112975
116199
159797
104650
134458
117490
122007
108200
105867
123278
105827
106949
106408
123992
106773
107324
131453
102562
118152
103468
103443
127234
104098
118367
107762
111132
106986
107002
106137
106931
121420
106808
121304
107360
106225
106598
107370
105891
106859
104526
103857
103264
141720
105430
156848
115743
102861
103735
103902
106729
108107
129764
103108
103879
116031
103371
106190
106009
123990
111248
107384
106587
111310
107668
109525
108761
109426
109952
108852
107416
107776
109944
106445
108132
105690
133507
103512
103940
102206
103357
133494
117965
105155
137694
103228
160218
145369
109670
106322
106089
106044
107193
130563
104902
123467
133889
121276
107724
105451
109926
116294
106776
106859
118480
104196
103102
154463
103330
139066
100608
101507
101472
100282
103602
156954
100588
99970
103899
114750
138422
100996
101111
103312
123390
145875
105738
201353
99874
102103
104272
113872
122960
214247
166195
117316
113249
144323
109686
106115
103702
117704
103009
146671
107588
103580
108773
107075
118102
103009
104041
103491
103426
138349
103441
139146
103853
103573
103359
106920
103234
103005
103898
103167
104497
103289
102765
103487
112201
103191
103998
102965
103046
104058
103487
103822
103875
105279
103063
103356
103457
103489
120337
102941
102881
104111
105830
131955
102810
104345
110796
103290
119793
118804
104839
135607
105289
103033
103936
105363
104005
185985
104992
103915
102874
104814
102383
134033
104671
104876
198598
143953
106986
144925
108936
133159
131294
104386
103161
105035
103205
156031
103926
103363
102472
103570
102524
103643
105200
234451
109220
106819
119264
105534
107054
107416
103414
130346
102436
138461
103949
103686
138890
113396
103581
103273
103559
132050
103758
104312
103158
103482
133349
147227
138511
102913
136420
103059
103385
137679
108022
103243
106162
146827
141850
102875
103379
122687
196377
161112
114857
108572
122249
105270
109942
103945
177019
104399
119037
105157
116722
108301
132851
106915
105864
106881
106349
106114
129489
103833
139070
102545
157195
115736
117903
103259
106926
137167
103168
104109
106662
102991
155450
108463
109110
103610
104961
102873
102886
130189
104458
102802
103734
106503
135571
103374
102983
132788
105391
103923
105132
103777
116419
103950
103506
103598
107658
104245
103396
145823
104057
131161
154308
106165
108637
104216
121809
106928
109059
108125
108364
108386
103094
103803
103619
105727
109782
104383
103053
103030
104272
103280
105344
120635
103621
137664
130855
102962
103149
107168
103285
104141
103105
104101
103025
103095
103334
171234
132547
103685
105335
102517
102918
103295
103146
137002
106876
116924
103377
104472
120819
103070
129519
103590
103706
102835
103472
136455
103078
103058
103553
103673
131325
102611
124487
103045
103810
175798
104443
119378
106905
120570
103300
104347
105610
130045
106073
106286
104388
102907
187817
133447
116263
120711
121588
107129
111258
106683
105806
106606
118318
131568
140416
104869
106667
103561
103130
103175
129887
102372
104731
103238
103262
102129
103905
122825
107296
147486
103533
103620
135269
106383
103126
103576
104470
137358
103765
102754
103750
102470
159664
104621
103398
102350
125703
138514
103308
103719
106111
103685
137533
102934
104144
102486
103201
147000
107668
109376
108228
103689
106747
141354
106578
105314
109059
118412
105081
104095
117671
109453
107837
107262
105628
111515
103884
156238
108056
118893
104355
118254
117366
106628
103239
107238
104757
162116
103236
103640
102265
133128
137498
104505
102557
129946
103082
158049
104068
102388
104297
104473
103199
102797
138617
103558
103220
104793
102686
137718
102001
103372
166008
103289
104211
103450
103347
138700
104699
102586
103139
103400
131336
102829
103711
107965
103377
104256
103326
119822
103823
103920
102999
103941
103128
103939
103126
103464
106789
139020
103308
120785
110280
109026
110768
106827
121034
107874
109434
106684
208760
104010
102423
104757
118699
226048
106852
111281
105965
129255
106365
107017
103319
103164
147100
105437
104166
104786
103021
147054
109355
104683
102678
104464
117643
106670
103991
133943
107535
119491
103108
102872
213507
146622
106498
108784
119573
108278
105709
110768
104811
144059
103402
138698
103807
103489
132040
107536
103959
113090
103984
115832
106860
104899
104348
106041
121234
118134
107513
134531
108697
106884
107509
110552
107461
108333
133722
104375
103628
133905
145756
102973
105257
103118
105410
108673
103059
103194
104550
103294
102916
106628
137437
103138
109604
103937
103349
133427
104659
105978
104305
103128
128953
134157
103518
140836
103022
106674
104436
103806
136847
105214
103219
103838
107069
116090
103892
139332
103864
103063
128611
103382
137243
106999
104054
131151
102580
120251
108346
137859
104723
105302
161503
107605
118468
113574
132983
109526
106490
105836
126597
106873
106082
109064
117181
143665
171820
107140
107533
109051
104579
104984
149275
104050
105101
103339
103465
118678
133298
158264
106258
104459
104792
105728
106101
116146
104994
222214
133362
110500
106894
106677
105434
103877
130150
105105
108692
103249
105724
144449
109577
109730
103939
106047
146182
103890
105316
104989
106413
147873
119620
130973
124509
103121
123610
117976
108110
103834
106278
133787
126625
124955
159196
107370
109057
121249
119109
103461
115851
107711
104277
104686
106386
102240
103916
106042
119571
128149
103975
103229
102991
106732
104499
103485
103643
103097
102766
104163
103042
102860
107145
103455
103796
104580
103052
130233
103164
102833
104167
106421
104224
132386
102246
102910
103664
103083
102859
104946
121264
102966
106541
118105
103725
102116
97409
96914
99104
139949
96089
96468
195431
96639
96888
96564
118437
98170
96432
96320
96321
96510
156151
167620
150351
144433
106148
105270
101139
100584
99354
110434
102074
97053
111839
96367
108589
96349
97372
130882
96818
96853
97413
113742
125797
96083
96385
96413
97123
97302
101791
96523
132591
96697
96522
123000
97597
125540
97232
96730
124869
96756
97133
97267
97172
131846
96705
97751
97371
128434
137859
96965
96594
157133
97996
97309
128099
112585
124819
96582
97030
111560
96517
112318
100574
120816
98857
144791
99744
100128
126982
100284
126185
162153
96173
100996
97393
154008
99168
99547
101415
98650
105407
98659
99027
100336
100648
98926
97772
152822
95708
96626
96594
166792
96337
96965
96908
97180
124330
96869
98549
95899
130260
96977
97073
96828
97078
96870
96599
124636
97364
97035
97258
131011
96959
97111
96635
97498
128208
97567
96771
97304
97501
96913
97664
97686
125783
97580
116514
96780
96995
124712
96404
97569
113324
97425
170274
97217
97919
97098
109809
96861
96613
96896
97010
123790
96951
97500
112799
96775
126724
164272
107256
138244
101457
96538
153347
100617
102713
99745
99687
117185
122962
96320
96380
123405
97078
97363
142621
133572
99459
96975
96286
96858
98263
98199
97871
96908
99785
99709
95819
111732
96866
96990
125198
96892
97332
97259
97605
132663
96651
97122
112861
97850
97262
97301
97183
135493
97204
125185
111632
100543
96776
97049
97557
96516
97272
96907
118541
115016
126271
215854
99702
99112
99785
99150
99271
99040
99415
99457
100148
100276
99691
99512
99196
100231
99707
99728
100261
100426
99528
99326
99657
100264
99589
100012
100559
100137
101874
100161
99754
100209
99839
100137
103697
101523
99414
99794
99468
99417
99600
99869
99862
100675
99972
99736
99703
99599
99738
100205
104924
100248
99146
99409
99820
99002
99534
99397
100427
100097
100180
99886
99811
99573
99187
99763
101086
99771
100433
100031
99418
99502
100029
99894
100269
100339
99923
99865
99995
99735
99647
99851
99011
100327
99790
100022
99546
99811
101320
102055
100233
101432
116138
107573
102398
100676
99269
99545
99625
99067
99458
99642
99385
99124
99473
99536
99208
99748
99579
100029
98718
98985
99115
99539
111434
138559
96981
98622
97306
127637
107160
94429
94546
94932
94495
94722
95367
94697
95493
95568
109363
157843
117115
98463
96929
115142
97141
96848
115594
101815
101567
101834
110676
161209
101728
97620
114104
123322
98957
112652
97498
98803
97746
97278
125519
107710
103961
103056
109339
101526
102790
102756
102173
103479
113192
102021
100115
100298
101761
99264
100442
99420
102164
103352
109736
100892
100096
100494
101001
101880
113468
181280
102283
126062
96689
140655
126762
97045
141259
103653
115183
137753
103606
101261
112454
95980
97130
102414
127008
125790
99215
98254
138662
96416
96560
101597
104425
102525
102458
102321
117249
99917
123503
100386
102634
140420
101734
114543
98230
124020
101452
116930
105358
110941
138787
116605
104366
115731
102833
118966
105104
118073
116114
97672
101746
105445
158129
120028
106374
232850
122380
104397
103543
99843
99424
99356
99206
99200
188126
132617
102693
100345
100971
101603
124391
102085
128183
101212
101822
101518
102237
99436
109850
96352
116742
97647
97810
110642
96892
98858
96917
101673
102417
112131
113129
99362
103263
120954
97757
97921
112881
110933
96428
98039
97078
137393
101001
106816
103095
102939
123999
97833
100422
101241
102552
103354
105019
104701
110313
101787
102984
102834
102523
103569
99348
100223
101080
116527
96932
99161
96082
100962
99223
96893
97411
101616
103359
102292
99571
96776
105098
102071
113852
105588
105536
103121
102110
102041
102755
102272
96603
97097
103429
114770
97941
96437
96729
125408
100971
102448
102995
102102
124937
96664
97088
100900
112759
113410
99223
121728
102723
102590
100270
127204
97949
97024
125193
116792
100673
101256
100872
127127
101752
96994
111425
101626
111768
112042
97750
123243
97122
102068
103055
102060
127262
103307
106035
106631
107519
105407
103966
192400
104609
101087
100112
99168
101390
99520
99333
157278
98334
126217
126598
96262
125410
97661
97306
98958
118412
113873
100655
100274
141367
103249
101976
104479
103817
103582
101615
100536
97508
97948
102549
117504
109930
103328
100484
96282
96206
97605
137378
98474
96591
97089
100694
101268
101311
101394
103280
102378
98202
99245
98039
115183
103952
104457
105547
102060
287702
114346
101445
98799
100443
102182
105627
99909
97661
97838
101914
97081
104605
108889
96671
97310
98041
96520
97849
96840
125792
98513
96130
125311
97020
98120
150335
98174
96811
112767
97668
97842
100641
104290
101502
103330
102378
137978
101499
105252
116931
116470
104757
112418
96271
102422
135485
97095
96451
96436
111535
96700
98090
98172
123829
100829
102021
102306
103504
103472
97771
124752
104633
105129
105500
101916
100874
101770
103601
100203
99278
101298
103792
100598
99987
101879
99675
99489
104154
101185
103499
114599
196503
103914
104241
105559
109230
110358
118130
105089
103861
103735
101728
100888
100734
102527
102974
99700
100645
248449
100209
100743
98789
100067
99830
100693
101044
101450
100036
103896
100951
98877
100321
104116
100381
101302
101926
100306
100211
103525
99375
99238
100186
99385
103021
100168
100237
100871
99200
100088
105530
101560
102636
102606
103029
104090
102190
100666
100643
99756
104570
103167
100575
104071
100230
99713
111888
102464
117006
101550
99704
99456
126042
129208
101751
108296
100779
102326
105215
100553
99352
100553
101288
101792
101723
106553
102145
104872
103963
103203
103528
102261
101340
100300
101142
99083
100924
99559
98350
100177
104446
104920
104741
103673
100782
99703
99081
99329
99059
98827
100429
99538
100421
101100
100445
102291
101825
103389
101113
104397
103480
100275
102175
105888
100008
102100
101575
100672
100827
103369
102533
98888
100105
101322
100788
101086
99468
99699
114029
115110
99175
99527
202581
100267
112166
101931
102961
100903
100353
104710
101336
100140
100488
100142
102443
103083
101420
99549
108950
104964
108237
112685
118730
104954
175990
102053
102238
99414
99759
99715
101126
99502
99123
99011
100285
99984
100252
99469
100102
101200
100088
99086
102366
106527
103835
100634
101875
108146
102755
509814
101941
103895
99770
101460
104777
102528
101029
100728
99279
100746
100788
99994
100485
101991
99904
101178
100026
100862
102164
103169
99704
102537
100655
99921
103931
4411116
185798
105878
114492
101134
113306
96536
97460
96370
97452
99224
98239
143738
109486
97726
98146
97020
97074
125393
101647
98531
98436
101461
96678
97051
96150
98922
97130
114274
96698
97726
97630
100312
96568
97426
208177
106404
101344
99874
103228
103308
104756
112896
106253
102479
101650
100980
118450
96385
125182
100173
101327
106610
110221
106792
113878
104810
104544
106015
102283
106127
102662
101740
107445
111106
111112
104797
103098
101374
104974
100262
100997
100093
100017
105840
99974
103814
100687
98907
101166
100080
102960
101327
103863
101573
102039
100533
100401
115977
101145
101583
100568
254723
101192
101125
99131
99977
100700
100262
103241
101144
100406
101233
104826
110143
103145
442886
104856
100201
102053
101564
100535
101499
106064
101234
101968
106957
103126
102005
101841
104425
100142
100458
100510
102967
105711
105156
109410
101178
103545
103481
106233
105003
104141
104228
104747
107278
101060
111143
107157
101817
103762
104165
99966
114041
100251
100614
99988
101345
105048
100261
100560
103543
102809
104278
100357
102670
100141
118257
103330
103105
101097
100415
100659
101868
102551
100239
99831
100136
101865
101551
103120
121724
100268
102238
101847
109514
108568
103716
105294
112473
111847
102946
105895
107905
100518
101896
102964
105843
121310
109183
108228
106953
102486
103135
102251
102711
102011
114882
103273
105432
105967
102869
102999
101979
102128
101674
101119
101387
100863
99494
99704
113828
101840
101623
101486
104700
104129
108661
100204
100295
99483
101189
100351
100666
102283
113269
100783
170662
100008
99737
104677
101457
100028
101894
108023
105663
101796
101715
100586
101296
100268
100732
101637
102837
99712
102438
102393
103013
160344
101500
101785
101780
102765
102556
100904
2271368
132545
107583
109531
106604
110249
102218
361047
104611
105074
106786
104914
103167
123660
102966
106010
103258
104168
503991
102098
107944
101986
101478
100544
102690
103904
101377
105776
103123
101675
103927
101162
102977
101134
101948
105980
102301
102752
101157
101083
101466
102284
101466
106749
103232
101331
102967
100494
103039
100589
103043
100610
101583
103994
100530
102435
100516
100270
100753
100383
100543
100229
99114
101306
102799
101743
116998
101952
102906
101303
145500
101253
101603
100892
99667
104749
100717
101998
100713
101728
101928
104551
103653
102606
109333
108197
105991
105984
105505
408491
115275
103413
102188
102994
103230
103278
105315
105689
109263
104054
100550
101188
100834
100580
101092
103102
106695
103648
108718
110734
99543
101857
100265
101293
102686
101757
101470
104470
115028
102447
103686
100490
99869
111755
100008
99989
99139
99820
100129
99376
102898
102721
103894
101882
100487
103038
102939
101735
125282
122593
100155
207768
100997
112826
97803
111073
101333
126171
103352
96837
96814
239228
109134
101678
100200
99569
114188
115101
106485
104915
107310
113053
133575
119937
98710
117425
100939
97263
97679
97900
106688
97572
97387
100423
244358
98865
101125
103783
101172
118119
105136
98666
107266
102677
101801
100933
100756
114272
114130
97440
101892
97869
96809
257056
123454
100227
100526
97123
106442
103242
102633
107166
102128
101986
98475
97060
104400
191290
101141
115595
102698
100123
98159
110886
100027
97069
101011
105998
102820
102468
97443
117979
102390
101424
137421
99561
97788
126248
115044
103708
104887
101540
113496
132427
100147
108038
122155
128598
102020
127657
130186
101824
100684
101399
103003
102012
117975
104687
127239
111778
96483
96688
101210
96642
96346
112441
96405
97087
97056
96564
100213
96655
96745
96672
97025
100189
112147
97586
96616
134370
97192
97800
98103
97269
103719
97398
125952
130515
165292
113912
115390
99076
99289
99505
102051
102888
101588
113580
97791
96568
157627
121139
100452
98754
98941
110363
133453
112342
99564
102357
99878
123457
102847
103183
111603
97209
103964
97427
96867
113354
103394
96451
100353
103618
111199
96743
113828
124211
96748
95850
126794
97407
97509
132523
117133
96997
108558
110724
127352
97152
96690
112994
96812
99912
96863
96812
125119
1220672
101196
100459
100256
101699
101383
101434
101200
97048
96931
97182
97168
116271
96437
97185
96740
96252
96990
96845
129144
97550
96662
139541
96526
111805
133416
96336
97230
97172
97010
97192
96884
125943
97308
97147
96591
96969
96853
238518
101841
101814
99644
114622
101599
100807
100404
100123
99370
215455
144199
99623
99101
112003
131315
96333
99479
102129
151516
102007
100826
98593
97069
109768
99907
100343
97362
97025
113197
123507
163217
194510
99986
102981
106509
100034
137279
97348
97285
96285
123557
123887
167238
101997
115078
96536
114148
96139
97103
447115
102129
101114
96952
97119
96304
136827
96255
96983
293379
101774
142515
110172
108274
103679
103645
103688
115573
115991
113144
99390
99534
111626
104075
103803
103764
101857
118006
147541
98798
112297
103986
167235
95694
122171
96613
96785
96567
96662
96413
95801
124962
97710
115442
97008
110089
96192
96598
131440
97549
96608
97146
96764
97111
148816
99711
98864
98975
99649
99927
100463
100037
100077
99325
100108
100079
99212
100376
100093
99833
99634
100161
99394
99376
100265
99724
99559
99602
99876
100034
99651
101449
101529
100058
195201
100377
99949
103646
106888
100821
98907
99419
99203
106244
100523
101057
100932
101830
100415
118773
101202
100052
101716
99346
101836
98436
98529
109679
167019
102389
100103
100440
99168
99146
100250
100706
101398
106810
99566
98477
100669
98653
98676
99251
99413
99868
99534
99624
99409
99795
99760
99480
98940
100298
99408
99276
99598
100091
99009
99720
100176
99983
99294
99927
99924
105494
99713
99786
99507
100046
99878
100060
99537
99321
101123
99394
100263
101011
99884
100585
100541
99176
102882
232916
101459
101628
102216
101350
102057
101497
103370
100887
99135
98959
101478
100765
99150
101648
100097
98557
101226
97985
98146
105053
99077
100427
99665
99612
98708
98751
98885
99439
99115
99399
98967
99840
99309
99746
99070
99701
99145
99103
106139
101945
99881
102592
98768
100119
99641
99107
98965
99034
99306
99127
99165
98871
100282
99314
98789
99260
100038
99842
100684
99478
99289
103785
113499
97008
96649
96193
96362
96449
97376
97618
97387
96882
96522
96620
97922
125530
127337
121772
96478
97727
114892
106343
96147
97192
96141
102452
102446
99826
101351
116757
155500
109530
109606
112200
102344
164485
102204
101042
100163
101160
102066
103451
101938
101529
101047
101415
113511
97109
95955
102273
179476
126244
97866
100671
114753
112143
99918
140171
129020
97376
98401
122921
98897
97143
97676
124976
97479
96464
110352
96362
96657
96815
97284
125054
97408
96555
109584
98154
97153
96581
96968
133749
97494
97564
153838
97469
97626
108299
109868
141962
110342
108035
107517
108340
104924
104250
104397
103140
106733
97071
104325
116870
110418
95763
96008
96192
97355
111798
100890
96731
96661
93435
93822
111157
99456
96690
146419
93315
98652
106748
93508
108478
100124
139244
167330
97580
98651
152722
93696
93277
186332
93325
93824
123132
98555
134604
97539
97784
125169
98646
96918
122951
98556
112235
99497
97741
125237
99002
110179
98163
98048
141929
142271
96712
132607
112318
124563
96498
96909
124905
97743
96984
96116
97124
131995
147301
100143
143699
100540
99157
111447
116954
225191
105398
120168
101803
102514
100016
101842
102258
204730
100557
100497
101425
101312
109319
100991
101238
97717
96564
171394
97110
124472
127029
97283
96829
97024
97402
109839
96511
97349
129043
96869
96472
97187
96440
130545
96565
97313
131841
150998
96396
97025
96811
111855
96610
96902
124708
96816
96878
97412
152857
130943
96851
96805
128749
96742
97286
98042
124163
137004
278427
104442
103616
99018
99820
100661
99885
127043
113798
110137
127025
100547
98580
104924
103195
113048
101381
105005
102095
100440
101056
112624
209182
179072
101067
101929
96768
96829
160503
125711
99340
100375
98842
96382
113670
100040
112194
96299
97635
115812
96369
96222
96939
96437
97003
96986
97272
96752
127935
97349
123743
124815
96980
97543
101732
97395
131642
97057
97241
141565
98393
97332
96977
97159
130341
97285
97595
165553
143718
100625
99257
98945
126452
97803
96690
122618
117356
96746
99607
113717
110845
96826
96222
162604
103367
115511
116965
101281
110845
103389
105977
99667
100507
101102
161354
99522
101039
101625
102070
113121
111337
101703
113359
97114
98574
98583
99028
99461
98163
98263
97253
96535
97956
98315
97732
97947
130745
96526
96735
129354
97969
123537
96769
97663
123296
96971
97585
97192
97009
96974
102177
95964
131826
96845
97016
131032
97452
96712
97317
97751
135325
98383
99509
100061
142563
99694
102369
169053
100759
100495
143159
106067
116231
109284
100653
98668
96485
97668
137342
102201
101002
101019
97210
102651
110353
100360
97093
97168
152448
174845
98231
98584
165053
93951
107502
100287
134778
148902
94918
93579
96510
96204
119793
97337
131602
130293
97727
97539
97540
97532
111253
97111
96964
151731
97609
97236
97934
97057
117216
114780
101594
104960
102568
100485
100037
99151
99049
99150
101525
100371
100372
100975
102257
100170
100591
100999
102914
101672
218159
97073
151495
122911
96726
96868
101786
97790
112280
98472
98709
192907
157798
127675
110796
96714
97155
97235
98139
123401
98907
140425
127326
98300
123554
101290
127905
127518
224312
102955
101314
121142
107424
94194
107306
124657
94547
162499
94379
121144
123478
97826
98776
99105
97609
126105
99664
98771
97658
96862
131889
97599
96767
125848
96898
97721
96914
96663
123185
98117
97614
97353
99111
130811
96998
97339
100697
114338
127930
101879
103671
257717
102798
103991
103795
100048
110389
97148
111577
99803
98108
137143
96265
102247
102329
101623
101649
101900
105460
99791
102600
115450
96530
95288
96519
96923
97334
123178
97192
97255
97506
128079
124865
97250
98752
97992
98411
99180
114776
96613
96473
97117
97624
96655
154020
175503
100809
99647
98976
112057
101476
101100
100547
113483
96963
96419
123692
96138
97275
95995
96071
123441
96824
96927
96843
97010
125581
97477
97525
133893
97698
97367
96785
153058
178456
188750
111462
97624
96248
137018
96717
97449
96695
97289
111137
134140
139254
101771
101253
101663
101911
114736
103610
102843
256370
96628
97926
97421
96378
96065
160512
98565
96064
109404
96773
96318
130547
95944
96890
97538
96153
97252
98241
97510
125633
97018
97643
97586
96987
96536
102063
97405
131312
96848
98023
96886
97593
112040
97228
98046
125550
97371
97743
97658
97169
126134
100400
97494
109733
100952
96995
97124
97276
124087
98001
97160
166823
97082
125229
125601
105783
103519
102038
106224
99940
127756
138242
104920
103970
102600
130016
97272
98514
98669
96610
97267
95851
96109
97084
99324
96139
111632
175122
96454
100525
125565
95716
96483
95811
96301
95727
114136
124412
99654
100609
99363
102264
100848
113803
96619
125911
96454
116034
101858
105638
150965
96358
96823
151416
96539
96827
96842
97035
96812
97738
97446
113768
97024
96989
130454
97307
96914
96958
96815
112202
96634
96907
138767
97174
97287
97011
96295
129253
95960
252216
96797
96844
127453
100565
153866
101559
99915
113234
102933
109868
124712
98348
125085
101886
99323
96092
126594
124509
116490
100022
100947
96055
96675
129424
96233
96508
98012
97399
112005
98401
98125
98416
97261
97621
97491
95971
105222
131542
97904
96867
96170
96300
96784
96599
152004
103574
158140
111782
99729
100940
102460
97307
97194
101131
101832
100742
96208
151655
98892
97073
126909
97140
96892
127266
96920
96960
97168
97208
119867
96599
96745
125566
121801
117906
105297
105446
115382
104763
115546
118147
100177
100827
105031
101522
99759
103318
101240
103002
99878
103668
140544
143225
99668
102573
100813
118231
96739
96235
118176
101343
95983
149546
96136
110272
124686
97125
96858
131651
96762
132158
96146
97372
129608
96553
96947
96746
98278
113608
96893
97429
111548
97060
97968
97221
97381
113357
97144
97906
151688
102089
96390
96711
124677
97479
100666
101250
97114
110304
100636
129028
130044
98989
100143
164717
187816
96365
128557
96903
123854
100024
100684
96884
96765
111977
100377
174877
106629
208629
101707
133151
101185
98613
98557
98389
99625
99871
143650
104714
99798
98639
101713
101092
99555
96243
96660
113385
96913
96449
96647
96775
96090
96789
97053
96863
96678
96961
124637
97271
97072
123334
97241
97640
97126
97560
112495
118963
97434
132861
97113
96760
123397
97360
97543
97701
98086
130903
97156
97997
132236
97388
97532
96793
97640
112695
97650
97258
140770
98282
239058
100346
99406
98734
100096
162828
120603
124468
106954
101497
102644
102824
99680
102339
117334
99575
103779
100420
104379
99142
101904
103211
101711
120969
140088
98574
99434
112659
100704
100546
101863
99638
99908
101348
101344
100037
100397
101686
101034
99782
123680
98120
99197
99434
97263
98068
99309
99391
97265
128563
98503
99096
97496
98497
99734
99169
155025
98956
100372
98952
97034
98335
98691
99743
96997
98474
99610
100261
128495
99387
100869
141278
126917
98081
99523
100018
97836
98014
98669
98888
96826
97402
98397
98990
97351
97566
103693
142706
102163
143248
112276
134946
98985
98857
98616
99081
99395
98298
98963
113041
100296
100683
96323
97031
109146
96626
96500
96311
96734
96685
96895
96773
97154
124916
96850
97466
96865
96539
124496
97502
97417
97003
96638
167266
105488
97220
96256
111285
96887
96963
97129
213907
140789
97566
97501
163499
94508
95077
160607
94321
127400
94988
93770
134792
94587
95514
183890
115977
100426
248377
101666
126432
116198
104961
96363
114247
136842
101212
96827
124676
100099
96991
113095
127161
101601
106214
99955
103251
105063
96002
124888
108144
141511
111700
95838
96447
97782
98925
96951
93421
124616
98688
97470
163904
100466
126460
96475
100764
100728
131052
124476
97001
97063
150946
102268
96996
137382
101928
102338
97634
97850
151218
97033
96562
132293
96540
97164
96596
97053
97486
97069
96702
124159
97574
97089
110774
97401
97371
97707
96733
149420
96968
96444
1136010
97123
102558
100034
164610
103788
118414
226092
102859
104984
103427
99177
111748
97235
97256
134285
103333
97040
96911
100571
102039
102321
97005
96368
96434
97649
97839
96529
97013
97016
97066
96682
134384
132154
102966
109738
96251
110825
96589
96463
96983
111325
138560
96988
97229
175804
96565
96486
144432
101073
97144
96579
96675
118159
97378
97054
131320
97564
97657
97224
97027
123516
96318
115274
115078
98152
100116
121641
98933
98792
100015
98431
122297
102128
98097
124493
100031
104398
113030
96391
103170
111529
98791
97245
103269
96322
113059
127747
97099
96487
96858
96433
96406
95793
96968
123438
97585
97154
97093
97612
132011
97158
97195
141632
97738
95951
97626
97402
125123
97134
97040
97678
97579
112430
113670
97256
111474
97181
97637
102224
97437
102617
96985
96332
99532
98285
118015
97386
96760
97321
97365
96069
112445
96435
130146
151992
99196
100199
101884
99813
116696
191706
112757
96459
96842
96943
96741
115706
96408
96900
123041
96775
96705
220921
119555
114217
108735
105777
108758
134189
100154
99906
167813
101381
101292
104038
99905
100214
165445
118993
111912
96207
95959
98732
146396
112264
96894
97249
97884
96597
111280
96916
97111
131636
97139
110468
110824
96652
138242
96634
97541
113881
118540
97433
97854
96973
125691
97824
97925
97641
96738
97337
97893
97041
129390
97364
123596
97851
96759
124734
97568
124511
126454
103552
118310
122335
102835
126534
99543
99605
101744
97731
142600
97137
99547
97984
111763
97809
96244
98055
96174
96765
96539
96190
95565
97127
96377
95674
96364
97126
96394
95717
96576
96510
96454
97569
96058
150648
96901
96301
97146
96958
96907
100103
100957
113878
111365
100428
96529
97041
126514
96952
155647
133376
97451
96975
97200
96899
96533
96536
97621
138201
96570
96532
97310
96993
152089
96891
97767
96416
153386
97390
96972
97183
131268
97382
125860
97744
125600
111773
96786
97415
96836
97441
130539
98570
96448
127926
101772
138884
105714
114491
115792
123730
102228
104373
102316
100565
98722
151032
114952
96858
124950
96381
96641
97143
96287
131088
125821
115476
101910
96077
96437
123978
96956
96331
123564
96823
133576
97219
97762
116493
96788
97130
97877
97661
131561
96653
96699
97951
123826
123360
98153
97372
99008
97278
97262
97633
153369
151105
96426
97077
100424
97706
98495
138152
100460
101752
101288
280032
114461
111168
100632
129484
104009
121698
99035
100269
96547
96367
98555
96514
100306
95945
96702
96379
96298
97208
95825
102662
157777
101607
115411
130044
97049
96403
130805
100943
101657
96701
100349
96875
114529
100981
96775
99717
96345
138571
96559
97112
132743
97569
96584
131977
97333
96421
96922
96514
97069
96300
97592
124648
97897
100622
123538
96873
97574
140467
97384
97438
96724
97370
97606
97682
98085
115797
97626
97341
111529
124300
100844
188211
97470
97298
117032
118271
100956
99272
99451
98664
136679
99946
113485
127256
112292
113492
105496
105274
106765
103269
96053
101577
108902
262102
96372
96912
123177
96183
95989
123017
97244
96369
97015
96176
110615
96835
96683
125562
97498
97519
144386
97008
110079
97274
96964
128685
96814
97535
110441
96909
97115
110528
96263
96958
167450
148385
100353
105297
100978
97985
99447
110701
96804
97612
131327
96791
96971
113124
97881
96471
97223
97632
132526
99928
120385
103921
105160
102314
98925
98052
100347
115807
111380
98319
97667
97063
114339
103713
128193
103496
101210
125125
100192
100364
113759
98304
137869
127919
101708
112998
95905
96680
96529
97663
129857
95907
96881
139101
99530
97285
96671
97599
129022
167558
103192
96778
96115
114019
101821
101062
100930
96678
96331
97721
96536
118157
96887
96765
122859
96794
96960
140173
96287
109528
96465
97260
97041
151361
115857
99541
99261
98767
140202
114797
95757
213087
96811
130154
96849
96574
124232
97809
97321
95963
96272
123815
98853
164596
124990
134266
118177
116959
105081
105992
99701
100314
106994
128654
102383
96206
97107
96843
97096
114001
291276
101065
100826
96763
138224
97069
98164
115710
95706
96077
129566
97138
96536
97121
97010
97637
96712
96478
127934
98102
100280
97563
96771
97506
97213
97416
126543
97656
97537
131316
97178
97604
97577
97313
141263
97308
96734
131356
96767
98040
96820
97155
112525
97910
245170
99413
98305
98790
99696
98415
98997
130798
100688
100415
124205
118983
104631
98345
103478
96399
96216
97298
96437
95454
96282
123973
101905
96571
96027
96587
96637
96225
97238
96447
99996
97607
96538
96654
97183
96351
96695
111501
101348
100348
100294
100631
102074
97124
96780
98546
97554
97640
97414
103149
177591
127479
99915
100020
112538
101734
99519
96042
97543
123697
96998
97348
102074
97393
96094
96453
96813
154952
97085
97705
115935
154848
110519
96467
186939
97285
97115
123821
97005
113247
102000
96405
151019
96925
130888
127482
105754
126490
131868
109827
102652
101744
100061
119623
114491
115068
103951
99883
101672
128485
100992
118973
96098
96502
96942
96022
96774
130851
97462
96616
113038
96729
97346
95775
97197
123871
97958
97279
111495
118077
97030
96650
96841
96735
132528
96936
96090
130652
97452
96522
96980
96574
124282
97171
96958
158086
98034
97517
109588
97290
125414
97781
96931
97396
97055
97748
153065
135176
275813
104947
102628
98938
101191
99997
121883
108929
96526
96917
96511
96618
96378
97714
98446
99939
99563
97015
98368
96162
96519
98059
98360
136664
161626
104259
101846
114423
96955
96683
96757
96419
96503
96036
96237
96997
97217
111977
205173
164046
102963
99925
100191
100050
99132
98671
96281
96763
98518
97434
98629
97232
98091
97524
95977
95975
97299
111382
100138
112513
96881
99338
96335
151647
97068
96586
96635
96432
96221
153124
97374
96633
96407
96895
97588
150528
223729
96891
96838
96475
146269
97590
97144
96827
97087
125185
122454
111337
142668
104661
113176
123510
130198
141868
106991
111351
98329
97108
99167
109887
97967
96651
96818
96356
97074
124798
97066
96373
124957
96884
96945
95935
97280
120478
101669
96893
133644
96723
97702
109349
97469
112026
97335
97044
125850
97950
97163
97259
97555
126328
96705
96861
131720
101425
97203
97315
96862
120283
100448
97228
97555
97734
124779
96471
97507
124162
123888
102461
100311
100050
114863
99118
99192
99856
100131
127752
96774
97292
110952
100312
101506
100337
99213
128633
95936
96647
97012
97065
156951
96605
95623
109761
96182
96752
160819
113103
100606
101724
99397
100358
100910
101917
99750
112069
96030
115086
97324
96586
96752
96566
97807
97200
97326
96833
97311
137102
97264
97219
97054
123858
111486
96460
97297
128676
115269
96939
132491
96593
97080
96639
127958
130876
96978
96780
129960
97375
96598
96989
97185
97018
96466
96917
126272
102504
103076
115825
108967
96718
96748
101321
101615
96570
96825
137407
96498
259162
145639
117224
115216
102629
101232
101154
101185
103952
183445
96366
96707
100762
112364
109191
96067
131988
96402
96033
96610
96888
132236
96639
96182
133050
97802
96637
131058
97241
96393
96620
95917
96760
96562
96905
123102
97079
96365
136885
127677
97135
96827
96447
97511
96862
96331
96978
97199
97229
96980
97239
98181
132435
98361
97798
99128
98117
98269
128207
97667
99659
100561
100315
120362
99498
100457
98771
112718
114418
104835
97424
99946
106599
113877
105584
96945
130251
123802
100986
105831
129204
100486
100508
104879
104830
116844
104486
142005
96908
96647
96865
97101
124890
96485
95358
96655
96378
96999
96605
96765
125484
112941
96227
96694
96713
97995
137454
97282
97130
121295
97527
97312
96855
96960
130880
97644
97668
112661
96925
96864
97493
96973
124940
97275
97524
125912
96133
115643
96876
96837
97461
109739
124487
151554
188536
96685
96774
97267
129199
96838
96490
96914
97297
96597
113349
97266
108502
223248
145070
103910
111118
98209
97006
159307
107624
113358
101436
114571
96119
95690
96621
108016
139072
98863
99344
109016
96790
96471
113040
97293
166947
96797
97210
129320
97491
96544
97020
97340
132891
96593
96959
98500
97061
112171
102146
101721
113136
100279
101553
102329
101208
100965
97288
97833
152146
97329
133719
125884
97697
97735
97463
97989
97626
137836
98433
114265
101001
258427
99962
101556
126678
99806
100852
116419
97469
96447
96282
96973
125058
143558
99709
99344
99271
98202
104027
100933
103555
102412
133007
110613
110303
110938
96198
96756
128002
96843
96297
96690
96593
95586
96095
95975
96310
97076
96132
96212
97467
95767
111082
100885
96908
117774
97305
97093
96790
97441
97364
97526
96939
96277
135195
97068
96799
96892
97766
97477
149986
97490
97009
97583
97657
97071
96697
97143
97303
132076
97521
96766
97509
97854
112532
111702
96840
102040
97665
99510
98099
98057
97393
95883
97061
97623
97943
112489
174636
146964
99347
101072
105968
101572
123425
125053
119362
101342
110685
96730
126052
96156
96664
97100
96878
95789
96638
96297
135899
99112
101023
123026
97510
96532
97164
129564
125285
97183
97132
131335
97688
97443
97156
97234
111288
96655
96804
110849
96986
97010
97658
97247
124459
97048
97276
110678
101125
99385
100692
100586
112096
138845
96351
98368
101990
105757
102706
99028
101331
114939
127842
97482
141984
126788
98512
96667
97016
98489
96216
122276
102502
130006
99475
103096
112548
96411
104783
100334
129607
96459
95554
96018
96279
97618
97178
96857
96560
96745
97307
96946
124312
96885
97500
123423
96684
96954
97051
96555
96765
97025
97547
96312
97378
96958
97796
97165
96321
96413
96876
97270
97377
97309
97486
97866
97137
101738
113413
96395
95666
96172
96873
95798
96418
96189
96634
96559
96454
124655
131549
96954
97151
96601
96346
122574
95885
96405
123819
96755
96718
124368
97183
191466
106044
125119
177742
105941
106989
99723
107238
113878
113249
98446
128436
102751
101758
99529
101068
111327
177202
95950
97036
106158
125743
130179
96458
96791
149080
96594
96287
102251
96589
129579
123311
96864
149448
96557
96594
97054
96606
96563
117961
97540
131321
97676
97275
96622
97060
118854
97091
97962
161400
141376
100133
102665
98446
99818
113350
99457
129245
96462
97056
151138
103523
119996
106024
102814
101744
104276
105137
103469
129324
115224
104899
97793
100719
111288
99467
100446
132408
118234
98041
98791
98148
112292
106582
103240
115207
114441
99871
100026
100732
97368
132255
96026
95770
98374
124381
96372
96479
96576
96440
111237
96341
97243
125448
97004
96147
97183
97272
125788
97249
97237
98597
96519
113025
97424
97038
111400
96961
96439
96665
97196
125627
96715
96146
96925
97346
110562
96542
96961
126520
96521
96490
97556
139706
125413
96449
189274
97231
96806
125484
124944
96968
112818
96960
96654
97018
97501
131663
96819
97024
119004
111232
102744
99957
96605
96843
96476
97106
227681
112542
96104
97066
123067
97011
123380
123499
97332
97311
96795
97011
127051
96584
97054
131476
97017
97070
97333
97371
131493
97169
96560
134443
97826
97257
97338
196709
116949
100243
99099
112173
101658
100179
100505
101334
97353
96273
98256
97110
96771
132929
97227
97664
96517
97162
96985
97815
96515
129199
97732
96562
113280
96007
123836
96860
96682
96133
96460
97146
96313
96749
123423
96964
97218
97194
97833
131434
96818
97269
151588
96342
124017
98335
96854
172559
97447
96231
148908
96390
122837
96948
96596
96111
96424
96463
96603
96805
96018
96471
97542
96091
96930
112527
101295
130569
96741
96193
129604
97885
97298
97049
97185
149263
97425
96826
111224
96954
172118
117860
101061
127467
103442
96205
100867
111625
96724
98069
98973
99197
96322
123681
103653
104018
97575
97972
97671
97425
96029
128770
96516
96527
96079
96446
101165
125341
96549
97089
96787
97412
96989
105161
130185
117303
100848
99757
99348
111057
165047
150333
100047
99039
98235
99203
101984
99802
100821
96871
97453
122903
96744
96805
103650
98770
103634
96971
96720
96531
97086
97428
123669
97211
96433
96574
97434
122630
96674
96965
123535
96715
96528
113239
96445
127571
96913
97910
96690
96718
96807
97041
123593
96734
97308
122603
96550
122607
100955
113315
103663
103572
158328
99573
115965
117618
99874
127771
114847
116011
122360
101030
104434
102638
112490
97637
96675
96406
101529
96619
96643
99032
96151
111212
97025
96118
96137
97285
96541
96869
96134
96497
97465
96975
96919
112016
110811
97101
96565
96423
96571
132455
139565
96264
97119
96718
109728
96816
96219
131086
96949
96609
96982
96379
96988
109693
96573
115867
96501
96917
123095
98011
111214
97273
95527
96853
96501
96625
122513
97247
96621
131358
97428
126447
113138
96688
96883
96535
96561
96380
96941
149662
96546
96706
96840
97251
96783
100431
128766
105208
120521
120192
110448
103266
99818
99467
114504
107760
115359
100019
99605
99122
108945
96573
96014
125186
96276
126591
97106
97845
97008
96303
96726
97541
96623
124752
111917
99872
101570
102256
102262
97055
97211
129326
97476
97306
154005
94471
94888
94264
94421
108126
94857
94023
152428
99193
99271
98796
97976
123729
95652
95263
139048
109329
98964
102312
125647
113817
100952
102368
103426
102127
158044
96447
99564
123139
125086
96979
111398
101010
115480
102383
99517
112606
98157
99169
101237
97853
129435
96958
96413
97533
124922
99950
99894
112466
96967
96627
96168
110179
123133
96837
96704
100845
114366
112269
96176
97014
151581
97096
96567
97239
96933
155688
96645
96982
111397
125122
97245
96680
97510
125062
96553
97751
97525
96989
125540
97859
97985
97635
97997
144942
98904
112061
96949
112466
96742
111940
113148
98270
97163
109135
96611
113769
97365
96910
97034
97492
96778
156327
133978
100727
104651
105760
115494
102792
100388
101441
102172
113842
100195
100476
96869
111994
111968
124851
126776
97146
96513
125849
97377
96849
96973
97758
154477
96790
97571
97508
138864
96833
96490
129905
120462
159014
101455
114800
96767
124595
138935
101891
102081
97363
127583
152995
97686
115394
178261
97289
96796
111964
97161
96574
97610
96956
123832
96739
96877
147701
102444
102316
113802
249390
98932
98506
98703
99874
111223
97208
101525
112687
99058
97456
101032
104630
113124
100842
115464
113188
99508
103798
101546
118909
95818
