780770
726094
620871
615905
614269
622284
647793
619628
600422
648638
601245
536444
523257
539337
525458
535694
592910
533120
532644
621636
531981
524702
525067
518694
581527
589471
600415
531068
520453
554794
627968
691000
529768
544916
532641
521983
522071
522704
610731
524196
562728
645281
224213
266515
266482
229484
246516
264333
253199
248930
249583
279412
279461
255125
243118
243392
248453
242580
224268
251805
238894
220623
242961
288962
277341
266607
236419
252125
264890
231643
247278
256222
265825
285961
219160
281147
257083
230016
238039
304139
259601
249603
233913
264274
255911
225030
236487
307838
228296
330666
250623
228622
243916
247327
224468
291876
263509
240053
256924
238403
238149
279171
290124
263440
182908
195759
182455
175683
208492
196622
160245
208090
153332
150521
169210
195599
193660
153091
151170
151322
151296
245833
201971
173054
157933
156229
164051
203370
156556
158082
159217
155334
177802
155564
190010
152723
154930
154286
151071
151286
178851
152708
153389
162135
183452
200597
196694
166787
153704
153576
154500
152484
156045
157353
150784
165767
182539
153602
151986
150382
150915
235716
171209
167740
221734
170823
154522
150397
153319
152850
186298
151238
150669
155322
154467
169508
158077
150527
149992
151875
177169
151801
152087
182208
150897
176915
151219
163804
152489
152279
186610
150721
156336
152351
179242
169954
156708
164108
173454
177554
204561
153083
153184
155149
185301
150542
184709
166946
158983
168695
154797
155916
211921
170578
157824
156013
166704
151328
150412
150422
173789
188975
151984
177998
150845
156190
150406
157568
168570
157581
207150
232737
151135
157284
183190
160186
153135
150388
149738
151755
151374
156826
178900
150737
151033
178760
168218
211224
156171
156519
166457
156129
164974
173800
151836
181541
152962
156032
155415
154797
167885
152500
158926
193058
169968
155943
154060
156223
155786
152322
150611
151051
150361
178770
150143
150908
152122
151785
150866
150615
149742
151681
150607
151439
206517
168907
156626
167978
151565
155836
172025
142745
141650
142607
190839
185486
150720
151886
150140
195677
177381
151834
143291
141977
142610
177694
142727
178200
143226
172483
142743
179051
142329
168631
145948
145930
143013
169871
143179
203947
151796
163480
183663
154774
150338
149078
144386
151201
155710
293240
160610
157847
156054
150794
148463
149102
148344
145763
177030
142109
172836
142372
175886
142285
177758
142928
177889
142833
157701
143173
145687
143736
142737
146108
143692
142835
143409
142686
142846
142849
143038
143237
144566
197789
142884
177595
143190
195812
142598
177504
144258
186622
142572
155727
169406
148346
142620
143191
201005
142722
269450
149144
159200
148730
152308
149336
150429
148653
143097
169327
143568
183726
183365
174000
170225
196819
148708
298630
1657889
149370
142858
142781
142577
143413
142881
145873
142367
148574
155149
142950
143064
143013
142824
142475
164855
151941
152116
298297
169440
150532
166083
177699
142694
150795
149364
143950
142531
146810
145946
145310
144428
174089
142738
174965
142946
142110
142987
184821
195484
142393
160569
185495
168589
141857
177666
169374
204528
141907
179715
176092
170649
145674
170775
142474
155292
144246
144144
143727
167006
144686
148045
146427
143539
143299
153309
143030
143405
208797
144054
179203
142992
170613
143789
187858
167046
142908
161661
145322
203431
155616
190093
141794
197210
141797
148572
151731
142787
141939
141790
142512
144034
142748
142628
166187
164175
170858
201487
186816
160569
142368
142969
142122
168210
142603
158582
142171
143189
158189
142391
142999
142642
142985
192489
143199
142872
142097
170157
150706
150382
194918
164755
142468
153052
148690
197796
144925
181695
173371
153114
145777
142050
161395
156890
144351
145353
147446
141401
156908
142364
176554
142242
215516
140892
148358
141315
141132
142086
141816
142196
142251
174150
141985
141770
145144
142254
142399
142169
142019
141897
142784
141895
142694
142264
142440
142209
142673
145424
142907
142435
141981
170587
142331
142176
141676
142332
142445
176287
141608
177888
142120
190525
145216
177661
141469
142103
158753
163219
141535
144841
147829
143979
148397
143599
141384
141740
177193
142376
157427
1587107
168593
146478
145905
146027
158072
148039
145640
146512
147448
149435
142399
143469
145559
142997
169619
143094
143785
181206
161611
199277
156216
165892
161437
213847
154571
150902
146458
146799
148749
149879
163725
152878
146430
147085
153902
145809
147871
145894
145795
145729
145650
148591
145695
145861
146017
146043
144885
145778
146025
146309
146239
146657
145012
146152
146783
146235
146597
145678
145367
146067
145958
146885
150218
149473
146216
146114
146325
148626
148210
148794
145145
144853
145315
145839
145735
155242
145654
146294
145850
146421
144989
150779
145881
145786
145168
145880
146342
146824
145699
154885
146483
146159
145996
146566
145759
146205
145909
146575
147895
148016
152814
147756
147508
156188
147643
146808
159227
161869
148366
150424
146458
145811
145571
146514
146205
146511
146579
146752
145985
145615
150914
146155
149980
151293
149918
149533
151463
148495
147458
153599
154180
149249
147397
152855
148390
146113
145028
149621
145786
146314
145275
145393
145555
145656
152848
145805
145176
145961
146674
151227
146859
146524
146752
147446
147089
146917
147112
147081
147521
147377
147345
147410
147126
147241
147486
147023
147350
147300
147372
148999
148927
147408
147946
147439
148371
147299
147877
147347
147220
146888
153528
146582
146468
145720
147000
155824
149889
146985
149733
148832
147222
149993
152977
157329
148715
146013
147104
146055
146909
157429
146325
147449
152275
151809
146194
147061
148764
148954
149234
155749
143809
143240
156980
188929
145469
164628
144171
146314
145807
218750
142453
157549
142264
182630
149508
166432
142741
142697
143261
142659
143436
143649
142469
159607
188914
157869
172021
173024
189211
146941
146459
148759
147202
193841
142888
146278
142856
147463
146157
142788
176820
143525
143330
171092
174393
142598
142249
144455
143031
143414
142845
143474
143116
221786
143807
173476
143258
177127
142988
206293
143240
171401
143812
171789
144109
175727
163827
178332
143047
178123
143784
232935
192485
169342
143370
170999
143012
179070
152895
172993
143322
142992
197183
204675
145883
174540
142839
143610
231355
176733
148744
149755
149460
152610
146661
146775
161804
142835
142373
150632
185858
142409
142021
146237
206398
149888
168616
144042
143584
142421
152375
151661
146944
149996
143109
143485
143975
246543
146946
141618
148159
146677
148759
149137
148566
177713
142373
214613
145331
160380
145213
145011
187988
146012
180571
142299
201774
160429
151536
144904
155543
186808
142341
151315
147934
147347
148692
145914
146813
145600
145419
146366
145590
149211
146479
145966
146228
146016
145510
145939
154946
146485
146553
146429
146648
145984
146235
149457
145804
145916
145675
146329
145771
149001
156501
152810
150725
151407
147675
147841
152959
150057
146898
189698
148999
152171
145284
148633
146010
145906
149078
146456
145573
145823
149605
148304
146265
147147
146544
147318
145295
155938
146164
145799
145523
146036
145124
145790
148482
145990
146710
153954
145654
145018
149899
173628
146193
150429
157020
147120
145334
159331
146758
146277
145437
146379
145812
146302
149298
146963
146570
148246
146838
146251
145493
149356
146507
146428
146607
149371
148846
149939
164590
157284
149846
155844
149409
147627
146258
147776
151245
146129
207005
149036
145549
145757
149450
160685
155254
161280
154737
155238
165211
155306
154681
156042
154898
158409
155898
156267
155039
155252
165137
155186
156176
155085
155218
154144
155740
158193
155532
155284
163855
156186
156149
156025
159356
173810
154519
152791
148234
146800
149357
147247
145342
145544
146229
146793
145526
156754
146841
146114
146146
148036
146349
145971
180390
142690
187826
156484
197349
141651
153383
148632
168800
150980
160831
142485
171526
170042
183123
183636
148727
142323
188764
141384
155250
192960
156376
149724
150502
149304
148601
155960
152913
145443
147744
147914
176823
149225
150845
141809
183103
148138
158468
142337
179887
171073
189150
160785
175842
152441
160848
147604
174422
148063
144505
174644
202346
145118
196582
150783
173902
143591
142971
144452
175382
141801
141432
141489
141859
142067
142617
142129
145690
141916
142315
142262
147274
142500
141679
141414
142208
228714
141612
142038
142072
144792
141468
169608
141998
142627
140909
141787
145760
264214
175490
167943
169648
141841
174614
172173
142061
146516
141264
142693
179824
144040
212569
142386
195878
148378
171346
142491
142755
169313
142642
142241
141690
142128
141771
210707
184199
161297
191149
191195
152955
147466
162830
151622
142163
195438
217921
142400
141805
170609
142277
176302
143250
176148
143652
169114
143248
174522
142748
170744
147168
147155
145847
198908
145800
146326
162868
148104
148219
148271
170078
178484
203265
141802
145764
142002
141377
174855
147076
148949
147887
141971
141690
173108
142381
142311
143044
160621
141589
178080
141597
174120
142349
188284
141863
142377
142465
142823
169866
154217
184352
142228
195255
143489
168776
142532
169587
142647
177980
142064
185105
146851
145960
145390
162626
161738
242407
145737
146604
145538
145802
148527
152221
147609
209924
146824
146771
147180
145410
145341
147229
146401
145394
145971
145401
146211
152360
151616
147071
147872
147914
146233
145973
149280
151386
187765
157328
150202
150863
146407
145390
147881
148809
145378
145523
145471
145574
145839
149998
147477
146180
146534
146017
153866
145509
146381
146038
146674
145827
149247
148537
152915
148215
150213
148323
153616
145569
145610
153095
146816
150443
145444
146105
149452
145187
148967
147527
144909
144975
145435
150267
145521
145329
145188
145933
146024
145964
146135
145921
145898
146385
149810
148081
145915
150996
147626
150622
146102
145767
145945
145967
145437
145730
148707
147926
147296
145969
145991
150309
145863
145099
145568
145348
146066
145614
145581
146587
146375
146475
146927
239506
146538
150110
146409
146068
147301
147014
146668
146555
198900
150279
148315
145625
146193
145455
199648
145136
146149
146344
145433
145067
145912
141944
163998
142240
163846
142342
143075
142553
198703
142479
171583
167680
170492
148282
147327
168107
148584
162815
149335
145666
145801
159378
142690
196316
170117
170798
141945
176043
142019
169007
142412
178435
141911
151855
167076
158793
146681
145505
158889
154895
152397
177190
142533
148295
141945
161464
146235
141436
141663
143318
178691
141641
142186
142063
141979
142278
141425
142481
142154
203006
144319
145807
201017
187740
150154
145435
147467
153370
173462
170413
141878
157383
142510
142137
142690
142578
142522
142979
142879
142244
142554
143126
142208
199177
166293
1439107
142763
141881
141888
141726
143243
143065
228738
169367
149914
141430
182829
141450
274341
141481
142322
142532
141896
141222
141064
142028
174608
141257
141219
141611
189545
161935
141903
171366
140882
142534
183598
163840
181963
156173
142509
214357
148634
160965
148305
195320
141415
194843
142087
159022
154512
178827
141793
220540
310429
151497
153027
156608
150848
153231
143600
173126
170885
142904
141772
141088
141437
141506
142053
142285
141071
156447
141330
169308
141795
261863
146038
145004
146101
169064
142153
141864
142140
141654
141590
142916
157326
156352
147666
164318
141831
143085
142566
142096
204070
142604
176764
143729
171414
143268
156936
142602
164631
143271
143156
143054
176206
142075
169901
148718
157969
142253
142105
142169
157901
177699
157129
239693
203302
148391
169525
146092
148216
272485
158529
142102
193072
153019
146184
141605
194564
141118
142091
142056
147838
147241
187944
162959
149700
171959
185060
149243
149814
141402
224046
141446
168679
142221
168392
158460
196875
141828
157929
168585
176179
142989
203483
142490
162860
142692
207287
147141
307593
145897
146743
146927
180655
142814
142213
143400
142309
144985
141576
142467
153529
200655
147918
141468
147257
162864
177761
140920
141048
143226
141423
156308
143637
144954
144203
141756
142012
142411
140956
141492
141674
142174
141984
142544
142660
156252
142597
179375
142457
187348
141925
155212
142583
180768
142301
177637
142135
201322
141715
207269
141994
176413
142267
173880
146465
176076
143000
168766
158782
182477
196753
156388
158613
143187
141910
142514
219298
141548
169124
142046
169236
142108
142320
142284
142379
142841
141807
141783
142208
142752
147178
142652
143245
142946
143433
142827
142926
142350
142261
199711
141947
157442
142105
207430
146326
145444
155899
141805
142232
142064
176979
142529
157357
168368
195788
148688
148182
156920
216907
147330
146735
145718
152239
141384
147468
148033
160360
142137
148382
142032
175295
162019
142604
142399
142606
142084
142996
141614
142378
142630
142360
142769
164593
142481
142718
142145
142351
142080
143278
142261
143540
142118
197254
142057
142765
183521
142444
142296
1502616
143028
142511
142810
142879
142548
144063
142626
177043
141858
176851
141811
177716
170306
160986
148044
168908
144591
175823
141763
144725
144855
142045
146706
145357
143501
163796
144702
142261
170695
141985
178037
141717
174891
142445
198563
141879
227719
166292
191078
154336
152664
161397
141682
143170
166973
145726
147033
145811
148047
147592
143057
141814
141783
265143
158893
147929
173954
178505
145953
146625
145799
147009
145962
150070
148991
148356
148713
179426
184564
198811
171343
144695
145898
141462
189251
142414
155590
143025
171363
147758
205327
142177
172064
142015
178575
142383
154671
142848
142187
141592
142786
142556
141994
172875
141490
142426
143182
142897
142776
142955
142692
142952
143348
142987
142824
142584
142783
142680
142530
142819
143140
143075
160489
234643
156972
142715
142812
142678
142995
172086
142819
143035
142297
142315
197561
155861
150830
159909
160032
148239
156550
148436
156156
141346
142006
163762
149015
143155
142519
149021
178400
175348
182786
149328
154740
160878
149602
143049
143196
156742
230644
148420
146987
160538
149018
144632
143653
164915
143702
143547
143246
143229
143810
151511
164751
154756
170803
147517
175024
183851
177140
147399
143011
145954
142673
145567
142743
143250
147149
141963
191042
142227
141725
143001
143080
143856
143545
180905
144837
147294
142874
146835
145422
142978
142961
143628
143140
157947
146489
144599
297963
155994
210728
148254
149145
149517
169376
142964
200898
165140
176923
142680
178750
144020
177859
143206
178782
144142
210061
170708
264763
147244
155104
141373
142194
142340
142266
142594
142023
182094
201100
224275
148420
209721
174503
160931
199851
155894
141285
168206
143035
168561
142253
168481
146923
142310
141268
165968
276538
175480
148765
172034
146153
158925
149921
170990
155921
167948
143758
221276
157591
182887
162701
148412
148079
161361
148299
177551
152324
157577
146501
178262
173475
161841
153379
143515
141793
141482
141747
141083
150050
141877
141561
142941
141469
172682
169680
174063
141879
141145
142407
142288
141908
142087
142114
141665
159046
142101
203552
141737
142266
141825
141846
142609
142093
142036
174503
147744
141490
181818
141202
175827
141675
175149
141958
145471
151436
184015
150165
201960
149655
176870
171637
184204
150229
151349
190586
164539
179053
150754
184675
175985
196888
150403
181628
150745
183869
206854
206833
157059
154622
150429
220848
206575
154638
154501
165234
150240
176479
185679
210564
155200
166773
151187
150584
175522
173521
146638
142335
178853
160713
145406
147291
148662
160620
144211
148887
144326
144342
163306
151311
155315
152557
155935
152156
148724
150780
148919
148942
187098
146516
219049
145581
143085
145032
148268
143894
146186
201846
138817
159798
190485
139988
139578
139441
138826
138948
179588
140437
140066
139118
144925
138851
146146
200512
138854
139567
139010
139140
139091
139799
139048
194210
145701
138625
208236
138934
138706
153112
139161
172915
139159
138660
207378
138819
160585
139303
139182
139519
158420
138883
208914
139948
139491
138708
187849
144675
150198
151659
149099
153420
195925
153654
265555
176757
151118
143303
142883
142089
142656
143120
223733
150286
165352
147090
150833
146722
153898
188978
177418
143063
142790
141534
142776
177247
142261
141637
141531
177709
142788
141881
141359
232111
145446
177638
164354
146261
191974
172257
159918
156855
143448
142683
142677
143982
185093
144038
171817
147383
145361
158415
141169
177026
141511
141484
141973
141117
141456
142092
142038
141710
140879
141390
141623
145574
142056
142164
141242
141564
142946
141215
138043
138267
184425
167450
138320
147094
197075
137947
143157
152281
137739
138703
138717
183892
152227
138428
137639
191977
170920
137957
137531
138041
137723
138691
142676
152099
258042
240492
170885
148458
152368
157504
264939
142042
169927
141828
143019
141723
141660
141286
141364
179700
141434
141936
215596
202094
161057
143356
148725
142199
156460
141864
142654
142232
141555
143461
190461
141872
161951
144779
141532
174738
215757
148208
147573
145912
145074
146545
150264
161753
176789
145575
175052
149175
144855
145165
145901
148339
142482
143494
185926
144433
169609
147007
172483
141699
147502
174039
141809
141823
142403
141661
141783
143601
142673
141292
142269
141680
141646
141752
140715
141584
141881
142058
142026
141747
141918
159937
156085
142036
141812
140881
141497
142337
142066
142027
140834
170136
156583
142010
170134
145628
178073
141403
142397
142030
141701
200989
223851
145741
145744
146148
231800
145338
144502
142918
141861
141085
171033
157989
144107
144959
137342
137574
145786
143664
174519
143867
204988
138004
230307
253104
202205
189699
150348
149624
146659
144237
141810
171150
141632
141509
171975
141538
141860
141120
141578
140791
174199
142095
141961
148127
142076
181864
146295
148602
174715
146031
145185
172069
160075
148541
145690
143195
142104
144900
185273
142123
185826
143765
142269
179677
177367
148096
1230630
143432
142006
142035
141721
142275
142353
141365
142079
155536
142404
161480
182552
141584
141745
141197
142539
141557
142073
142180
141658
142173
141837
156636
175320
141985
175954
142029
255876
146914
146701
146929
258183
142596
141510
142428
148757
143122
215457
144747
199033
171648
144716
170320
142241
159382
173142
150150
143279
170689
188537
177125
143692
143100
142768
142612
178302
144275
143762
144710
207781
188866
201276
159397
179573
143714
153712
145471
145361
143303
146017
145143
144685
143642
174325
147445
149541
142323
157274
143649
143227
142994
144626
144664
150184
148660
161961
176001
157773
159077
150072
144643
141721
160891
142519
144760
146621
144400
141268
171915
142514
199958
139237
138097
207319
138034
138426
137443
140344
138069
138263
139354
143499
137379
138611
160499
138385
137761
137647
137636
138144
138177
137899
137580
277002
171488
146346
146946
146608
146760
142567
140753
159044
147100
141114
155294
164909
163138
240690
139019
151575
138106
138674
303736
138151
143495
182067
144599
151744
145714
144585
144603
145298
178519
144500
144192
143832
144719
156940
143909
144221
164481
143382
172179
157688
145677
144236
171248
151986
143415
151752
145098
144648
143791
183060
166541
151915
158538
149668
158141
156858
150633
151994
154575
164006
158364
285341
149609
204411
201306
195568
143387
143452
143351
150606
282285
143478
142095
168290
142713
142686
144603
187634
142538
143535
142078
146791
141941
145570
143367
171958
142446
142242
142359
143186
143169
142330
238014
160029
148438
148700
142436
143072
142386
142791
144079
142682
148280
142594
143544
143097
142569
142665
142573
142046
142209
143195
142421
142414
142504
289120
142148
142310
142330
142784
142418
142750
142591
222238
188023
142712
142961
143096
142612
221372
148488
148318
142027
142621
157517
158232
152110
155645
204210
144910
144043
150700
186750
196401
155223
145585
212123
149050
145234
141671
141978
141602
141276
141653
145240
141794
141938
141524
196864
141298
142706
141541
142269
155327
221051
145963
173356
174654
323427
144528
145387
159355
147968
144912
204719
155890
146569
147144
148447
152836
157375
148835
164831
144819
142412
176573
149564
162312
142485
164678
177693
175480
141965
212344
142395
142551
142287
141953
148674
142201
170672
207824
168065
143217
170197
141459
171144
143183
157739
143319
156692
141417
157152
143594
157967
155294
158267
141792
164543
156055
143408
1779806
178075
148421
144369
142633
299215
162673
150465
149137
148757
146833
230867
142426
170728
180581
168591
177403
141595
176709
141991
170645
142465
175660
142986
298635
148776
188395
151814
152704
154733
181534
148500
147651
142504
141684
156279
142013
142169
142025
177286
141773
169693
142486
172303
171280
172165
170064
174446
151932
145485
192425
184048
172855
143898
142436
162563
143349
184917
141709
169260
174005
158693
145236
145269
173463
199829
158994
142708
141635
142209
142361
141900
236576
141626
167835
142504
164426
163965
141968
142204
142515
142181
142019
142982
142300
169557
142576
174744
142012
174636
156241
156670
142338
155673
142859
156369
146782
143196
171110
142469
142414
261057
141834
204052
142140
177073
142945
178388
144891
144000
236028
158632
150132
143051
141590
157860
365211
141651
169728
178613
142043
175323
141910
179139
141854
160862
142368
171005
172375
177001
141961
254436
213015
184269
175757
147460
168652
147445
167583
142229
168492
143188
168562
224297
156736
148628
158562
142268
168928
142267
185476
147477
178157
161694
145877
145737
285283
177687
145534
185023
148701
148040
141999
141692
143559
147086
144088
142442
170497
147967
148204
148367
176000
148040
148082
160689
152109
147486
147425
147707
147943
148555
148307
174324
147481
142895
184779
155175
146818
143046
142917
142014
142582
142687
142537
142237
142597
142228
142525
142837
141931
143389
160182
142114
215086
141971
143236
141711
142932
142722
156322
143906
144240
166138
180097
212683
208297
172415
141534
141552
142094
251504
145520
155279
143893
167469
178350
144601
143983
165437
138394
164283
155208
168859
158176
264396
162324
164724
161074
160792
194150
169540
159428
154149
162522
197127
142451
142894
175594
146315
194178
200062
163053
162172
147639
149534
170100
189792
147002
145941
181716
146949
148835
146347
163879
156505
144517
143882
147555
147578
148160
152744
169631
143475
196553
144110
205562
144596
151315
138487
139058
155949
139031
269488
203182
150454
161731
146324
143660
165217
144143
145837
171363
153417
137998
207099
144359
181155
144028
193890
138819
182506
142810
175814
142933
169445
142298
173732
234648
169549
142877
177232
142865
170592
173184
182797
141362
156447
171592
145310
210855
147393
147689
186894
155684
160530
176623
154728
142361
160507
141582
141859
142404
142329
142510
141897
142676
142783
142982
143217
141987
142316
142768
142270
142724
142503
1067743
147489
146076
145430
202591
141266
169770
141804
142107
157782
174880
141099
168505
143068
142748
141808
175277
142411
141226
142162
177470
142033
173318
142723
175284
142827
171049
142588
177959
142322
192911
142349
142470
142543
142056
143186
142027
142135
142311
145838
142411
142681
147442
186207
142375
142012
141815
142278
143123
142644
141675
142759
142691
142820
142431
142564
142176
143352
142558
143329
143859
143205
143445
202783
162075
172867
156100
144554
142743
142856
147306
142636
143084
142390
142630
142838
143188
142935
143674
142785
143338
142698
143366
181915
143117
148903
144265
143583
142890
144705
148702
146643
157300
142902
142644
148705
175911
146649
149738
202980
149223
156904
142534
157828
148915
150523
150415
157419
145245
150252
151429
183431
145426
144104
145397
153941
149304
156429
216342
146201
148288
297619
147742
161547
177823
152137
153565
166325
162080
158620
145134
142812
142219
152069
142517
143550
142939
145954
142250
142492
142035
142634
143102
183175
162296
169926
142627
155969
142612
141427
177595
144222
142411
141928
175227
142054
169459
141884
176743
142168
226314
141920
175556
142592
241866
142262
168691
142228
173867
141682
169541
141923
157580
195793
174253
233466
142487
141827
142983
141584
141516
142628
171250
142088
141659
173886
148832
145601
141243
141508
141129
142504
149200
226593
147879
145302
224028
146642
152684
145089
157021
141501
197550
147548
163111
141812
202375
182056
175991
149085
146063
145677
146110
176287
145608
146859
141753
167836
141629
168110
168128
164612
141906
163933
194342
175776
190798
163450
170207
146284
161138
148831
149373
158921
144335
171896
143386
141544
142870
141369
141523
170052
141220
198714
141023
170216
142480
141464
142093
174933
143567
142280
176586
142391
177746
142183
176697
142191
170512
142273
175456
142833
189776
141698
168619
142279
197019
156764
170746
142125
170427
143993
144014
144761
144123
141395
176301
142883
142004
141636
185691
141572
171190
142536
157075
197594
157487
141730
156563
143201
189705
172665
154837
151491
164777
148307
147632
227096
148379
141122
149131
148757
178245
141394
191564
201435
155040
182723
141857
142409
181646
141951
142029
156299
193172
164725
148642
145509
162371
149540
162352
147835
162165
145722
145858
141805
167224
141885
196801
142144
179213
142381
165025
142819
157188
320515
218227
155991
163867
147655
174323
1087948
151341
147360
147353
158832
141383
144877
217429
142557
142130
141490
141438
141446
141692
142463
142773
211164
141709
142165
141481
142915
179059
156942
141688
176787
142071
176572
155673
171915
143768
217851
144518
206555
152425
172330
144783
171413
176439
200356
164483
220670
188340
169158
143915
139938
150575
246219
146882
146205
151363
160195
161284
164212
150114
148046
148454
152767
255587
157280
141987
167899
141905
142030
141978
142284
141816
142065
142263
143211
142449
142301
181473
178727
170782
188169
146433
151417
146122
149371
146206
143329
141918
142363
142208
169741
169700
173700
170228
171752
142283
173931
141690
141766
141091
171966
191109
146248
145594
147603
152498
161122
161516
141748
146351
295108
148531
147640
208314
147139
148377
146334
155471
141745
141753
157162
145099
143911
143993
143405
142760
147236
142502
142338
142546
141348
141676
142152
173030
141943
142657
141541
142233
142596
143287
161095
186017
142124
175824
141994
178710
142269
170187
142170
171276
219997
186028
145704
155251
142044
258689
141284
182385
156037
141485
142301
142655
142628
148044
191096
152911
142099
142602
141991
142621
161148
141458
141531
141899
143098
141797
142563
142094
142179
141537
142109
143153
142769
142563
142379
141852
187501
141912
266169
189298
167139
178459
141857
146825
222232
147533
145786
145667
160474
141633
168525
170168
168544
142148
195977
142289
159194
177703
189541
183329
148007
145969
146626
152809
148812
159435
144203
147441
143807
143220
147547
143926
143159
146747
141968
158799
142588
143083
147396
142589
163661
142918
143100
143331
156757
143966
143261
143158
189939
143766
175747
254154
163335
149387
171711
143020
202571
170746
214799
143783
157278
148978
171302
142860
169706
175096
171581
161135
169307
143316
169348
142378
170327
143061
150980
142345
143482
149333
142138
172495
170621
252563
148389
149028
142235
143501
209477
142406
142795
142777
142386
142457
143778
143066
150670
145493
179027
150768
144066
142316
142982
231122
165535
145175
143624
146233
206727
201464
143189
174126
149422
158566
143990
166539
148806
172233
143685
148246
148619
224454
144282
256530
147876
161196
174525
165307
147992
190091
171897
173427
142586
143463
142512
144246
142297
144302
142576
142607
144823
194958
142482
174205
142788
142267
142670
143027
178547
143079
178747
142719
170773
143635
1375798
146741
145294
145881
146935
141740
141833
142056
141581
142378
142047
142441
142723
141055
142569
142864
141650
170404
141562
155992
141949
195865
172340
162504
229564
168669
141034
168876
142397
168187
142899
193812
153312
170119
194450
149179
148582
187973
142620
172956
141811
155993
143286
168606
142650
158427
142349
173078
143195
171046
143357
171138
229451
228223
180383
150673
145908
147387
146048
248060
145847
148345
156145
157508
141610
167925
141865
176270
142689
173826
142149
183808
144458
187605
152845
170181
146663
172723
172963
173864
143103
189671
175343
147643
150497
151111
151082
197347
142136
227788
215426
154650
141340
141544
142105
142083
216409
144999
145412
147748
162348
145482
142587
142937
142122
142644
142385
142228
176911
144510
143464
141962
144611
144256
144270
142030
142329
141574
142506
141757
141277
141915
142642
142857
141574
142344
177226
192003
203307
158743
170552
142066
175146
142442
176907
142830
163580
169178
173814
162001
148100
148120
147797
147717
226417
149900
146332
145818
146079
145424
145867
145956
146090
149963
146020
145488
145936
145579
145916
146023
146001
147115
150060
168428
147817
145374
146411
153060
148071
145366
145700
145506
145712
146165
145853
145508
146191
146424
145977
147094
145801
151354
149216
149326
149682
149088
149984
149339
154741
149624
146451
147872
149403
149816
146379
156316
147713
146719
147449
148756
146505
147090
145809
145640
145051
145549
145191
145410
146044
160955
145119
145914
146175
145631
145507
145558
146676
146944
146117
146727
147426
147766
145927
148660
145364
145824
145347
145963
146126
171567
141909
169146
142676
162259
142720
161204
148298
142217
142962
142822
142662
170196
142024
198071
167950
141069
159863
141473
163821
166502
143388
141648
169164
157232
151946
162905
147447
148318
147105
192134
141241
172576
168895
142019
141361
176773
141784
170773
141795
172343
142077
197482
145248
143709
239530
212718
168992
150352
155204
146580
236372
147595
145904
145284
147890
183617
155350
147548
142001
161387
150098
146833
148838
158298
145459
144607
144074
177941
173047
143629
147731
149020
147431
161764
144184
150824
159591
148327
147829
201723
142400
196366
141433
174231
141960
194952
142795
170107
142316
237446
151140
148922
146507
146903
183388
148601
178937
143200
166716
143518
143595
1087934
148126
158430
142084
146089
141660
141621
177296
141660
176922
141668
196325
142964
188119
155152
141843
142332
141436
165101
141980
142269
142604
142666
141765
157604
150078
190450
148159
149039
141821
141632
191218
148326
141743
170242
141879
142263
141786
142061
141738
168154
168719
178451
141746
162551
142549
142098
142925
262610
149471
178405
156281
147571
144937
148389
141520
143384
178090
142200
202325
142587
141967
142368
142346
142962
142632
143082
142349
143135
144352
217312
147764
152214
152938
153321
170595
156379
146236
142218
169643
141489
144141
140943
145784
229300
140552
144809
284697
145842
147476
145027
159747
141290
141595
141712
202473
142255
141931
214675
142525
142237
141206
141367
143150
155220
142204
156785
142385
178692
142554
157042
142521
160376
143341
143449
144468
143334
141825
141942
142631
143662
175444
177939
141636
142167
141498
155350
142600
141523
141685
142742
142605
142763
142444
150615
195441
147402
141559
173925
145115
144040
142500
141932
148983
147557
142307
148182
147386
189237
142231
142244
141810
141727
157022
142221
161604
147441
148015
147188
142287
142386
157636
142257
142215
142594
142155
143484
141976
143050
142438
142551
148378
148549
147948
152600
147452
147901
150554
143848
198902
141698
151338
147847
148495
146835
142146
141846
194134
150581
146243
146462
147642
148771
148076
142238
141412
141776
141852
142071
142249
148063
141821
142621
142360
142285
142540
177974
142481
176631
142236
170419
142577
180674
142589
175897
142106
178883
142474
177089
142500
239831
150621
145870
146004
171909
142018
187665
148437
142637
142712
171275
158573
142056
142765
141895
195408
142827
170478
142063
144601
190318
184503
170287
185199
171627
141012
176859
141828
174723
141264
168546
141959
173428
173475
173811
142386
174657
142225
174907
141895
175662
144880
144658
145177
172102
151101
170818
149064
170301
144366
141519
142901
142747
142858
142010
171370
142435
158060
142627
157644
177455
169368
142940
156559
142887
142752
148162
162248
153909
149213
152359
150783
149976
150435
177882
139825
138510
138859
142514
143643
137981
139149
137562
140443
137997
138529
199825
146173
145667
141265
207001
141355
194497
138023
193240
139162
177619
192980
151610
138594
182403
137875
138428
151567
151638
142101
142627
145094
142815
178890
142815
141660
141754
142388
141870
142429
170817
141798
200721
156732
142401
141779
146310
170467
142229
170338
142409
141463
173103
193213
163469
142134
142635
141362
245642
141879
142008
141487
155543
143877
141966
141937
142351
142301
157866
142212
143132
141517
181151
142509
169808
142390
177114
249982
189713
161561
149231
147662
163426
148652
185326
143430
170187
142934
156970
180286
187125
175491
143246
173032
164559
152533
150897
164195
154399
149370
189474
172538
145253
142220
141480
144333
142077
146442
142929
178084
142991
155086
171315
141483
141854
141353
142087
141745
142168
141932
141793
171783
174726
145743
170350
141622
177871
142339
224893
141826
177724
142303
178875
173430
173365
142493
188114
142329
174592
142293
177713
143340
178755
147227
175348
143209
195411
145051
143312
169218
169354
144598
146778
141939
142016
141581
141511
141538
141215
141353
141814
142725
141749
184573
190743
149676
148212
158710
147499
215591
142340
141369
142213
142210
141855
156686
141687
142178
141884
142213
141430
141968
265218
151427
150911
177896
147194
155147
155878
148570
158689
171131
173143
141796
167770
141555
177628
141525
168694
142052
168817
141909
180181
200682
173955
146844
167783
153102
162075
155760
152103
144098
164410
143046
184867
142759
145854
142947
143312
142290
142354
202727
142448
168824
142430
143106
142700
173008
143548
142569
171861
142355
143252
142741
143429
142927
142144
143472
143768
143377
143447
143196
143043
155925
143406
143474
143645
183146
143408
169729
143590
196646
143725
177782
173749
171976
143772
178413
172485
214827
143104
241569
145499
169094
142406
177145
142402
189952
157688
172583
151002
160076
147106
156089
173305
159288
141611
174798
142078
158142
142586
176489
142066
176674
141576
177465
170702
245568
149723
145162
144848
151682
184911
148468
147774
151931
143821
140905
176836
147841
173860
147523
159105
168012
172768
177472
203376
141938
141684
163170
148128
145835
145644
145515
199650
147857
144989
146587
203715
185498
152744
144938
147893
147118
145613
143775
141538
143380
172419
266034
141447
158368
141616
171659
141866
142467
142205
142077
141869
141695
158892
142311
203093
142038
215024
142575
183211
143570
170339
142216
156815
142718
1337364
169433
142021
168199
142057
168241
171362
178573
142567
169048
171106
177274
141877
177519
142606
177390
142311
170999
215492
170172
143039
177500
172676
177195
150269
171921
142166
189441
159840
195815
149852
173111
146347
145188
146302
147757
147345
158973
142721
178126
187322
176152
143346
177061
142610
178465
257620
215608
186664
149066
149408
149966
149000
161303
142917
169173
142841
213846
200795
196226
143281
198907
143452
142684
172589
195339
176550
146298
147505
146572
152675
145483
144169
201004
149398
156920
159777
146493
168772
142670
207740
171356
191150
142462
142579
143105
143498
143897
143311
143386
143205
174220
143725
143122
156875
144008
143735
143760
143262
143355
143859
141801
157676
228203
160105
160424
142706
143040
143886
143682
143106
143164
143281
143547
143704
144198
144061
175513
143057
143478
142640
143996
190778
149238
145171
148115
144301
213309
177989
152710
165893
152665
151511
153054
179950
229793
159315
172264
144713
141542
143533
143527
142714
178096
143323
143455
143505
143408
143598
155415
254465
168697
173856
161039
150693
150452
142594
142422
152777
142683
170040
148348
170591
143484
178634
172143
199293
143521
202594
142998
171464
166944
150034
179376
147341
147100
146789
159620
145720
144006
143269
161376
179514
184992
142676
148432
154712
141881
141496
185770
171860
142580
141833
178255
142071
155031
141695
211369
141687
174630
142421
170049
142578
158380
142158
177662
142826
231758
142087
204246
142982
170175
168854
149380
142887
142620
142516
142688
142494
186555
142830
142683
177011
142561
142432
141720
177253
175858
147476
146557
141483
170904
153775
151158
141907
198111
173189
148354
146263
145483
146725
149536
163666
148395
162302
199399
160104
142889
152985
166172
144085
151619
150106
172731
143183
172603
188261
149998
150407
184977
146416
198318
144647
143785
145289
142565
145078
143124
144265
142128
162012
189534
151519
163066
148552
147448
144548
152025
174691
156781
151793
147423
148726
167721
144312
148526
157336
153506
161984
158180
164597
154487
151586
146471
141627
141469
171486
146794
175758
144570
143493
141842
177514
149003
186472
177282
189649
142139
223585
173012
161455
173951
148504
149240
144358
163256
149237
155882
171727
154183
151509
155772
168493
156362
151901
162307
171142
142072
144496
142653
144432
142727
142791
143352
142418
144739
143689
142652
142431
171401
172295
144090
142345
143031
173190
188210
185833
144720
201065
145342
142848
146722
143985
145548
143806
144836
179291
159766
160710
168849
194710
168285
160418
143450
142522
150842
173543
144753
142706
167038
143625
171514
188925
187231
144169
157597
146995
170548
169617
156140
142198
152522
151774
156988
151232
150675
148833
161842
154501
155975
152433
153648
147034
161304
145015
142417
159935
146831
147337
202046
143202
142733
142036
154481
157860
142424
156141
143265
186102
149049
152304
149629
153807
147718
196475
168157
162060
155305
148976
176309
168296
184894
149672
144419
143310
149596
143674
146134
185060
146613
157379
160952
189447
141534
169245
142781
142078
148962
142186
149652
161814
143655
160059
165528
167975
154355
145857
148991
145916
146218
162308
183186
142826
169764
148555
175456
143698
163716
142596
171014
143744
174752
142761
159574
147983
150465
168397
152466
144960
144495
144738
143629
144529
145242
149094
152662
146595
146103
156507
148294
162600
150278
148097
155320
158699
155192
141414
141878
169426
154847
141357
141325
142872
141939
141924
175424
182581
155897
150772
150398
152379
151384
151067
148433
147694
145835
153898
156445
152823
148438
184825
154881
156096
151589
148349
173386
149947
149042
143284
142426
142080
142181
142246
143969
186824
143131
142907
144036
142987
143131
143540
170375
158989
148029
155997
154244
152695
151377
145907
148829
151081
148531
150011
150312
149275
149675
151708
150623
152202
147223
147812
159104
150445
148916
150513
155544
147671
155057
146848
146909
152881
149149
148621
152435
155570
150498
149251
149773
150283
147077
147090
147463
150458
154424
148213
151273
150665
150652
160386
147604
153643
151764
153925
149177
171610
175860
151835
153154
151118
177615
146873
328958
148833
151402
148640
149152
150769
151706
145986
146751
152551
145609
174901
157094
147355
148985
150226
145414
148540
146752
154155
157139
150112
153853
152142
150906
149424
163048
206957
149921
148706
190411
150030
148008
156323
149290
151196
148327
1158383
142561
143926
143729
142313
143002
142815
141876
143248
149317
145177
214710
150070
157177
147126
182959
143337
145889
141630
205161
151826
150180
146583
160021
184430
149645
152370
155140
150421
151622
145531
142992
165284
147000
146989
145822
145187
147534
146927
152463
149284
146365
141593
142461
163693
143845
144052
143510
143510
142371
143264
152561
148620
178976
145149
150934
164388
190418
153730
145963
143976
142441
142859
196488
150847
150427
154974
150678
150075
148657
161038
155991
147992
148459
153790
152378
3702985
163270
148289
146255
149779
148099
155418
145254
144005
143148
143030
144085
141917
144473
141655
143282
155123
151818
149799
154576
154844
279791
148832
152401
147387
148441
147193
150915
157270
146736
145908
148302
151121
147629
146995
149863
150213
149074
151268
155779
152168
162599
150721
148708
147463
151323
148141
149709
147719
148754
147816
150531
147237
151522
170487
156763
148298
161469
159967
164204
153080
157184
153900
145973
146616
156896
358150
149717
147993
148246
146058
147944
147261
227017
152242
148325
149096
158963
148785
473897
147066
148841
150864
149201
148099
146021
147710
147450
148071
148427
152111
195398
155415
153299
471211
153602
152363
149069
149626
150191
147579
147215
146303
146548
148259
156242
151134
154350
154561
148334
147791
148418
152754
148235
152544
289271
148648
146210
148272
147284
150124
148356
148573
150933
149240
147835
149012
166660
149334
151254
150241
148473
150294
154157
148664
150601
146660
147806
148075
153420
149673
146992
146208
145458
147311
149610
146026
146901
150938
147839
149093
146936
147398
147947
156340
149712
147920
240883
358863
147789
147733
149579
236271
150355
157599
157772
161742
235030
146607
148290
146717
149610
147014
150379
152436
151304
152223
150160
150056
147902
148185
149889
146160
150900
147234
231527
146841
148735
146915
152333
153521
148822
155329
151389
152654
149518
169507
152985
178321
167287
162173
321961
210294
170876
172608
142030
200156
154532
142657
155533
142376
156887
148551
148597
148331
171763
161646
158175
175817
150661
147875
170424
141931
149600
144095
209480
150876
196021
157394
308613
148898
1954720
151092
149371
144785
149371
156652
142466
142168
143131
144515
163775
146021
162713
150764
148735
292627
144038
184579
151586
144416
149336
192521
142410
141848
148202
142918
148699
141230
142442
168655
142772
147261
146644
159645
143186
142605
148613
158533
148980
149771
173398
143534
368139
147122
148368
149843
184610
145144
152235
148992
148938
147564
171706
141746
288005
148377
162327
148353
176104
142267
159216
148276
183104
148544
156205
149390
149958
158823
153566
152455
1213728
150987
150277
152306
154927
153795
148809
149553
158284
153737
148520
150328
188581
169228
168761
178976
174731
142945
186259
154698
159769
164253
147868
157454
142320
156495
169794
159059
142693
237016
155769
164346
144353
175358
142286
169138
145869
180131
148297
147069
148049
173136
158906
194455
143533
169729
165608
158376
176138
142362
208278
142154
170289
144661
156120
169904
153371
150576
150517
146061
151674
159467
145895
216511
158650
148587
169074
142850
276131
156835
230098
146948
175756
175405
149277
141277
199512
149138
420171
149340
146174
159124
145468
142288
197892
159831
160250
148997
157890
183169
151022
149807
188994
162835
154509
172254
174013
161252
153420
231281
159068
151686
146410
149675
159431
150308
151841
147286
144221
148480
146879
142788
143244
144169
158728
179347
142841
187344
138765
167138
171439
207830
139287
201832
223168
206636
145755
199631
157180
231943
183697
179460
138493
166164
144347
236655
145991
145329
145180
142467
142412
187096
138616
192674
199174
144451
213717
229776
196154
143768
197771
139180
154103
150946
138716
143449
188971
163278
223477
145002
188758
146291
145891
146909
146142
148779
166779
147040
145206
145724
145574
145645
148566
146196
146138
145414
146031
148090
146155
157875
146296
146176
146454
150898
184526
146680
150866
147173
148612
152327
145447
145388
146201
156424
146185
145758
146064
146521
145889
146575
157659
151016
148926
157567
150199
150040
148593
147352
149617
146164
151955
146543
146113
149373
144991
147345
145282
149051
147460
145385
145597
146468
145517
145751
149029
145601
146147
146515
145954
146218
146240
148972
145290
145892
146658
146729
147092
146208
149069
145963
146091
146999
145625
146669
148739
151598
145528
145461
147699
147254
145779
145435
145128
142384
141680
142407
142361
171375
142867
183912
142048
155771
168411
142319
141882
141987
141943
142469
141683
146284
271132
184730
202179
174610
158417
141210
188557
142585
141750
142302
141943
142499
142332
143938
145522
142315
149147
154939
149720
168286
165678
141207
142235
201531
148514
168982
157071
150912
179312
151497
207683
154997
213957
156795
150478
184295
150127
178359
150855
178023
156292
169344
178122
154588
155670
155932
165561
181662
150849
150330
151401
152964
150818
151899
150047
224186
181007
154367
149597
149677
150127
211074
149754
176053
150867
150895
150175
183875
150993
150522
152890
150413
172840
153448
183471
175767
182177
177521
178284
150017
189261
149481
173408
150955
150825
150377
151062
150619
149751
149495
149705
150562
197518
184353
160536
187564
148668
147714
148642
147382
161670
187232
229524
191028
168628
141563
182220
185508
167821
142338
198855
142350
177045
144991
142271
169146
151100
142676
142099
142315
142745
142063
141808
172017
189186
231168
223719
146146
147627
145942
142878
171347
147287
188354
142063
141754
146943
144042
170066
146998
184171
179635
147270
168826
181226
145211
163162
151908
159736
152335
142191
143339
141897
177332
156437
226537
143554
168573
148302
151680
142366
143326
153069
143322
143112
142414
156951
143252
204914
145824
171579
143014
208810
142698
178977
142613
176458
143474
175169
144202
196150
143559
169487
142880
172033
143797
199104
142729
229362
246456
174512
145592
147066
161323
173612
148016
148098
142730
144499
142853
142268
141856
155549
146171
168862
146687
169368
182274
141458
193817
213216
161908
141997
157260
178162
164804
141751
144782
141783
141163
145598
188191
142107
141698
141225
141650
142887
161270
141149
292085
167152
177245
148675
148279
149881
148865
166286
147225
146664
146142
141705
142206
141883
146229
141918
142104
145395
168851
145665
203190
146910
181454
205180
146301
152913
143083
157462
148119
169447
141561
171182
148876
185009
142767
182097
142483
148899
151099
168651
142162
170899
156140
141863
142191
141304
141955
142261
149416
171163
142242
142250
143321
142411
142586
145607
142050
149989
235480
145694
146091
145541
142311
142226
141620
146435
142115
142382
141692
146058
189323
145361
143414
141644
143577
146066
141728
141293
141763
168980
142023
142020
144967
141865
142042
173198
187612
158827
145190
168370
141736
202668
141507
168367
144721
168356
147924
167260
148111
147505
147770
159874
141946
142559
161409
141385
142347
141684
278480
150791
181705
162969
146132
221574
147195
147662
157607
148141
147999
147859
147790
152287
226880
141543
162297
152892
163463
184667
147596
165515
158349
187234
144352
149824
148540
155545
144173
184380
145030
142452
172799
153921
144495
185214
144566
142186
141301
143974
144650
141689
141412
141720
179145
142439
142269
271583
218679
142131
144937
141605
141310
144714
142903
141772
141226
176142
141919
141379
144083
142198
141327
172834
148184
147118
146946
181718
143379
172063
150669
142898
143250
142928
143283
143116
143612
169747
169391
142511
183164
143306
184161
192705
142386
141362
150514
142300
199133
150518
141910
142161
141964
141578
142653
142551
150146
141899
142281
142616
142241
143304
142408
145642
141940
142704
150796
142049
141841
192291
165530
142697
146197
144492
191744
159514
244811
148436
147036
148401
143728
141923
199145
142500
186159
159668
159757
186402
166160
153264
155375
168442
155912
147174
152142
146441
146881
146109
148818
142769
143307
142177
144647
141902
141914
150657
142812
261104
190647
141053
173471
147475
147574
147029
146557
146871
146995
172445
143482
205142
143099
178464
142530
143701
143015
144555
142473
144604
145276
143269
143609
142742
142878
253587
161818
146553
148188
202709
143242
142300
198194
173309
159736
147803
183818
141893
170120
142151
235829
148470
161178
147419
147666
230159
141758
170792
177720
141776
143294
227568
193342
142535
145241
142266
142285
142872
142726
143013
143374
339165
196537
182814
161237
147181
190659
157154
175488
158381
177496
142501
168841
141857
175878
143017
180585
142610
159001
180584
193810
154510
166783
155387
152561
144877
159722
187087
142210
142206
141789
144482
144820
282808
176961
146138
148468
155310
172282
169882
141833
172168
142204
169280
141647
163376
142167
162196
151344
163089
142751
167983
141711
142608
142094
142532
142414
142336
144985
142657
143330
145979
142131
142742
150661
142417
142674
143681
142964
142515
142346
146740
142432
142353
165604
142092
157747
150385
196466
142053
187328
142820
170196
180039
155451
143195
141538
183979
148183
151582
164907
141901
141893
144814
141539
141304
176639
142011
176793
182371
170274
142174
141868
144907
177774
143490
196011
142311
189876
159030
183444
149101
176175
147986
166479
170677
166581
143197
170795
162196
147786
156575
164593
170089
149011
173860
149689
146918
161261
166377
147626
174052
147701
186624
144863
143654
142218
141086
142001
141064
145386
144639
143568
141385
142303
210285
169867
142204
170612
141636
169244
141604
142178
141583
155186
178693
141297
141773
143114
142245
142344
147718
156042
141454
156373
142500
177532
142455
204185
141985
165055
145241
142360
169960
142007
142126
142505
170320
142413
175604
142249
178393
142372
171702
167688
167547
141644
142472
142160
142493
172752
141840
142348
143156
182723
245414
159970
148401
167854
141993
225248
148969
148544
158148
195311
148734
170982
142521
171622
142353
156862
141562
176217
142098
170422
142645
179486
142960
223879
180662
153085
157944
175732
147328
147809
145335
142823
142016
177767
150224
141732
142462
161548
144271
217923
148581
186848
172782
178123
145422
225352
152827
141480
145845
141551
141667
143834
141755
145036
140937
141379
141954
315712
157993
149834
147499
160871
141522
156634
141380
141680
142077
142091
141718
157177
142120
170080
144927
168972
141616
174541
142233
155584
141905
174697
141597
175142
145509
160931
141933
247951
142028
245898
145672
142212
157741
173031
170338
175818
142388
175309
142168
142614
144557
142640
141825
142079
142200
142592
147139
148179
171984
174599
144575
142301
142868
142568
181769
143207
157472
156405
142096
179282
141586
286706
204641
159036
147314
148705
147243
147899
169512
141395
142549
142265
141977
142486
143694
142158
142018
142479
171449
141553
142296
141636
143560
142480
142591
142759
143384
142628
145596
170952
142045
151166
141300
142063
141924
143252
142016
141747
172757
142321
142584
141770
142321
142080
145282
142469
141964
142662
173031
141885
141569
178286
142247
175909
142094
176966
143114
155691
142827
143332
143820
164778
142803
142961
143267
143126
143262
143219
176498
142646
240403
161152
145941
147966
1108652
142200
142126
141364
141884
170187
141021
141679
142269
141477
141725
142624
141761
155343
141625
142108
142102
178369
190433
170689
142238
167994
141806
142063
194487
187868
191898
187778
145492
148640
141124
141195
158171
157913
168979
142045
177786
142207
142039
142267
142799
142917
157124
189400
195974
160373
148130
146338
145999
146278
146327
145679
145936
145794
146271
145750
146189
146774
147091
145777
146756
151785
150619
155633
148762
149421
149770
148328
147480
147015
146304
145968
149312
146029
146086
145651
146285
147284
151303
151814
148878
149332
152016
146090
147072
146489
145013
145373
145330
145053
146419
147195
145306
145582
145713
146254
146264
146450
145741
145992
146633
149083
145854
149479
146131
150324
147174
146997
147099
147023
147500
147442
147069
146872
147425
147051
147351
148372
147318
150521
147326
146769
148316
147624
147402
146985
148375
147284
147088
156514
148002
148931
146307
156133
150833
146978
146560
146647
147763
146650
146627
146927
146390
147245
147019
147073
147298
154302
147009
147077
147043
146699
147129
147172
147729
147816
147831
147851
148222
149461
150519
166235
149358
149125
147310
148895
147005
148021
147177
149470
148684
147517
147637
147025
147284
154829
148175
170229
161368
156030
156636
151714
152178
149252
149066
148858
156373
149366
145820
148005
151517
148366
149615
147361
145659
145023
146801
145973
145477
145101
146474
147070
145267
146664
145172
145343
145657
145738
146337
145737
146622
146098
159286
142523
179279
142370
218214
141593
148149
147894
142121
142341
142466
142418
142458
142603
141890
142845
142406
172908
143052
169020
141930
192233
147506
145316
159774
146777
148900
147025
141893
141841
157644
142671
142179
141910
175491
148571
151375
147546
170882
171597
187527
178194
163365
142183
143460
157272
141124
170060
148381
175069
141416
164275
141871
163343
146304
164866
147692
158363
196262
179739
142092
261274
174965
149402
150284
142923
141555
148008
155853
145460
149439
177712
147760
212920
186031
148429
149537
150290
145198
147105
179747
178680
146741
159415
145425
158972
142216
172929
153413
143541
184067
179440
169332
142292
141315
141597
141886
141772
142174
143060
141996
168949
168595
188635
142911
160730
141776
170384
143033
176059
142037
177508
142945
170909
143103
170140
142874
171165
272500
162538
145388
145695
147601
156771
142301
142694
142284
143408
173457
142359
142485
146939
142526
142420
142023
142501
142216
142326
178386
173676
143218
141561
141384
140882
212813
147814
147303
148093
141411
141433
142076
142039
142059
141732
162478
142322
142322
173743
186355
142298
142987
143162
142740
142370
169114
213238
182213
167237
150386
174290
146726
201301
169803
221557
181099
172071
145655
141891
142219
144022
152369
151151
169415
171398
149692
171616
163494
202759
142242
174305
149044
160755
142991
146539
143686
141314
141993
178511
141427
141500
141268
141372
141499
141892
149557
143133
142463
141790
142232
141083
141933
142392
171328
253011
160188
145777
148394
195395
142921
143412
144993
144384
141774
143033
142126
156177
141490
176725
141856
176272
142161
154198
147646
247374
148736
142918
143804
143583
143461
143391
143693
143731
193554
219027
157434
216522
163177
149134
144141
142525
148691
183951
225062
142642
144105
142960
203737
142515
178282
144668
169072
143193
176004
143063
176732
143352
171826
142533
178244
246132
164445
147126
145247
167661
159214
146563
145766
142549
141729
149649
145510
145418
145429
146856
150815
153119
149404
149851
155242
151421
147310
145796
146407
149688
146072
149832
152868
146226
146706
146361
148340
149088
146943
145358
146814
147063
148468
146781
147611
146610
153287
145270
146306
146886
148859
147563
145867
147148
146943
147492
146805
147376
147183
147767
151440
147272
147226
146835
147695
147351
146948
147650
147311
146740
147647
148430
147148
147747
151599
147781
147973
147497
146956
149173
146760
147849
147958
147569
147166
147558
146069
153977
153811
149851
153707
150716
147512
146724
146661
196047
147121
146713
146894
146347
147008
146296
146209
146592
146722
147288
146299
147017
146694
146890
146417
146737
147276
147238
147199
147043
148269
148941
146842
147513
151370
153528
176329
147998
149638
149957
150831
147277
146748
154684
146609
146326
146935
148214
146406
147832
146998
151970
151341
288823
151039
151262
150802
151814
146685
150904
147184
147305
146684
150549
149231
150262
149708
150318
148656
203129
155100
147125
146588
149254
149391
142916
143253
142740
143180
142572
143221
171645
196906
164060
162482
142936
170107
143103
176445
143099
173675
143804
177428
143789
177380
142595
207808
153370
149826
158046
142859
142933
162156
141665
173974
152187
159326
234126
142686
142874
170492
142392
142571
142679
142772
174402
147856
157858
142937
142574
143295
156537
142916
142763
143007
143226
143034
142029
143533
143370
144156
142998
197755
142797
161275
175817
174536
143102
196145
143251
178363
143644
162131
215621
160338
153659
150894
146928
149243
147278
148933
185477
190923
143055
143865
142581
143637
142677
170996
171073
173007
303896
145006
145115
146095
159729
146347
178634
201923
156394
141874
145018
142049
173448
142146
187015
141256
170257
183674
141302
141294
142477
141980
141719
173613
141196
199620
142470
169988
142077
171176
142169
170565
141838
196468
142329
189974
143184
169697
142898
142499
145640
142281
142593
142247
142770
142574
141759
142671
142429
142067
171191
141771
142759
142358
232360
142666
142418
142185
142476
142694
148272
145766
143183
231783
161717
191398
148282
170984
169150
193343
141122
167827
199026
141615
141719
142056
1201624
141408
141898
140739
141910
141626
142017
177139
176021
151130
143108
144912
143834
141846
142097
211132
147362
144912
145897
187920
170100
147553
141720
142068
148576
177716
178299
145446
144485
144638
145003
161246
144803
144279
141483
141568
174507
143044
141297
143182
188453
141733
144505
172949
168567
141656
141546
141901
143937
175047
158152
141281
168910
141714
171083
142256
142483
143005
142747
192181
141172
141245
173585
169831
142457
177539
142722
175810
142422
175215
143295
201706
182641
184698
173401
173431
142357
175283
142910
175178
142570
173570
234076
142429
142797
142931
142408
142466
172730
142630
142127
142371
143054
196428
172067
145929
142060
181422
147627
160683
172512
141562
141526
142109
142223
141078
142379
142034
142559
141725
168094
142508
142013
148171
142350
209573
148632
146357
154063
150438
148618
142517
143683
156823
224051
242350
160564
146349
161598
167849
195809
142849
158984
151144
179635
279458
145391
145491
151655
150498
152495
146697
142055
144377
142289
152456
149110
149211
154141
185592
142703
141903
142825
156909
157678
142531
142563
158043
142149
171243
143729
235265
142246
180158
142999
179841
143247
178823
143156
178011
143806
257605
166383
191754
157653
182485
150735
153683
206177
182694
143861
144877
144777
142700
142712
142834
155618
171470
254584
142634
155748
143141
156173
143486
175108
143473
171679
142948
180136
144089
176921
143421
237151
209573
148894
147959
142436
142347
191700
150352
149015
148759
160364
143021
178588
142923
188935
143893
143407
143703
143444
191608
143532
311228
187321
182341
212748
152408
159486
161835
151356
142722
143188
142898
147051
164223
143003
169805
146408
160589
147629
180379
146934
201688
277762
151966
150009
148889
149572
148455
148874
142699
142255
163417
144219
195925
144231
142321
183117
196699
142906
142980
143271
143445
142837
142928
170358
141465
169222
142425
168267
142368
184590
142586
159108
142178
175089
142453
176736
143701
179075
143722
178627
143361
170695
143157
179522
143739
172278
158896
179026
142602
174155
141777
266273
141792
177989
142516
173696
142016
168709
143147
142674
143402
143246
149985
161417
147957
142213
147976
163381
248804
142071
147088
140960
142185
142540
174258
142300
180209
150214
147139
145601
159219
148096
157889
142296
214092
159054
151648
156269
145634
145889
160807
177689
148266
184936
141913
178618
143339
199016
142007
141920
190916
145460
162129
144624
178222
148300
177857
144318
143575
178811
142632
144390
176765
144319
142661
145338
143108
145068
145682
142265
143094
142628
142481
160081
142519
144047
176447
145263
144959
144407
143969
282172
171570
148596
149949
148634
149200
142546
142971
175197
199688
143427
1232093
148385
148545
144153
165288
142318
141983
199034
141675
155254
184280
150241
148150
157800
157783
157710
147725
157085
142069
181380
176730
203727
172073
172524
226759
174213
147399
157376
142652
176566
180709
146901
150732
146618
146131
150869
147152
145661
145640
144951
146166
145873
145608
145049
145899
145709
151773
145610
145659
145818
146530
219654
146568
146973
147029
147740
145968
154047
151965
145612
150109
145833
146756
146167
146623
147682
145720
146049
148286
150844
148298
149069
148616
148968
149098
149708
146663
148945
145511
145805
144823
146432
146311
148299
145702
145129
152190
145668
146057
144476
146232
145808
145253
145891
145505
145121
145702
145335
146537
148973
145848
148133
149803
146166
145930
146154
147795
149080
145792
145520
145970
147090
147251
145369
146952
146762
151494
146565
145157
145538
145121
145449
145843
148052
145966
145298
145540
146302
145622
146103
151775
145016
145382
146208
145646
145956
147436
150892
152786
147866
145436
145343
145038
145905
155024
145203
146119
145535
146128
145520
145464
146463
146053
146614
155904
142718
142165
141894
170927
142253
142525
155466
142565
176537
142808
176495
142096
176716
142355
177235
143589
145089
180440
144263
143711
170197
142392
141250
175904
170370
156665
141317
142029
170402
142056
171930
182887
141803
142305
141353
141721
142516
142181
142019
142147
142312
141675
142587
172319
142548
142087
142285
142717
158549
142841
221291
173462
208140
147367
159608
142442
214545
142130
167907
142002
176320
142494
175429
141920
142236
144585
172459
226694
157122
182379
147425
141301
147145
147472
142672
168169
142075
141709
141952
142459
171465
142403
168374
233267
162134
147338
146266
144933
146221
145798
168540
141703
157077
142513
148834
142339
157699
143675
178066
142615
179135
142868
212536
148053
148711
173849
198611
164164
142172
141752
142239
141778
141604
141275
142110
142831
155323
148177
141918
142297
172685
142237
222841
212573
182777
171731
164994
145340
160073
160579
206950
141811
189001
141824
176190
145209
146837
162642
145776
145717
172245
160326
142309
159901
176872
156392
141625
162286
144283
169659
142056
181485
145100
141384
141999
141784
141840
172522
142739
169965
158096
141512
155429
142069
168104
143100
169413
142610
141656
142295
175165
143349
169796
143939
145380
143837
143970
142020
144239
142108
140801
297461
215074
146379
146053
160335
157197
141803
156804
174400
169046
142640
165583
148290
168793
143088
153324
142921
189967
173534
234066
147625
148214
147531
148309
173913
168487
140848
148922
142383
140962
141502
141821
141566
188861
142011
176027
142152
174931
142535
168980
157849
148260
192513
152772
167525
176267
148247
149449
141888
141279
141747
155933
141790
142061
141304
142043
141771
144999
153712
155485
200314
147017
177080
161884
148844
149258
152656
148982
148742
148307
146492
146382
146989
164191
147510
161671
151067
184881
178994
141764
175587
142609
169239
141588
142307
147198
142061
151064
141798
155530
175231
177657
141838
177734
141996
177053
254395
168331
142153
168475
141734
176328
141695
199573
173743
175811
141824
168255
141471
168797
142626
169021
141916
211710
141877
141394
141369
141626
142074
142253
141833
141872
142672
141754
141979
156495
159850
249854
186390
173147
168347
156471
187352
182518
181817
152621
185807
142031
175236
142051
161195
148391
200212
142242
177348
142586
176517
142380
170152
141524
170684
176656
257093
177562
163085
165382
156527
148552
161579
142591
142414
161562
149150
154599
188948
155491
153096
179930
179046
149382
188652
164209
156889
175491
147236
148232
173539
147586
142275
146036
162994
143171
143346
157512
142511
142761
143165
142853
143629
142722
174216
143769
144255
142513
214379
220317
148992
146847
159404
148595
186959
150038
161401
142901
171946
157790
143497
142646
143419
142419
143268
143293
143033
142895
142606
142430
171467
143764
142984
144159
184002
143465
142904
143044
143471
143505
144063
143546
143216
143825
172254
189274
148492
170434
142635
142892
144011
173858
143623
142610
142988
143035
143364
143286
143555
156930
200747
142505
143230
143293
143519
171436
143642
143410
159883
143708
171851
143250
198534
142565
230965
187806
168872
160761
151615
161665
143910
185868
146309
145474
143850
180358
186110
152342
145946
146445
145689
187459
145139
183978
148516
148044
142274
142063
146705
143850
145593
142334
141258
185808
143704
140766
142846
141922
282186
156862
148291
147985
169736
141326
141805
142743
142562
178346
142395
175302
141848
178562
141956
168779
187289
187598
142019
169439
170023
177490
143600
177178
142218
168694
142798
163597
142432
162231
142646
161429
172678
185981
143618
144867
142712
145402
144729
143987
141994
141330
200659
145973
144969
145622
171759
199141
148823
147630
147669
148177
190905
155316
147858
198247
142175
141340
141850
142106
142331
141327
141587
142346
142795
168736
141563
189739
164365
196431
171840
170275
169683
226660
179352
159708
147623
148652
149556
143189
143600
161469
141436
202045
141507
178024
141990
141420
184186
147736
186290
144077
145396
146809
155315
148954
179406
143340
144635
210708
141908
143453
141038
146065
141288
146198
141517
197761
190170
145136
145373
1042381
147469
141350
167391
141191
141492
166754
141631
168105
141939
141660
167935
169259
142399
142185
142607
142920
142478
142587
176744
142506
141971
142217
142643
169810
142998
172253
176032
156983
156026
158558
142063
217270
141981
155826
142108
202741
142933
170510
161981
187091
145345
141289
142494
142782
215278
141567
195249
142269
193687
142531
175946
142452
176817
142460
175683
142455
169703
255901
197802
173121
141872
141892
157277
204854
170182
148456
145208
147572
147136
179281
142170
182914
141419
168334
142208
141957
141364
141886
147347
159459
171595
146007
160174
165529
175401
146196
187592
161429
168407
183037
146458
148181
175406
160914
141178
143462
141435
142540
175885
157815
147427
141159
142906
176663
141594
224965
148318
167901
141470
142045
141946
141796
141715
141657
149267
146369
144513
151937
141245
143685
156057
154420
142197
143994
141960
142837
142862
142261
142357
142629
142127
142326
142472
161538
163073
141491
141735
176847
142005
141841
143714
143380
143745
143797
143586
143858
189802
153369
185537
144081
143305
143577
189962
149393
149196
149291
154103
149067
143666
143447
167749
145614
142465
195278
142574
172444
183970
202257
148577
148739
143089
195395
175671
178263
158857
153407
151975
147470
163824
146647
146856
160429
143005
171907
143801
178689
142714
150095
202695
150429
158506
162834
145411
145529
172553
143540
142649
145115
180413
147321
142859
146081
142686
145944
142329
143935
180381
142846
142544
143115
142475
144133
155333
193646
142594
143935
142840
183528
142979
143154
143571
143537
171739
143239
143752
143678
143504
143418
142961
143957
172327
143236
184177
143868
185078
143319
177791
143394
175043
143416
176144
172976
179282
173605
169433
143038
170059
143278
160527
142947
177343
176118
178147
143509
177038
211950
183190
202967
149996
148451
149030
148648
229196
149359
149306
148704
143298
142456
169664
142699
143515
143608
143629
143796
143792
142969
142961
143629
143377
142857
144432
143229
296307
228450
184479
162304
169380
148996
146062
146320
191154
163861
147992
146258
148415
151933
148609
153894
170609
151913
145940
187409
145940
142083
141532
144380
141652
140630
141972
142446
141537
147445
170068
141250
156934
141565
141417
252271
145453
157331
141294
141762
141547
164638
147680
170795
141452
159770
157029
168467
142515
168519
142597
142452
142508
142158
142315
180961
143387
163076
173127
142793
142573
143062
142159
143005
142501
143231
142580
142435
158699
142527
144624
142655
156056
144062
142785
141827
142260
169447
229930
143165
148022
142369
141560
209404
141546
147951
147218
147637
142400
141993
208464
142118
142342
141767
173045
141603
141814
142375
143089
141613
171712
198973
180882
159748
152136
147549
150513
154822
145968
154131
145898
145520
141943
177154
143658
176762
142237
172319
144938
166148
185176
146721
148194
144500
179703
154513
141585
150997
148475
148061
147834
143829
141766
147643
142440
199039
141729
141961
141021
174698
141744
172718
141892
172405
141972
176381
198287
194032
142021
196747
142351
177612
142119
176529
142196
175755
142425
175188
142222
158699
154878
175838
142810
210195
162935
155612
147721
161270
148782
159474
142244
175652
142255
172253
143889
145710
145672
143989
141922
144581
143112
143490
142131
141298
141885
141876
189779
176658
152160
148790
149694
148772
176928
159446
143724
176420
170582
177911
143025
216401
142345
178142
172066
213946
147433
148846
149281
148517
143170
143678
143711
143818
143267
154756
181755
195431
191593
149262
152743
147943
211410
147980
146679
162586
157963
161045
145899
146639
145556
158326
146435
158244
151019
152129
151331
152108
176703
176010
191928
146419
158475
142165
156762
157087
141035
142057
141519
142177
141336
170137
159017
200241
142142
156779
155485
140367
142060
142262
168935
142273
168330
142022
187231
157660
202867
142709
196816
142675
181259
142612
179382
142584
175624
142832
198638
143047
184407
143614
176503
142454
163431
147143
176741
195289
142088
142290
142433
142786
143006
147280
141648
185165
147332
226746
165961
163526
144427
169928
141130
286776
169085
155968
174663
145458
145479
144988
168318
141195
168079
147389
181718
148123
168606
142260
161382
143079
163743
142836
229028
183451
189534
159497
150909
149414
176714
145509
158422
142261
169541
141535
141550
142380
142188
142284
142928
175895
150734
179328
145969
145513
170507
144386
141217
146645
141809
141572
141558
140983
142421
140944
143579
141508
145542
164269
164732
141891
141865
141203
169475
141475
141735
141614
141568
142277
145648
213618
144045
142148
142166
143591
144659
141751
141479
141348
142215
142593
141638
142202
142376
142379
142114
142834
142129
176457
142327
178253
142262
175830
142010
170675
172237
176714
142707
177004
155349
195507
142735
176878
142444
178323
143212
168874
200834
196515
173763
147327
158887
174855
228418
141221
148382
147834
142727
141570
141552
141847
142158
142994
176758
154709
157795
142298
178118
141111
174496
143123
142370
142583
215801
212036
189258
152093
149404
188721
144594
194676
142465
174271
203679
187983
158483
153359
189332
156009
147493
162005
145663
159764
142781
142220
141215
146007
141193
141182
140907
141974
143403
141856
157450
140871
141555
141203
144822
142088
140789
176817
174626
164477
141713
141587
141264
175822
141267
167485
142866
186141
141930
197035
141985
179623
142544
202109
142505
211154
146728
146488
145825
146390
146060
146199
146463
145975
145524
149346
146224
146073
145994
144862
146486
150242
147205
146821
145558
145430
145524
144997
145918
145637
149862
146726
145467
145091
145888
146735
145906
145490
145809
145453
145704
146104
145659
145856
151863
145528
145492
145805
145535
146919
145779
151798
147357
147406
147553
144994
144686
146625
146468
150011
145510
145825
145524
145741
145232
145644
146131
146308
146543
145212
145568
146213
148966
149510
146214
146610
146210
146647
146259
146419
146228
148710
148578
145483
146255
145807
146458
150420
146262
145575
146263
145495
145978
150869
145501
146821
145806
146055
145946
146367
146057
150493
146907
146000
156872
176061
142184
228259
142560
168334
142561
168283
142420
176893
142751
178067
142535
176663
142489
175225
142760
190066
142677
168539
142480
169065
142721
209798
164866
148307
152422
141990
168279
141920
156340
153819
186472
141895
158035
170180
147912
155863
178128
142236
206247
142097
179150
142842
177750
142432
176179
143124
186134
141792
176780
142911
157406
173567
172532
141630
158840
141988
177250
142404
196075
141782
177951
173550
170357
141974
201326
141788
170569
215819
195258
263708
175662
147841
160571
141268
169456
141470
169158
141314
157199
156485
202493
143684
144681
187915
151199
146550
156788
175421
142762
160993
145992
194007
142609
169969
144755
173964
144274
141217
164254
155846
141250
168072
141526
160471
143809
144491
144174
218905
147965
