838810
825055
858645
917041
846337
891410
892030
827765
826933
861176
834757
855786
740486
8251183
888203
783438
817004
735008
777268
829949
706306
780441
294520
305051
286592
298759
266749
314903
284895
331782
282132
329421
316296
370434
311827
312352
299889
332649
275612
357501
346434
318208
284330
312881
310096
287883
297518
321172
289333
308520
289733
320473
314180
316466
274170
290625
269011
315828
272143
307712
329264
315569
286937
296213
285114
335449
212511
236794
291160
262350
207195
243218
262013
245237
298868
215386
215027
235702
210048
284592
279301
272900
246863
283531
235238
234333
246053
277297
212595
219095
225218
239482
213283
214640
214637
263122
218141
244835
249684
214571
213685
268856
245141
269077
211730
263625
237950
212469
222875
215630
217368
260997
235429
230441
214350
232104
228000
212281
265384
250968
211418
255454
239800
211668
246141
212726
213579
222214
240589
213744
212623
212852
237531
210712
211902
209912
247008
211139
209960
214085
215406
211966
241190
266685
288046
211263
274533
208775
211268
226161
261420
211455
226040
275496
240188
212244
240370
225968
238259
224635
233856
211425
210613
266556
208939
209903
247380
237350
239507
238361
247011
213259
214704
212887
240192
243256
222632
253739
220735
231382
220533
212049
242408
244384
234244
230355
254759
224346
262383
213434
245241
221334
217265
212511
343039
213531
210609
210931
210310
211004
245550
211813
210818
274481
212477
214210
241627
211705
211594
264759
211625
226590
211560
209970
213799
213008
240816
212271
214480
245915
231825
212463
258026
210443
210871
254568
211254
225789
247026
248019
201383
200543
232466
198856
200305
272185
298760
211151
245991
212347
199488
230021
208243
202444
226475
220762
236862
247084
251942
243471
207320
205129
246950
229944
214309
219512
221574
210859
213597
212340
226364
239573
244240
292919
209737
204979
201725
200560
399214
208053
200924
200899
267199
200057
275373
236073
200318
199922
235969
240984
199040
241479
221427
201321
228968
232118
199666
235436
201905
201287
233054
250455
312810
217659
225984
269347
200807
228165
200632
217087
212286
199737
199101
198911
199191
228334
201330
205544
200639
200904
201376
199602
199938
200816
200836
199785
201259
203267
202089
205153
207836
200710
244789
222039
213696
216558
213868
233891
207106
246633
202561
235042
205383
205255
275934
203083
248942
219560
254584
256247
197348
333521
199710
254724
208853
283814
254918
222499
195661
243976
200709
230199
201688
201243
238287
200182
202587
254156
202427
275232
226861
199556
354866
210168
204613
199875
228687
201905
260019
267508
213043
206763
219217
207353
222490
200576
199710
251613
199806
201595
201688
199581
221943
254264
203497
213767
272706
201270
202064
226899
200625
232623
326051
201241
201600
199468
200117
200388
232659
226466
199668
253977
245290
227057
199576
201604
317235
272187
207386
205788
225522
220325
218756
199713
268733
234869
200449
227759
227424
200264
226069
199540
213912
227466
208018
272107
199215
200520
229303
200160
200967
228608
202755
262267
199038
200121
237859
201630
207123
252670
236101
210179
220299
224053
206182
204698
201751
229642
233697
228641
200844
216803
198799
200783
199753
202371
199624
202017
218085
207868
226794
206662
199695
199871
201354
229088
200233
221699
237079
198258
198840
200615
201173
200326
199599
236198
201569
200228
217434
237823
207269
207704
231917
217336
215507
219078
272726
251659
199842
255808
219092
211639
204877
249664
199559
236078
200029
201686
261998
201031
200181
245954
249768
235667
255449
198783
235664
200137
200271
235640
201596
214169
258038
201645
199782
213800
211785
227788
213549
240489
248166
204954
205552
242212
246227
212510
200670
200222
228683
232099
199467
221462
202852
234827
200496
199945
246058
227795
199428
235132
201420
200174
236572
200388
200338
234162
228301
201379
230204
223095
224343
209322
313583
232614
198858
289956
204935
215963
255584
231426
217622
261158
254156
207961
213206
228183
227450
234479
212284
198987
280050
199003
251597
224906
208224
199064
235808
199689
198733
201615
201660
205268
203210
198937
201370
202878
198911
200093
230997
199285
200100
200464
199842
200178
237294
207303
236771
235154
220597
258845
200307
225254
198736
203481
199529
200070
322466
201020
195253
208254
196048
236772
202938
270140
264988
233743
249559
194341
237617
275521
195447
318273
205286
206927
251041
207110
238745
229647
202434
200245
214907
229674
215107
221973
258408
245226
234615
242963
211214
209401
209230
201058
203770
217180
220677
237731
198941
199654
201506
199802
201077
291349
242299
207140
285675
256081
229140
199549
206995
208582
199094
199321
272434
200730
199362
230262
201700
200282
235607
199561
227397
213330
206597
203148
205728
250584
218757
208935
202769
201613
260796
200154
200944
232175
199490
216510
257564
230614
227797
200370
201329
230667
199981
235997
355836
209233
205080
203965
216569
198895
199934
235081
201328
201160
233231
199868
199804
233391
200907
214477
216240
199958
266148
219819
242289
252792
209343
209850
237374
233169
248641
219058
218096
2720707
316080
235673
227335
228790
247742
208393
207813
219740
215307
200538
235374
256631
248133
200219
199052
255642
200212
199995
297267
204426
219531
200365
199035
199692
226037
201033
200609
200102
231606
199405
201262
200158
234914
267206
227838
229216
208467
291460
204346
218828
257428
199549
226878
200423
210941
218468
202472
214127
201648
227708
201020
198788
200429
238101
200915
200269
199835
223902
254999
201353
200401
235194
318736
229832
208641
200651
220297
200005
234562
200614
201030
233977
200305
280076
226886
200868
236622
233878
199942
200325
234783
200185
231669
212497
201294
231016
232117
200032
235442
200540
200515
235457
202430
201406
225583
200459
258386
234448
201786
214443
221079
201840
258539
200711
200706
234383
201967
213419
204984
203660
200131
257055
228543
208353
205448
199330
308480
254708
200403
200009
231406
199396
214982
222240
200608
256678
199634
273943
236207
200333
199348
233888
199466
200662
234970
234544
216916
237644
250558
227995
202513
228992
247982
223801
240104
215938
215002
210483
209491
208032
211610
266130
204948
256954
204033
225938
262552
207786
237740
250463
210751
220371
212922
199976
256197
241285
199429
240723
306380
239586
193947
201821
264996
202056
245273
193918
193899
195842
220602
193822
240862
221695
194902
347972
220527
218916
199422
201550
257702
215240
209459
200869
203124
225398
208822
217619
222343
208023
208583
261480
199774
198903
199627
199246
203411
227061
201003
251529
231782
261844
284458
235239
206592
216786
236825
219515
200820
213974
200287
200107
216614
207582
214886
212356
219783
234874
249976
249042
222192
201915
286948
225298
229682
202233
256546
248556
225344
209125
205969
205556
200715
213402
199907
201266
229077
202145
200397
1594562
200517
234536
199914
205439
204025
279787
209976
205123
223026
212551
220326
200066
212348
199983
281729
232420
199658
228618
340359
242881
209439
200246
218185
199049
254409
226166
225823
247242
215408
233462
227177
215032
200015
198704
201291
229295
199713
201578
236043
200246
234268
201236
202481
224918
217923
201530
232535
199551
200278
229276
205167
231382
301431
266916
226880
220065
205487
202027
204318
200111
198124
204273
200758
199552
278087
258091
208409
209521
206811
212931
210886
220195
203574
213671
198828
261316
200496
200790
251738
376169
205968
199553
199859
283646
194185
260107
195486
242760
235743
229433
195824
282701
226858
231271
203675
194052
320522
215805
212137
221424
208505
330356
255791
240427
207736
225946
207648
200475
235112
198707
199041
235802
200933
231361
200727
200981
235956
200588
201099
218478
232174
238169
200434
199997
236148
262635
233894
228227
204985
258734
217529
248918
262757
222410
205343
259737
221988
206954
211099
202529
235601
233744
232497
243424
250966
229856
202671
204295
203097
256518
339193
208130
210162
204624
214236
236191
199253
265422
201052
200033
389153
215479
263857
198126
207125
256104
204956
258308
245157
200620
233364
199158
199195
230274
214902
228519
244652
202325
226354
199587
240818
236649
198726
201616
234584
230396
200065
233769
198824
199890
233852
199824
231088
201235
200704
248240
201531
200413
235615
199939
235541
229102
201047
252707
200769
226792
234190
238541
260861
230584
209398
253261
237322
258630
218112
211600
234464
202670
198891
213521
241984
210948
241724
213809
254292
199917
202477
292412
205152
204319
208491
201378
216383
199797
213798
225355
242703
236833
199485
227628
269193
199671
234483
293220
255642
226237
212309
1407406
201405
207114
207222
200840
220551
318176
207671
205481
214237
231726
234919
235418
198933
215497
215375
199495
213775
221690
201175
234093
202889
199856
229810
205669
200227
204516
202393
199414
200461
216742
225509
228175
279849
198547
256075
208016
237856
205495
237018
218961
209066
202503
203274
203833
266974
200083
203282
199368
242373
294325
254531
208721
233185
207153
203551
227540
198448
228065
200112
215474
199521
201240
239461
200200
236330
200449
199321
233871
221751
227846
200938
221194
234285
253029
199670
242488
199017
200787
203166
200571
199707
200284
201188
200169
199026
239832
217695
205631
245591
199572
272747
201003
200540
200425
227769
199802
201695
201523
199452
200177
245122
199902
199518
282009
203388
200306
199885
213241
204142
199566
198962
256071
200205
201031
200829
253462
205097
208654
206252
208358
243891
215028
215624
229226
201481
234610
209875
232545
229193
255296
270464
224992
210100
211072
251964
207071
228530
208028
201513
268395
229918
211427
276020
228821
216343
243951
195920
208222
262182
257290
237023
226323
198320
267315
195218
250598
207927
250661
223661
266528
209587
199837
236268
201446
234534
253400
207793
199679
240341
200961
199931
226194
262734
199671
215664
199555
201089
200679
199632
201045
201135
199246
200343
200625
199562
230932
200251
200516
200520
201150
200553
200431
200485
310067
200883
201068
200265
252108
248460
313362
240663
214159
239077
228078
234772
220237
199302
200037
201800
199013
199005
200939
280303
199845
227557
199709
199901
233740
200598
216409
199429
199313
235155
199758
200511
228992
200269
234827
215502
202092
235353
201012
228145
235789
201277
202568
228075
246426
199458
234382
200454
241753
199762
1541663
250170
207788
206634
209433
216465
198654
199785
232517
201679
234391
198301
199312
200232
262273
199373
198672
235961
207410
200242
236356
199537
233298
201122
199918
200350
200913
215428
287961
206577
204506
214019
247060
212637
215098
204413
250521
2087502
209268
203690
199325
203380
200828
255183
200288
201082
199329
240852
199808
280911
207932
209473
233682
248958
203238
202947
201969
201008
201989
200843
198887
201285
209010
199474
201279
200265
199468
262020
233274
199921
200846
200861
234238
218739
204141
227657
225806
260232
249267
209192
206519
207649
211689
205827
208694
273585
199529
199570
240260
200558
200555
282915
200853
201556
199347
200556
199129
315627
237561
206791
203987
200469
199418
199857
200962
216060
207105
200446
269304
212110
218232
275864
239325
227831
246909
205889
233977
204532
198646
199547
238716
231424
198733
264280
200073
234397
201904
199564
212324
202093
313522
199540
200130
199904
199853
229589
200970
201048
200321
202199
270045
200957
236745
200485
201271
233982
200626
228616
206595
205822
210610
209272
205563
205168
206018
206750
204976
205299
205177
205449
207707
206197
205458
206246
207492
205255
210001
205537
218153
220483
245447
203946
199201
291554
243608
204034
204389
208272
214879
200552
202819
204026
201111
202377
202434
201773
199366
198898
200064
200283
199855
263781
248134
209025
209946
228382
299406
242939
240867
226293
218968
231178
205164
207890
217847
207926
195054
249151
195831
194681
344044
194157
206634
250008
195847
195253
248947
203071
238977
260115
203523
262477
251758
245960
247392
196045
203950
249390
230438
201520
234495
295035
235438
206754
240396
207290
213211
199178
204926
200273
1436667
199345
247396
253307
214016
199500
202768
198260
200051
200424
199486
201254
221545
200131
268184
199666
202008
235665
200273
202518
236320
202505
200264
235405
208520
214247
234992
201689
306631
200699
227065
263739
202662
299717
266380
221820
228036
281731
208701
220293
215246
227358
212897
212618
227916
210360
219795
230444
229988
199749
198396
200652
298578
199662
199167
200791
234665
212865
196080
251267
195114
195767
255093
195821
199617
197979
194685
201637
198763
235251
223128
206866
236862
278583
227056
204394
236538
200258
205712
201497
200494
212934
229509
353264
204225
209756
255487
209496
200101
237714
248764
199079
202087
203049
200541
200949
199670
203054
201253
320706
214174
207088
239280
206202
202724
262011
311456
258271
198480
280680
263227
206379
212911
230695
219554
237194
251247
210420
293138
218654
235939
225697
217165
253794
199816
200039
227877
208007
199115
286020
200658
199890
233010
203329
201312
201611
200786
201762
198848
202256
200819
203076
199221
201460
202555
263254
227683
205341
235209
205513
234970
218425
224212
204814
236858
210475
204788
203360
202249
203282
238116
199995
232600
203261
234402
199279
252495
253608
200569
199715
202893
235617
231684
198780
199309
200239
199000
199366
203488
200901
200638
199486
199113
200816
200495
199651
209233
201184
257933
199294
258366
204384
200170
201311
200968
213567
299063
206201
205716
242390
309084
226423
200477
241460
359555
246529
205023
207185
215941
195282
241701
193384
198054
221396
195883
195532
235856
218518
196001
284815
194466
196186
222314
194849
235100
250065
209366
216607
342086
224298
208893
205159
204358
207878
222175
198928
1364641
223107
246545
194151
196154
271389
337586
210361
220021
199893
200406
225903
201968
237498
221683
199894
236396
200343
199812
226469
202202
200922
227229
200227
199309
199636
201673
253784
270190
232770
200436
357591
257136
237721
204855
206009
226038
256799
201170
199745
200180
201018
199916
200831
200094
200499
199392
200996
255699
199459
200541
201441
377036
209152
209822
209156
201663
199995
199982
200592
200848
200211
256459
255804
209434
199494
229442
209866
231250
204168
206016
254454
204571
259734
201397
204653
206097
205811
206768
205521
210569
206886
206313
208102
207852
204132
205782
214281
206930
207893
207857
204459
205323
207528
206053
204044
204854
205308
204304
204687
205878
210400
203464
204541
206868
205450
204171
206325
205872
204333
212747
204893
206624
302464
209610
210274
208923
206545
207014
320642
211295
211288
206703
205976
268338
207848
206291
206629
205912
206417
209224
207019
205364
203743
205913
204334
203891
209565
204718
206231
210541
207441
211043
206681
203940
205433
207192
208801
204921
203755
205485
206199
203950
205006
207752
214818
221363
210792
211989
208710
208975
206219
205483
211461
209627
204496
205493
211441
206602
205184
213804
200501
198647
263394
199861
228153
199286
199860
201037
198311
199744
235927
198714
240274
194284
234897
195579
195682
194657
194159
221819
221292
193252
196798
284639
193629
263560
194270
276583
249841
222767
229205
219569
212444
218696
204891
208471
212769
226412
226835
213574
195021
193414
260898
348263
247692
203770
205799
208721
318820
194696
195517
194719
194705
283156
248805
221234
195622
192855
236961
200596
200293
200550
218387
208891
246322
205459
203238
203958
198621
200463
203350
204257
202846
217571
236739
200634
200017
200285
198256
244229
199153
279472
220048
206684
218012
199136
248521
200482
215583
199854
201380
200414
199707
262678
201225
199295
200231
256648
201092
227682
279333
308558
246824
212186
253431
204959
204710
220838
213171
205358
199040
344304
232962
199837
200762
200758
198412
229576
198757
198702
227114
198998
200169
200246
199432
199555
198744
236066
259929
211777
196403
194624
194691
194377
219302
193558
194514
277407
244100
208243
203976
226933
207519
247520
219572
202108
202211
214907
202568
205986
201325
241587
223975
223129
193868
221610
194518
194962
193809
248461
243262
227902
194251
261734
194674
221969
193792
193500
209404
195098
263862
194383
272443
204334
202240
239892
195045
243772
321688
205334
342381
279543
212064
227197
211291
206343
212318
206688
242817
244256
226376
218935
357353
226257
208103
221110
195727
234033
199688
199447
198149
216843
199407
199808
199337
220091
199925
226602
199458
200768
200574
199118
235436
199046
201882
201048
199509
199532
228434
246427
219884
231386
213862
254318
225661
212540
216145
221439
215043
210844
223260
212358
227706
209783
211646
210676
208510
228326
203274
200749
200518
215913
203282
201507
200430
200583
199922
200145
202669
203290
201559
203139
201451
202098
202053
201353
255296
339050
246461
206875
256540
203525
209312
319188
219254
214619
220077
245500
278123
220976
219603
207980
221435
200958
260415
245360
206019
227830
194495
194861
259476
214382
228579
202662
195062
252194
203671
230608
253747
221324
1333322
233338
200334
200649
228157
204850
205487
205570
210141
214838
204646
232976
200533
227304
202985
200074
199674
200695
227385
203112
230116
219514
199466
197352
199446
198635
233400
194334
194477
193475
194106
285657
193125
195481
195145
194177
296958
268330
203615
203527
205903
197926
200426
226919
199161
200520
233287
207121
473760
223633
222325
208941
212454
208756
205608
276454
217879
202163
203891
201089
218988
228041
199563
201393
200431
199463
199527
200853
235230
201145
210254
219176
209268
231723
237697
201665
256713
202666
196481
273208
205121
288271
202865
202111
266649
207662
211308
235856
236256
240333
243029
203580
227375
210769
200283
200459
198602
259255
199446
233046
199868
199955
261637
199468
199140
252969
199791
293985
200155
338258
221260
206899
209547
217869
240798
199724
262740
199788
202069
233138
200842
199839
236135
203568
203990
243591
212892
216548
233548
275839
209270
210264
209225
204886
288048
340222
209675
200581
350464
200144
204346
205722
201314
200600
198137
273692
264123
300874
203093
293571
220432
207931
233908
202777
204333
262282
212700
234227
248505
195086
238813
230993
257339
257603
205644
220779
223379
255446
203810
219059
203871
197974
200459
199559
295516
224421
204363
198895
213265
200057
281046
254999
206498
204507
219567
210781
219845
199246
280282
207701
227725
217187
200759
263444
242317
198444
199100
200861
199643
226834
199924
251299
201605
285521
220144
359141
305569
215282
287975
260877
263598
292343
237280
208127
208261
210013
220319
199982
229858
227230
200426
241784
199198
198818
234703
199041
239044
234045
199398
200919
236808
199665
229759
233248
198671
201246
266741
198863
275787
222403
235339
233316
264056
213283
207775
201633
270796
198822
200256
198470
315540
241417
208065
199667
266004
200391
199154
227115
200245
200884
255022
200569
199681
227927
264117
203783
200559
231264
202110
200671
200299
234209
198822
201016
268492
200137
200035
234982
199937
202619
202867
199315
334780
239199
239610
271833
205621
292233
219238
208142
205351
200084
209590
200425
199991
234312
269099
239832
199250
200300
252459
201362
231290
235956
200918
201265
199858
211967
200608
263818
201328
214959
222932
202030
200290
233999
199802
200977
201469
200167
254412
207956
376659
273598
267426
229241
223076
200218
204142
199274
201999
200859
201476
203124
228389
199644
200657
199577
199102
226529
199815
201141
200882
199255
234941
200963
200933
232166
201211
216235
200703
200558
233582
203169
203792
228085
208599
205281
218830
202539
214327
240657
296301
219608
200895
200609
245337
223733
199743
216570
262679
223649
199459
243062
230609
198916
221426
221960
199698
286153
231844
214548
207855
206988
226456
249388
208198
214930
282878
209869
221188
208029
220344
229026
201540
224121
213082
228889
258990
215066
216316
216133
214202
215273
222396
219346
214211
213689
206730
212174
212431
212770
210226
209574
201761
219082
231448
230029
228541
268941
211368
200420
247161
213342
251285
199440
258701
232134
232244
236844
204057
200138
254205
257954
311566
268174
221273
307201
199738
200919
233900
202213
248953
255827
198828
1971358
247112
220608
199156
256360
200510
236544
302807
257701
224565
244183
220699
218408
234790
259274
216150
205500
211233
205182
244361
224210
199832
207654
226512
200253
222680
235069
208112
219705
244622
205527
221433
215483
243515
214897
210864
198464
199094
232736
247734
200279
225464
199881
272033
239425
201906
233028
199023
325752
220046
198877
260796
200002
217260
251738
201169
200365
228849
199877
236678
247969
200033
292009
228187
213577
234721
200166
252943
234976
200849
200117
233853
216323
201062
281875
218920
254789
204917
204702
266827
208966
216583
253886
217789
212509
200172
231410
202790
294252
273546
212788
204464
205490
263754
199619
301086
199006
226721
200197
200282
247429
199266
198991
226522
213541
217089
199283
240733
199798
298274
207145
246941
229267
249252
210202
202090
254672
199134
330030
200457
199725
234698
199332
261309
229699
215728
219000
199660
201119
200481
199612
199872
200326
200337
227584
223991
241987
286095
236481
200436
201938
231611
300018
230547
226030
208655
274980
300591
265094
231789
241196
222687
207327
244264
198687
242042
200570
200063
234205
291480
209886
206960
219572
208030
255092
245904
234799
200370
200074
201525
248669
200039
214494
201001
200943
246700
199886
229377
201482
199952
246675
200127
256026
207039
215217
338941
230293
222115
200682
239942
250241
200522
232675
198499
242599
246913
200595
200919
200429
321227
199113
200595
259379
199193
249077
220145
205854
217294
200411
231650
203728
203768
201982
199103
223505
202918
221095
199168
233969
232696
199808
237599
200148
291837
200117
213180
345076
221719
243608
210973
221904
207584
223286
234057
298295
225142
224654
237158
207762
206485
229235
229533
216185
210087
206376
211627
208720
230524
252381
223788
199322
268078
256834
218206
209140
310110
269155
235330
217769
210230
233124
220067
213108
213323
231855
214891
224342
223906
214571
221715
210134
226327
210867
223602
250480
208109
284016
217093
223097
211928
234891
214540
217721
212252
214023
242608
233282
223049
211883
218518
287390
332756
211820
229844
215772
241882
223926
234762
236155
313341
218437
215685
216645
207063
211000
215092
222889
202837
204335
255949
213059
275826
200686
231601
237143
221870
215555
254029
333565
225426
223621
244897
281121
253070
210569
206598
200093
209226
229583
221202
1062801
231130
242797
213202
212202
236681
208357
210213
257507
215288
292180
258120
256825
207023
205403
212023
204526
204627
216163
202542
253002
241136
225795
206762
207427
299308
205669
250599
243163
312635
259508
194040
365646
214129
214906
212634
220497
319425
215034
216912
210908
225669
220234
239943
300387
215835
215855
209300
218093
209546
213833
208308
235254
237681
213590
272338
207400
241772
251510
208269
222996
220805
309598
207879
205848
221022
209037
303587
235191
205219
209416
222957
350389
209166
261032
204970
392305
212460
210726
206510
267539
207289
203977
247832
238061
213784
211117
216315
229013
222627
209235
202029
212125
297091
264589
239154
268962
218332
247265
208811
212868
217931
211116
213271
205900
212044
214896
201602
258158
262705
237396
252056
280744
235231
220278
224714
228701
220620
210781
230743
311916
228326
218938
215996
208122
226407
229222
218711
242604
219123
211739
218532
220232
200975
208182
202102
263182
198143
216451
194073
220371
302655
213250
215544
215501
247533
211406
217281
241820
200652
221361
218124
211288
227510
242625
230261
204991
205975
210604
221315
217636
208783
236472
211034
213807
230652
202936
217008
228782
235810
199466
223639
259531
270198
202880
235649
208001
208929
223152
269392
208218
211069
246645
219531
213906
225034
217992
213077
219443
216708
219435
219040
225856
385327
221742
210937
216666
1401987
216307
215245
213508
207727
290385
229723
212919
212100
213419
241982
231356
203691
230432
444904
208982
236950
211484
210616
220808
215797
273978
200946
242982
241119
226139
203150
204683
214450
241594
225826
224812
381728
212618
221052
225162
215365
208482
212306
213276
210167
211373
219295
216458
252593
220343
223655
235070
243474
278737
201016
211905
213966
209419
211203
212203
222370
216031
198676
271689
198996
266320
221854
240252
219866
211101
210597
210422
209502
213343
213227
231899
387170
227619
215676
218638
249064
223041
291940
248299
218380
208882
209187
206386
206042
207117
207023
209072
214797
205325
220846
212507
209416
211254
208487
209204
209526
206059
215447
227829
237088
226519
213827
218079
215517
210925
210827
210222
216230
211524
572018
217066
395337
208097
210459
213389
208604
209626
213332
209604
212633
211846
208706
206722
212350
207867
210374
209855
207327
221884
209085
212269
213083
212465
210937
210172
209153
212344
206381
214626
221137
220185
207215
216018
209902
208433
229580
213520
236640
232985
248583
222464
243648
358971
209135
254175
223786
216176
232875
290105
210381
206517
205909
206518
206848
284906
211740
206247
222687
213127
240105
208996
212420
240541
220876
248701
198549
232424
199628
199482
221333
201469
243682
199855
202855
218015
226514
199558
202435
228800
226658
249771
206772
209848
242901
241597
211788
212694
212658
210266
210251
209055
208956
206757
209133
214833
221147
261912
199261
228824
214186
200546
227294
200048
215890
212051
198308
232404
200636
215695
260640
202252
257162
199836
234327
198479
202359
250351
201631
234949
229963
201559
216224
225356
213120
213978
260864
199087
235982
225764
214826
300785
228983
208145
204787
206810
218287
296198
199963
226484
232017
198755
241414
201108
200416
228010
212618
227810
199940
211708
228454
199733
245193
227448
214521
226902
238586
207452
221966
236751
210124
211918
216991
216424
244372
423412
212323
211279
219373
227863
214167
211730
220206
235409
230648
211673
223855
246352
211079
262194
210129
203520
249916
204777
203112
298820
205319
205269
248130
286468
205850
231592
205240
300309
245445
249448
249367
204946
242424
281420
218075
225134
282205
252030
221444
252108
224400
313110
263637
210288
277628
265542
217364
218017
225094
313894
216639
227267
211823
238963
210905
210906
237044
263758
210228
216570
255728
237967
236848
208712
210353
210856
284766
239187
224148
222627
221485
361080
218981
316532
218617
218944
216689
219151
235555
228856
343194
256504
210309
216469
228633
311598
234429
220205
255977
226983
212737
254169
210530
254612
309615
245096
269829
238324
236579
209796
209023
242139
293622
210289
211063
231549
253784
226229
239109
218090
232395
259832
255346
306357
226896
225929
219207
234864
220697
224569
295288
211710
244740
209120
254150
210249
216221
302234
233649
232692
333929
229085
236528
257439
219004
230997
230799
215354
218846
216707
237458
245630
265479
274043
222683
218892
2039265
216552
218997
209193
209932
213188
239183
212313
221947
208953
210199
214275
206166
205346
222380
208954
228727
206303
205022
250709
208789
238010
204708
204078
220387
203383
315488
206304
208221
247095
354636
212447
261110
252546
228891
219353
218749
212221
216804
241133
250899
227318
304171
210441
207469
212962
220666
306129
252108
240032
233940
204682
209345
291391
205389
222823
245809
243948
235975
207006
230486
208855
239876
347914
244901
228090
272573
226073
204172
205731
224603
251431
227863
391702
211057
226776
224894
214045
216965
211542
212905
245174
201010
243185
199946
217423
241378
288640
239444
257389
210679
344438
207064
204055
242405
239347
198119
202310
195449
198537
252296
288454
204193
210739
302846
302184
206654
218827
233238
223623
229338
254077
402186
279356
254669
270168
288503
305190
207618
211598
235307
200140
226317
234561
204647
203067
302247
216231
212870
204827
205777
279947
209060
207497
208656
212145
261702
204921
241811
200203
201908
236082
199244
201444
235272
256237
376173
244304
243661
247937
374940
241328
297193
212627
208506
233894
240593
234950
254186
198779
264474
205332
297598
209181
224613
200295
269724
200178
200875
200145
199869
227675
227705
201127
236183
218675
199660
201320
201644
200491
357448
210918
209832
217839
200255
201047
200823
243058
255225
397940
206893
226468
231647
281768
228676
244890
217915
205468
236075
200004
257322
230026
200248
258351
200827
200761
225638
308029
208676
206493
207070
202526
204305
203852
202371
199308
199348
201462
234509
199869
205608
200533
201624
266534
199868
229708
211011
207672
208175
250247
246847
200753
201350
202237
200779
199863
203033
202600
217364
200012
198118
198399
248560
227718
199862
199175
200491
236493
200489
199705
233018
201137
261694
199605
200108
237662
201108
199821
233725
201800
241474
200951
230388
235142
201686
201568
233957
226589
208791
229726
201296
246578
216313
243239
208824
208725
220649
210388
208896
206216
205589
280085
211013
200939
226916
225122
202870
201562
226687
270793
233525
234620
202168
214176
209073
207145
246630
220698
207260
208513
221248
208841
207203
229347
201638
221446
215995
211236
210544
392111
215200
236890
204558
235318
199395
200234
199668
203154
218811
229531
193747
195686
194128
194126
260670
195574
252833
194088
227806
287348
195301
207783
237186
224845
251968
194578
196143
266289
235741
194977
246688
194341
200052
232770
367513
215183
219090
241888
221721
213443
242331
208587
206711
358499
246665
226038
215804
210421
211318
267746
207888
209290
260902
200741
199161
199197
200509
200370
233463
199287
282856
201342
198128
199453
201482
200185
200170
199958
234878
200894
201825
228578
200340
243521
233300
203184
204360
352799
234756
212237
227976
210611
202392
202049
234363
200004
223561
290272
232849
275236
252182
225671
302334
216053
267925
223380
244372
215686
213059
226024
214937
217186
224286
215677
209470
207859
213636
206691
205142
218023
208390
208169
1883812
217214
210512
249447
210781
271619
350994
257585
219129
209406
206060
281912
211118
210025
211159
227043
210639
210381
232927
201515
248059
208629
209193
210453
212055
256999
244460
228279
236806
263752
218802
199018
218197
200632
232942
255470
210931
220027
217596
218049
382131
236128
204653
227863
214720
209899
212489
211356
212408
217455
206267
208896
209711
228047
215181
235172
214198
202444
254197
268481
227882
224691
210108
209132
235714
216688
210159
203595
210049
212936
214062
199621
220770
207218
205261
246154
221641
239986
211996
231064
351305
207848
212594
236261
241016
208364
202600
215657
208752
215694
205022
206275
275374
207243
202816
289752
226965
203461
294898
228058
252839
242359
333390
209317
204172
206206
222768
206627
206301
228860
239754
196508
243623
258430
207791
207926
205438
217071
215019
211581
207427
293477
237978
242137
204690
201259
226540
204941
215586
219856
209242
226118
233714
204443
210447
210498
225320
237631
232846
202006
291332
252431
265920
207396
252014
202743
252925
233354
204378
204681
194952
289639
200042
201327
235574
238332
240262
360674
285587
206493
216765
264072
237501
237817
227040
226648
222254
236520
243756
211163
218620
200858
226541
198779
249081
201155
235906
213656
207633
244282
201534
298485
231959
199853
236640
199922
275373
246940
205713
252278
229513
247834
198015
221192
233263
293118
204731
204472
248675
209876
209681
199089
236460
199668
292210
224851
214562
229493
210966
205694
210508
208039
261778
236720
207469
205829
281271
210299
225350
335360
204768
205502
220733
280326
219112
206577
220274
200354
248605
202797
264532
226367
227530
230832
227258
247611
221626
204298
260386
243244
219391
369635
230097
206668
206855
206180
209632
281203
211569
208169
208761
265448
212977
204356
220524
216297
312520
205607
224665
222980
217686
199988
199925
199520
217225
208818
241215
199477
263006
194680
241502
215051
208699
207174
218166
215292
207827
205743
200059
274913
202214
203257
204926
204993
250662
244350
248914
253746
225856
375707
209212
242264
198664
301505
236962
212856
222195
279030
205562
205349
206394
208036
207713
199319
262176
199598
199902
214247
201154
201441
216953
233810
357926
232318
234579
279068
241401
290595
244824
199744
200469
198877
293508
199445
199112
200877
198507
200386
200352
199186
199921
201008
204245
278233
228096
214446
199919
201726
228492
201111
200619
201560
200138
200648
221201
200601
234796
199601
311936
215269
215179
211289
232995
236971
208509
219484
221392
204535
235581
212913
213695
209230
237713
201165
231638
226921
240789
251338
207977
198920
214286
199571
227621
198907
201122
200128
203036
198983
202834
202766
200486
260060
200984
199106
200574
200560
199492
199291
200860
200246
258375
230823
216168
200706
199841
199970
199910
233210
207780
209801
238078
235594
223769
213318
200829
230097
233991
248845
199525
198613
237816
196350
262962
199818
306252
220464
221005
228875
193438
272118
202662
273732
206537
204300
226900
211187
209826
266462
261614
210197
240127
231422
245122
278460
215517
211923
211613
256487
211781
211197
209216
208959
210456
254265
299809
222203
246330
246374
267227
219165
267602
250886
252952
217768
250589
249008
224839
222316
234529
228294
225502
221807
212959
213724
281463
224420
221140
222253
227421
218332
221621
219379
220426
227750
222556
216857
217956
216959
231035
218153
230425
219026
247813
233734
221707
221877
220988
219530
223495
236459
222855
225404
217108
220005
279260
211480
211644
210068
210320
211541
209582
209623
247761
217415
219120
218654
220154
217511
218138
217929
218440
220622
228363
220541
221912
217492
221281
222013
222674
220917
221783
221816
219727
219337
219937
219454
216248
218743
219521
218748
217803
233501
220368
219427
218039
222933
220516
217143
218677
223141
220562
231566
219405
222770
221761
226349
227067
224075
223342
227259
233078
218819
221068
220060
218416
219415
225525
218392
292976
278291
271420
272043
260680
291857
271539
218120
221053
225843
231309
224296
217936
221054
219418
216587
218329
226567
218183
217381
218342
229441
222940
218754
217373
233440
222053
222730
222593
222304
224532
226451
223502
221359
220662
221829
258042
224015
222026
238774
282149
224000
226124
224883
221222
221643
220786
227473
219716
215785
216103
217136
218468
216178
215476
253394
227553
225715
218651
219183
223133
226667
235171
230144
217593
223023
232789
445644
238769
263748
247090
226780
226482
224272
226837
224369
219265
218467
219901
220623
220466
219579
218562
228046
218513
219535
283250
220685
220715
229247
241164
220750
246812
225876
248016
224741
251255
223469
221021
223215
221203
234585
251550
219073
408982
233656
215972
214361
255247
224156
219759
222940
220143
220418
220643
219527
221279
220710
220676
221191
1751321
218036
209157
211633
208723
219878
241954
208822
219237
213449
199049
201813
283745
221087
208254
224309
263518
233361
240403
213923
393891
298956
252587
207013
204962
206218
268340
329206
211114
220200
207800
209271
221792
219645
225444
200255
278526
199030
347334
205810
209109
220042
253132
235481
195881
236299
237882
211944
246807
202867
202664
249860
195913
253644
244436
224709
235030
217239
357609
268765
194700
246227
260132
272712
548659
213547
221180
231398
218031
200173
201748
202351
199760
203956
221272
333513
207243
200535
240941
248486
214609
200319
200750
234089
199824
200938
227262
199806
237476
233684
230451
235113
358595
225658
213686
207873
328111
214266
227093
249054
227456
204454
316984
223486
213871
209795
234464
200284
200616
214306
200311
240152
199534
198623
309378
200447
254901
273372
209098
225822
199252
199592
241411
271717
200978
221289
199464
200905
219561
199664
232282
201503
201226
225806
201746
341172
207469
199993
218672
235478
276340
239371
218426
208942
226034
235017
208437
200208
256697
233369
209740
236385
345662
200341
220629
222286
201869
266844
222923
246741
198398
199357
199771
299903
246058
206893
237835
224226
219095
198810
214364
252078
201423
200280
279583
209368
200096
255562
292226
238445
219424
209158
231369
227746
207063
204297
207191
219463
207923
206028
200038
239677
214028
261856
209470
210765
217166
220073
226243
256584
198208
198284
193983
198035
198877
225870
193740
258238
195388
194690
323452
215837
220804
292062
198398
200089
228857
202155
219250
234914
229706
209094
208455
212674
228081
200988
226588
229397
240135
242721
274910
199502
243614
216679
199730
198076
198726
199592
199959
198309
198910
199850
200438
199371
203868
200058
201317
200806
239447
230036
216407
218467
217430
198894
199760
330301
209710
223141
285508
257507
222708
210817
211446
237232
227370
200026
220303
206129
232452
301366
201713
251012
225612
237597
223897
243558
220713
242454
231727
217538
218068
201214
200412
199458
198750
199568
248276
194788
229234
257159
236401
204778
266798
195345
195094
245546
210572
242136
206980
221616
303533
261041
216056
208653
207989
199557
325319
251318
270915
199266
214754
202465
201028
225628
200881
228975
214730
203690
202891
201188
199985
239025
200621
200629
199227
227220
242334
207838
208472
202138
259342
249306
235173
202825
227152
214639
232581
328543
236168
232126
206561
220039
274141
233220
203190
202719
247543
200289
246509
204072
252499
217072
271226
205566
229735
200996
200601
271034
206875
207280
229174
202034
260143
209953
212505
247515
214762
209505
207430
215540
210850
226732
208911
211343
287248
226873
217389
208377
252228
215137
253108
218055
239590
229100
210934
216257
212141
218086
210567
208347
211060
210305
206584
209735
208721
230079
231444
217646
251421
245550
199196
198913
259298
205926
208350
204977
208491
261344
202393
221922
274955
235711
201225
227438
306966
220188
220817
213348
302615
203260
225418
200378
256215
201999
199857
230193
224863
262732
232259
230228
218786
229786
271142
265581
227577
268294
247683
203153
229290
242441
237231
242481
200055
219072
227440
243954
213178
203765
415488
221862
204623
200967
229714
219331
295742
220596
211482
207475
212743
203703
204530
243930
201663
247455
243001
201332
241872
198776
200565
239158
213947
245197
213090
212133
211980
230832
232990
245273
208396
204863
209332
219237
201166
206773
199318
266824
219077
207780
341915
257157
216331
212026
206266
213984
222662
230382
208646
202037
250144
292324
243949
219408
231676
212015
208313
242430
211465
214316
227691
236213
213315
224983
271447
220735
220912
203018
200748
203842
202294
226397
198757
201087
224511
201283
222916
202323
227347
200207
229103
228907
213708
219058
214417
221060
224966
215962
223624
215626
220765
213916
212228
220016
213538
228159
223453
210201
209573
219695
216131
209186
216100
216696
206858
206911
209996
209501
216171
212199
214499
213221
227609
213150
211732
210106
212079
210364
210306
213552
319349
201611
201979
202772
202237
211693
213708
212484
211714
216412
340724
219132
216054
215814
213423
215719
217063
215158
220641
240152
239877
239358
239440
217745
211387
212031
217056
212049
340846
218164
228009
217435
212268
208903
208513
217171
221220
222485
208104
211622
218409
214394
216037
215536
208125
215038
225622
210638
215798
289964
222900
212187
209620
211380
208333
207170
205059
207075
207009
205246
204734
217737
225126
214799
217415
213405
214565
214885
211901
206849
217995
219941
210899
209456
209258
216268
211024
215753
214495
209351
4248947
221423
220294
226158
214759
211961
211772
210625
210352
212797
235000
212842
208674
205187
213558
225202
223615
219885
214761
216136
223310
220120
221158
1477308
212898
206417
205215
217433
214317
209188
2278675
214790
212397
207244
208287
205840
207511
206114
212382
208893
208807
206567
210522
218610
211996
215811
214876
211473
211076
208383
212254
206285
207878
214039
212505
210401
210816
210225
210541
217137
214070
213850
225162
221006
217277
215550
216748
215061
211768
208131
212569
209204
209295
210479
207938
214080
214954
217644
213780
212119
211163
210408
208097
205498
214004
208945
205820
206245
212068
210635
206306
205824
327358
205685
213801
209374
213229
214847
306236
213576
207433
220520
213944
210179
214583
221116
212313
218269
214830
212439
213277
206781
211987
209379
216667
228679
216788
215166
223093
216624
208938
213321
222327
211355
211057
214019
210014
206539
211585
211367
220596
212519
199790
200289
225748
213936
227504
226132
203161
217162
223657
241910
208074
214471
220076
226038
214326
221597
213319
220043
212770
233521
210152
208075
206409
208056
204969
205959
207714
206773
206990
220625
206821
205816
208172
208950
207643
207606
210384
224334
207986
207197
211594
215884
216445
214491
215646
215374
218084
209488
212271
208178
206358
207235
205863
207554
206058
209004
211399
210346
213855
209735
215602
208636
210316
209233
220401
210735
210587
219067
211768
210809
221259
208409
216757
207626
218335
215048
209732
214101
208820
206510
206811
214584
220882
212756
207962
211223
214404
211894
214774
209979
215009
207289
301968
210047
209526
209408
212352
213800
212904
208396
210618
209155
207032
209864
211739
209088
209186
210341
207541
245624
216128
212546
219508
210953
208379
208715
211799
211084
208548
207485
207607
320704
207394
205661
206081
206495
208758
205944
205639
210097
209135
224130
208788
212159
342269
220392
217106
212559
212229
221741
208901
220248
208074
207705
208172
207012
214728
212640
209236
208334
206618
216117
207482
206064
205202
206563
209653
214000
214041
210151
218632
209919
209651
216641
219963
210997
212535
213561
214848
209507
210070
213052
218445
209971
211223
208729
209933
209252
214086
214036
215536
214703
223675
210230
218685
221036
209323
215052
210038
209493
207915
206715
225759
209821
208311
214755
210442
214378
220413
221040
215062
226142
230710
207723
211368
209190
208946
214102
215735
226582
213103
208815
226421
218829
234783
200600
224974
248639
412899
210366
257518
230159
210440
235908
210456
234638
246164
211564
221385
199690
211768
233787
206155
214323
214078
202196
257305
206862
207720
229512
228131
203435
241152
200793
216523
201899
255279
280139
227773
217636
209586
200074
271028
223326
233664
243428
235862
202170
222776
212912
203039
257134
200810
244521
242281
240482
271506
209497
256474
235831
241252
219790
260387
288938
236074
243079
246158
201933
237376
217295
224957
205003
214542
258542
227957
215086
226099
204096
202563
201907
218002
204475
233586
238799
231440
349166
208167
202700
231388
205747
215030
214944
202419
275453
202769
227746
229751
204070
199355
231598
201194
200215
245234
201984
209463
222230
215012
230486
203107
199404
198853
203491
199571
199920
200925
200576
199393
256795
224578
220068
208397
205528
222059
231376
200598
225843
200247
199270
239173
216384
254111
227199
249930
215960
227414
200464
243841
200602
200185
229045
203177
203740
229656
237695
200652
231974
205763
208525
206122
203881
205395
206126
208589
250477
207812
211124
201274
250680
199656
224199
220687
212253
238118
201004
200664
284623
200035
200789
268999
212701
244872
203652
216584
260142
247400
257956
246675
213089
265137
228868
238340
250241
205390
273098
200557
228821
200645
200153
255453
199720
229312
230010
226610
201636
228894
200516
219719
246382
213455
232337
227851
249612
227801
222549
201258
218350
227338
206763
217736
212316
224440
209604
210123
207875
204678
207301
205952
205727
205761
210799
216227
212243
209371
207892
207446
210809
206372
212459
208697
219158
212993
207369
208284
208868
208680
210304
209191
206088
206638
208224
210394
205480
225561
206123
206233
208911
302297
205597
205868
212773
212984
207023
206680
207695
204757
204279
205395
207235
205616
205807
215480
206585
208713
207420
205357
208643
204873
207371
208838
206574
206276
207358
207437
209112
207872
208647
209600
208514
207210
209529
206279
215987
209756
211985
208871
208972
208774
207746
206503
306860
209831
221148
209046
209406
211923
214772
220810
210122
223179
218350
213059
222853
211034
237911
211193
207966
222250
206147
208360
206559
207195
220299
208060
213386
205267
206413
206513
208884
206769
207261
207459
207059
214546
205618
207231
212538
205166
209541
209512
232772
207658
211656
207223
207647
205501
207049
207160
205496
206363
206644
206708
206751
213049
5036428
210340
205368
206739
206496
205199
211419
207074
207527
207222
206535
207942
206899
206851
207082
207438
206772
207402
209356
319744
212466
207290
212171
210059
207149
213503
214861
209054
220431
216585
208927
206498
205209
205022
209251
212169
207167
205816
216833
206293
205293
205190
208061
206246
204275
205126
206846
207518
206063
204857
205838
206471
204909
212549
207167
214101
205983
208071
210279
212747
207643
207147
207679
214628
206109
207985
210859
206146
205112
206263
211563
211359
206155
211328
208670
209297
208279
209076
210066
207582
206752
208000
207034
210904
207149
208865
207360
206295
211448
210646
224808
203977
217911
209476
205728
215683
207603
209788
209037
208586
209117
208792
206607
207415
214308
309852
259801
205497
205249
205374
203922
231323
216643
209935
212008
217856
208437
203802
204641
208129
207610
206019
205590
206791
207843
212635
206716
206453
212379
208128
218487
214769
209028
207787
207743
210595
209646
205275
204727
208169
206429
208261
208811
209001
212055
217537
209335
213205
318923
207133
206647
206981
205544
205323
209287
208049
209000
206337
214053
208694
215235
218030
207897
207723
206688
204463
206515
210762
204484
204527
204893
206315
211684
204439
205620
206881
206466
212252
208962
208409
206110
207979
224568
217229
229014
213291
210372
211417
205603
207158
207472
300567
205411
206350
206442
218206
208044
225124
217403
213281
210437
250214
220181
207870
207674
208856
208162
234352
207690
206950
207831
208766
206681
220985
211735
208167
207753
210623
214212
213000
208469
214126
210967
218563
217031
208915
208468
208869
208978
213456
212345
213261
208458
313382
214627
209164
209529
213678
210925
205099
211241
207821
207509
219456
206857
208304
237712
215897
209310
211352
211692
208834
210617
205939
209153
206470
209464
207688
208441
207105
216362
207884
207563
212425
209104
208410
207968
211853
206603
204789
206098
207307
218249
209468
219000
213692
208971
210390
206606
215168
209619
217565
208256
207599
240158
211464
206380
217109
207064
206707
217395
206536
212054
207372
214037
206633
212536
205576
208556
207832
205939
207077
212565
212590
210713
209153
222542
230823
263765
240015
219746
258057
206357
219060
254476
224405
205324
306636
221316
212747
212550
206820
211286
214169
217269
205684
208125
207617
205454
213168
210676
221756
208496
206262
217022
214624
249654
211797
219574
216154
210651
211186
208526
205423
211896
211278
207821
208604
207037
206560
207861
204785
204742
207031
205056
219167
244178
200647
227123
296413
200528
243376
206431
213885
242563
236837
225400
203778
209334
218020
202849
214957
199271
230714
231687
199771
199996
200339
229849
204958
229077
202603
230926
199252
234078
292393
383001
208595
223836
200698
206644
204146
206988
232798
204978
200564
216228
202294
199265
215009
325491
203053
256698
251872
218743
259283
201114
282104
210057
223006
215517
237111
250264
202403
267206
254081
243025
207438
214169
213912
208870
229868
280512
200557
227186
199738
208114
255066
201206
207275
205172
213221
204034
204494
205231
205455
204774
217182
208104
208076
299283
207348
201149
200492
199570
238861
259056
201187
201783
198920
200013
201237
234400
200475
199341
200290
200009
199997
199537
200953
199993
199345
200684
240321
214780
229395
208157
209656
209627
208090
211123
206319
205062
219708
216048
209182
207194
212439
208230
211237
224805
206363
206666
308762
204185
204334
206646
208871
211824
210068
217772
229617
227193
234200
256886
200978
201145
257595
200216
229184
200938
200149
244883
201025
201021
226843
200083
205529
204912
206984
265894
199746
222445
214657
199208
227878
214305
199275
255301
199646
231706
229080
230649
228797
230641
228441
215082
214867
198933
245407
249528
252836
222109
202737
200232
228583
247435
200347
204049
233477
201327
274647
258568
217775
202829
243940
231060
217893
199918
199387
258395
220730
241188
243664
215082
228129
222329
215798
213292
209810
217313
370368
218895
216078
218195
210875
207916
215234
212423
207523
210405
239582
234042
210603
210238
212129
209343
205258
207783
206702
210331
209022
212159
236794
215133
212606
213781
207549
207655
211727
207617
212831
207822
208065
210522
211745
207889
211280
213786
216670
209874
218197
213662
208451
205445
207709
303989
207860
210411
208979
206619
215010
205548
217689
256368
210062
210701
206150
208856
207065
206768
220748
205348
209387
207570
214064
208727
207457
211778
212582
205667
205193
223820
210290
205896
214551
245065
199376
200531
200970
214593
199990
199274
199777
362852
214946
199011
232972
198954
199116
199853
198641
198782
199697
199527
198290
234515
220781
208806
207004
209152
200368
200761
201047
201421
201696
202320
236590
201576
200580
200362
199962
200976
200495
201037
200812
200330
232017
255593
200536
201330
236588
199738
231912
214057
309251
211883
209477
208249
208574
206558
212533
223820
264458
214127
219205
223953
205581
207747
205257
205271
205919
204700
204091
206741
206382
218090
219482
213606
208225
235989
249660
207036
207363
204981
204456
202309
202209
205051
201061
206824
201637
232415
245904
202270
203412
346745
202692
207675
205455
210253
214331
233819
227699
212937
215156
212403
218444
213389
217867
213736
205850
201421
244045
241806
206343
259177
213053
243147
199878
256663
206601
209191
209549
238875
232161
218074
200104
201583
240719
217715
212790
215969
246822
209874
213065
324940
278212
199909
310627
208244
208272
216458
210790
239666
199763
199764
199656
228307
242392
204995
203647
231975
212499
245462
243971
213826
257345
198801
237101
207489
199864
216039
228660
221080
214978
275280
216168
216770
203333
204851
198555
208715
231469
206391
258047
227475
200206
232824
225420
210558
206110
246632
222472
237145
206305
212962
225344
199777
214917
233121
199513
252540
214356
207813
204145
202137
199817
199264
200035
198754
234683
224040
240234
217376
203340
294947
193836
233731
267846
196107
270687
270425
225397
200119
213648
199547
200871
228530
194203
239616
336096
263442
219860
213249
224161
256461
226725
220861
206618
208484
230067
240923
220018
274520
201418
223125
224169
203607
262321
239737
229447
223901
232115
223244
213390
217866
259253
221145
208123
206139
224756
246145
236164
231340
222173
266722
198427
304481
240664
204414
205115
233255
206212
209675
259035
204666
212188
206371
206158
217291
222193
235939
238050
241551
212673
205480
279992
215976
253447
222046
222516
209310
223226
209240
230912
212998
246242
225324
210784
297462
238031
218667
215170
222566
223034
219326
242289
240005
210391
209552
241922
218517
207891
214017
205781
260425
245851
236992
259958
208349
206607
210242
205046
199348
207618
200808
199258
264600
198334
276536
222326
213108
209307
246040
218153
224235
234825
206425
237037
213170
216693
212231
205969
205025
208362
207767
206559
206400
206714
216953
208787
205750
206739
207863
222160
210940
211253
210522
211655
212512
209040
207008
205136
207988
211306
218418
210504
219723
205638
204485
207630
204692
205300
205591
204877
204028
207364
205733
206850
206718
207491
210831
208093
212687
207601
216818
209272
209857
218303
208957
205461
206142
205533
216760
209476
335201
209198
232687
208734
213115
214230
209981
235672
208058
206730
236906
199326
213318
216902
199250
221047
215791
209955
199214
206731
200946
243189
199724
200506
199840
200965
200204
200353
229795
225289
199281
228555
295673
201725
202492
221904
208618
205173
201336
200053
225992
200131
200448
201580
200879
227148
201808
199194
199814
201159
200322
201793
223216
201379
199450
273273
286408
223386
254837
213699
201860
225879
199256
274032
207128
212059
210352
208863
270180
202426
201755
202254
208277
220397
207812
235460
224206
223109
198678
221591
229188
224917
221021
229526
241492
225164
252241
223327
235100
221982
229019
211902
246954
249443
233942
256410
247834
291447
231653
233572
223243
230413
247877
232385
212103
221268
206241
220580
233611
208710
206058
206870
206050
205899
211431
214216
215990
211033
208902
208192
210514
206857
210547
218229
212601
209564
231841
219546
208908
245016
234103
247047
221280
240810
211172
217654
215659
237890
222812
242642
230544
212693
252715
230714
206354
246511
205969
235652
201303
242581
221206
269869
241327
220266
199494
256108
225484
212272
205870
213884
217203
215369
213564
204757
294719
198545
224630
211217
206604
209939
231384
199570
232442
212846
244151
240302
198963
198234
214734
279011
201330
274422
207453
247038
201630
219097
220295
228679
232789
213472
353029
224592
201851
202094
230416
200916
217481
226863
201853
260439
210678
211073
247727
205267
212447
203203
229937
209935
241427
223358
251903
198780
212133
224841
198127
199037
250790
216885
200038
227796
199052
198076
238710
206420
206167
224661
238449
231378
1242189
232601
212745
221146
201109
268388
228520
247825
214967
224267
202667
247499
211632
201576
232316
216274
202564
199236
244293
198896
213144
225610
240670
231313
210474
216641
224864
201116
220352
240227
227246
201977
226617
200014
223155
266998
208944
208027
200467
201534
203976
238535
200531
214434
214007
225125
242172
229757
244183
209537
199933
229626
206545
200011
207375
198298
199676
214266
232479
200884
228802
240522
202624
226766
239451
215415
226607
200063
247950
231961
203870
214727
217231
219793
229867
257854
200639
228168
319002
200790
240672
199941
201850
241993
198883
222421
247636
238591
211792
215774
206662
199526
239176
210276
201189
204224
218033
203628
241941
200651
230700
229987
199914
227252
214338
200733
230448
231319
199333
232251
206809
225395
242146
259078
200805
225339
206640
291400
239009
199206
219138
239969
199108
200162
226905
199332
198731
233549
199232
213036
226528
200854
200554
214167
229068
222526
199395
200649
226768
246301
227344
201759
208940
234232
208502
199677
232134
199768
199464
241255
199983
200972
215617
236859
214648
237820
304745
200758
269101
209598
210933
226542
202286
212689
225287
224769
216867
265020
200562
209927
227664
200631
200488
239422
200250
216435
213525
201504
241953
199676
200135
242751
199530
207607
215805
199526
199287
226439
222010
199442
229607
200766
230771
225333
201263
213475
353837
200326
226526
228725
204706
204500
212135
199639
224757
215163
199850
201548
226885
199500
255534
207794
199815
243468
213122
231913
226315
200031
199855
227112
199584
200202
209600
199563
200192
238551
223007
201282
227681
207650
227778
243280
214756
201545
258418
302514
201145
255610
241008
208271
225983
199766
210986
240050
216042
199418
199727
253887
221235
201033
226574
200960
213434
227982
214947
208220
234665
242575
207715
209884
233065
209488
208849
244895
206489
209440
206191
221611
208868
200463
218611
200956
252216
229339
200698
200319
321536
199843
199978
227501
199231
214651
199420
199144
227028
201429
200159
236448
199758
200839
231240
200752
229783
231947
214547
244235
200463
228403
200888
200823
242952
232191
224905
211849
200139
228102
200110
199734
228875
199797
242510
204370
204470
226585
273075
202388
199426
200300
199620
227511
198722
216866
199638
233884
254393
200226
200372
228712
198753
242918
200197
200605
228132
247706
200528
231534
200450
216106
248725
202348
228000
225800
215971
229104
204884
230282
201049
214698
212992
201634
268669
198596
212795
262575
201194
261870
204890
201379
243408
324626
216883
246705
203135
203437
228650
203102
252557
203781
203187
241286
203935
228966
204863
199355
229332
213282
215637
228980
201637
227073
201327
198391
243116
212559
200537
214421
199394
230930
199033
199327
241870
199601
232059
199802
202792
241771
200188
221789
213920
202741
243163
230031
230315
215382
214601
199428
241071
199386
199724
232124
214446
213057
221656
226753
257267
201242
201401
245886
230129
216970
231626
200356
233019
229584
199847
200291
228810
207220
206404
204020
272401
206357
218267
200429
227599
228951
200097
230993
211609
209497
219353
199044
319744
225451
199870
198789
227474
199661
241911
199340
198399
230823
233181
199872
257882
200899
229273
202592
200142
228838
201666
201814
260449
200309
216799
215201
199808
229425
199758
214694
214308
199644
239570
199736
250148
223317
201970
233126
199237
230665
253774
199601
261216
200281
201528
231588
232811
204212
230948
199283
245456
199499
221420
213770
207416
206275
207513
210096
207603
198323
207638
206776
243358
214290
206472
207363
250495
232015
200004
201923
218973
215717
240813
211793
206095
207977
210989
206396
206630
206602
206545
206563
222001
209622
205986
207961
209301
200515
201760
295099
210402
242732
235274
207044
272716
201170
216611
223030
200760
255979
198678
229209
204938
204389
205944
198789
257265
200920
200773
213473
206451
238519
203336
248851
201590
222608
230618
267614
253239
205672
272827
222826
246866
212006
201391
218962
269606
203678
204154
231405
235192
219951
214472
204823
204275
227036
224922
198664
197865
199053
267367
216667
262442
216657
211085
213262
208954
212059
212080
210900
218638
206007
207752
1660571
218081
203848
268263
200585
239130
262794
232177
244018
200842
202640
227057
229214
220893
227823
200709
257662
201708
201263
231421
203490
216580
229761
218118
200718
204596
229045
207336
264917
202013
200431
230796
199404
213461
230375
201503
243178
200471
202374
228054
200755
240576
228961
213957
243072
201014
221379
240316
201692
229476
200116
201369
245380
202341
202994
243636
199514
202982
228570
240888
211440
220859
207946
217209
229151
225977
214442
210406
272802
201836
219145
200354
200616
231618
237032
227890
205563
206325
237289
208471
209867
205944
261316
226558
236752
209628
199387
208893
199801
224983
228363
199171
213645
253144
219694
209578
213935
208123
214673
213956
214465
208318
208566
207400
216793
208405
206523
207245
211516
212819
211875
206229
208182
212622
214390
209243
209421
208393
207685
211784
220256
207531
223961
209902
206838
217389
208852
216211
212861
213187
203480
231830
225341
209898
213299
210224
206469
209439
209238
208571
208206
205782
213306
213440
216508
213611
215432
215207
232017
208250
211556
206736
205186
206136
220111
216467
215081
206978
236756
199835
209563
241274
243523
200085
243694
200577
241836
216354
244340
267456
234630
264953
225448
243786
298240
229994
213851
211056
235185
214205
229114
298848
227675
228077
215727
209188
208993
224084
201028
217291
222303
200610
241646
201647
227610
230619
205501
213734
213710
226493
255796
214868
263362
221105
208134
207383
207097
229228
216495
201515
250875
209205
210058
315397
227231
236076
205300
206351
238061
241526
199731
199127
211702
199886
241655
207169
199340
216806
222864
223157
205363
208870
239766
199723
199198
220252
225518
224963
229508
214879
261465
218700
209880
213219
220892
202100
198440
255980
214594
212159
238852
199073
215728
208888
209555
201301
253094
200382
212813
229441
200557
201432
229145
209404
242813
200367
199815
225984
199760
199919
226886
199704
207680
216835
199738
221418
228163
202386
200495
243649
209595
202078
227823
216371
243052
241000
228653
210414
284754
209153
221173
200573
316491
225776
207284
207814
293920
220632
200041
229571
228933
218264
201971
203257
209231
214084
222097
199698
228030
230764
232909
240327
199643
270282
220163
199439
219565
226180
198057
239299
198673
201146
235666
227946
201182
264235
206743
210256
208760
208041
208692
209427
309374
213304
233170
199221
199843
227831
200055
207079
269655
200568
213100
228414
199844
227619
200655
200685
228167
209801
200569
232904
201708
207120
209513
205352
199913
201617
213207
207892
244464
252283
207130
216649
212455
199366
258208
208258
210016
227391
200493
201604
316950
240800
215507
213438
229037
199710
210692
265030
217647
229545
199635
214137
198798
208285
231967
198934
220053
317593
205854
234395
205242
210888
211323
211202
251574
213495
206631
226703
222556
220007
218827
221898
209186
232075
206259
221694
207012
217683
233362
207141
301942
207140
208766
208543
208659
209117
210035
225206
208257
209045
209206
208531
207808
205312
235333
206417
218271
208162
207389
207277
209005
221340
208148
206742
207634
208279
208910
213984
234472
221220
219150
209780
207636
208470
234437
208939
207755
221763
220277
218631
206770
207649
298650
207072
205985
206673
207354
212858
206509
209469
211014
215996
220637
214581
212161
218012
210368
247965
208124
206905
206004
206763
206726
206930
234008
208067
207290
205801
206194
207152
234592
208259
208404
206967
207321
208487
207730
221033
222287
212679
210512
240803
206919
207114
300831
206828
206593
207799
232607
204256
207067
232119
205851
210146
208707
209791
207413
220624
215691
221808
207956
222646
207943
209041
218984
207993
207210
207778
249473
206414
207172
206364
207093
206948
218435
205956
209014
208841
212855
209069
209795
208488
208932
209518
215523
209074
327479
221477
223363
208102
208169
206755
206501
207514
207565
205072
233395
235811
218352
208066
212750
219908
208199
222730
205946
209337
209662
208475
225784
222905
219876
232843
207153
206805
217222
207393
231293
204145
203648
206603
206831
198787
1699054
200519
201738
340513
224543
203132
205492
203212
203404
239114
205400
205488
202804
239315
202373
202342
199396
199099
243532
201075
200789
198907
202071
200607
220288
226167
200038
201277
200023
200089
200013
199762
199408
199480
231692
198748
198182
198614
198371
197619
198246
200561
197752
199513
262346
216200
320946
200623
229089
200881
203715
205417
236029
215024
218895
212843
220101
198855
200539
235154
213456
198508
198934
241808
200872
199623
199174
200336
201810
202936
200637
261054
238288
244277
212805
210165
223834
209290
235785
208979
202168
244438
280554
248812
230935
200623
216273
226366
209640
209795
207497
200356
295945
200752
266275
208657
208796
242422
209569
221919
200102
199928
245156
236889
216512
199818
199922
214128
201169
228637
200892
216335
228900
201738
216688
201748
199557
228049
199814
200460
271460
200328
253741
216859
231948
229284
203012
230873
200631
242788
242010
235893
201282
228861
200967
215351
275993
209300
232031
220958
207975
208704
205884
205561
200652
226710
199896
227824
265752
199496
219828
253569
215384
214119
199655
231337
200660
243422
232286
200488
215073
215344
200044
315045
201388
243783
231364
337880
226977
199555
254219
199481
199074
228577
201613
229291
230188
208963
251712
205481
201248
203158
218218
200160
199878
297367
203971
217559
216586
200043
249558
200011
199247
229345
199260
213229
269792
200024
228495
257344
254216
229586
198993
236016
291760
212922
199212
198997
350223
214264
198318
242574
201104
199428
242431
203196
201112
215224
280868
216612
220833
231893
200992
221992
213670
233080
198898
241524
199440
199901
240637
228907
228119
199888
199760
228125
245653
200394
228653
220476
215167
228804
200086
228408
200513
264331
262777
199180
233552
365572
230286
241868
198606
200039
229456
200607
215109
259354
199400
241642
199635
199532
240475
200462
200505
227484
231939
243644
203123
200951
228288
200293
247295
229675
200870
254393
200822
203441
218795
200850
200986
227766
199052
200153
256644
198877
253217
199294
242938
201884
324524
200858
227270
230664
231988
210170
236266
237860
218833
218808
217653
198976
199160
242994
197959
227351
199384
198566
244976
199112
199112
200132
199477
228361
199271
200754
228937
199724
214828
213257
199666
217377
225972
200590
213094
199742
228915
228376
234277
200365
202410
229673
200699
200125
271296
200534
213639
227806
232384
214525
214382
199651
227484
228265
199998
228811
255659
201701
248635
200074
217775
218761
228409
241315
204264
228487
238879
234888
267459
198110
200149
261687
199061
230347
198518
198448
228282
200430
243579
257327
229691
229843
291885
212478
205565
199846
228600
233683
199309
245077
237106
242285
206787
212639
210081
204734
226327
236076
216087
218948
203027
229951
214360
199070
227961
199770
214418
232362
200177
249004
201600
213045
228209
200949
228473
200639
201062
243982
200848
217505
246990
203257
235248
219681
199849
202097
220350
215052
199114
228444
239431
243268
200473
201616
200021
241979
255075
200443
201566
216442
201890
230524
200576
199868
257742
220983
239900
202358
201506
241306
198463
199405
230702
240290
228392
199399
220078
280462
211288
224676
245131
228189
199118
210869
317621
200391
200093
241181
199873
200378
228080
229273
209736
276122
219533
207819
259887
199036
203393
243973
201997
218400
227966
202576
249335
198330
229860
199474
199488
228251
242694
200548
228086
202297
200843
215163
200400
228198
200467
229315
249449
232242
228391
199643
199008
340619
199403
220264
245615
199287
229217
199435
200168
228066
214337
234114
244149
231849
243942
200401
201129
228525
201370
200784
227219
249232
233241
229397
204103
213519
211427
199039
242045
228428
219201
232604
201576
214721
199058
257644
204666
200858
236120
221479
201765
267632
352682
229370
231874
200448
244423
201232
199807
272487
206696
201437
234140
233714
229456
239520
209640
203191
236869
198905
1705336
225545
236805
200679
246876
217447
258437
201232
199836
231898
243666
229718
215137
213084
201656
260053
241273
204622
204733
356363
215477
203232
242742
200609
201754
221838
202616
205666
223280
217921
246502
198862
203035
229299
199943
229268
200139
200633
227748
229680
247576
209448
230096
201413
201944
245270
203270
229316
242966
200728
229576
200582
202402
240662
201024
216705
248018
266472
199905
229674
335789
199413
201692
228384
199581
265022
241109
199338
212775
272564
224313
272126
209354
233216
274731
199570
228436
228076
201567
242653
199873
228649
198462
199235
275645
199798
232382
215296
201963
245600
199956
220328
201430
200157
263764
218931
231921
227064
200769
219130
203531
214610
274905
209885
201073
225748
227250
242962
200869
201602
227964
215622
232584
215243
200487
228872
200868
200911
229846
202025
218323
215447
203976
228325
201685
200652
229318
200908
248698
199612
200967
227168
200683
214516
215308
203367
213495
233781
235283
198844
202251
347403
232635
198839
240710
199460
200434
214917
199499
239495
199192
228832
214429
219082
200320
205517
202247
199773
230896
202934
201271
200071
200739
241373
211791
226352
208026
219832
216034
211911
200649
271254
233591
220654
199276
199153
227518
219336
212084
199635
227940
198602
326925
218863
226180
205243
226355
198411
201728
213468
215182
198961
225950
244068
204184
227511
201098
219538
227739
200830
228092
233558
234460
256471
223033
210416
234465
207218
207239
227726
200549
256525
199835
226240
216520
207732
203226
216845
212475
227007
223247
199875
225026
202644
199234
242504
200549
201502
226224
232834
227878
232818
226716
225955
209631
217845
222952
226924
201901
244182
208797
220025
220431
201405
228125
213882
223539
201881
210410
207861
214032
289386
199490
219773
247854
208911
217549
227084
277134
207513
227975
370886
202387
202269
227348
200042
226578
221053
201612
227222
200114
231651
200392
200477
242762
244428
231539
245451
214096
241779
201844
243660
200211
236350
200864
245118
201360
206522
228990
200112
214711
226888
213633
227705
198977
198774
241499
218527
292313
230427
229532
199333
294229
256024
200623
256226
215803
213167
229111
200573
267562
215779
215448
208986
232056
216806
202444
203386
229143
200664
231548
199771
199951
228767
241430
228898
222885
249148
229023
242121
200853
200283
241356
230236
217246
213797
248747
256941
243497
227271
198423
212758
211443
199540
237086
231833
228480
242120
201133
214914
214965
233272
229548
199932
199695
247846
230841
220529
216135
209219
209062
207518
206073
251560
206809
242909
201380
233203
200868
201613
230808
203789
233997
274805
202909
273321
202648
203415
258424
246940
227274
198534
244176
332653
199141
214630
253225
199725
232976
231162
228452
229569
202898
237823
218105
243304
215277
216918
232075
253608
226751
199602
215844
199207
234587
259572
198916
234509
214781
237647
243730
200154
200661
226263
249926
230540
213520
200678
228365
199530
251134
199944
200728
258324
393515
228974
224606
199176
218186
220880
213477
229762
229676
219793
202181
202344
230577
215899
202010
215338
200442
280065
200004
200596
228342
200437
200271
225903
199379
230321
213111
201763
242503
201572
231219
201007
199032
227501
199767
241884
215644
269337
241065
203966
226731
226202
199900
226284
259725
199657
247327
214510
199955
404857
210381
216330
245242
210271
204739
199794
216310
260963
237873
205544
205299
206643
199503
204654
229996
199034
199880
244551
217147
212246
207055
211003
219784
248360
209443
209548
208764
207885
208937
209358
211445
207894
210920
211391
199962
201696
203937
201574
201634
205721
207237
205743
206726
209502
224173
216349
208374
208368
213313
208515
207254
210331
212874
221457
212898
212871
207854
206691
211632
223262
213995
215499
211332
212756
206964
212973
270256
236854
281200
202400
202058
204517
201385
200977
203339
240016
213889
199429
242277
244501
226805
229418
211835
257976
247322
236454
201950
233424
245298
243885
208191
200807
246236
218812
201875
228418
257676
211218
218890
199662
208940
240212
200858
227772
235995
228152
220126
242565
210171
200444
226622
199029
200676
253225
198916
212280
226054
206753
205424
214797
227341
213371
255352
210525
231777
221686
213854
273765
200818
212450
268227
228899
201142
229355
201898
204329
227670
223834
247228
210455
208508
205540
237159
218310
219551
233381
232192
218333
231832
217794
226282
232821
205421
246076
238423
211504
236894
217018
250833
202419
249157
203434
221221
269992
242390
242269
215938
213990
208356
250406
198978
218371
257708
207080
239329
207793
242960
229956
227640
212300
271785
209062
201049
241522
200801
242529
258141
228223
216395
229040
210053
213007
220625
200608
217063
223299
199138
228008
200577
228741
240996
360312
216476
226748
201490
203145
214486
242135
233494
213945
227306
200882
202212
268849
200596
212623
228232
215968
210041
234405
245858
237044
212314
235192
200163
206646
218779
265876
198649
201099
243055
198906
239433
271396
215399
202261
227960
213415
202393
232684
224321
289422
245569
220755
241791
211371
209907
211166
228130
236368
242209
198856
228536
225441
201716
253868
198944
208938
208975
198865
242246
202645
204193
205890
203378
200629
205779
202733
230375
199902
216004
206144
218220
245805
210907
210078
211633
244199
211828
199106
242527
264449
237954
218283
198812
228179
199737
227644
226397
225780
209135
207658
210338
241670
249563
270184
253508
210290
243633
208372
248316
229126
212741
228000
200175
233009
240514
201586
287609
229579
209981
210148
201933
235715
209190
209635
227430
214480
216619
213381
267887
243331
217184
200288
226527
209947
226683
221460
214920
265380
199618
255594
223807
244154
