1253495
1292450
1285423
1351150
1339378
1226217
1240984
1217973
1111383
1201036
1050860
393342
396928
392800
389956
383220
372820
359740
356006
442098
388625
441852
383792
401025
390584
408934
390302
385643
355843
385041
373914
369840
372473
384348
766252
378728
368637
378461
423281
403205
385002
390354
382728
431801
399757
355997
358488
373485
367065
441324
418981
417527
413914
393532
371107
369937
380401
311763
336722
403697
298832
318287
289399
298176
289519
308768
291209
313181
291215
288033
287548
386569
337093
290975
332373
307639
290558
399230
302775
364713
300736
300675
320623
300880
301060
293434
330089
339303
292772
324524
290787
353444
289577
303883
325972
289154
334548
289703
317776
329146
283067
379661
300693
283095
290925
359077
353565
468271
304407
298762
320804
322730
315199
326693
289545
288416
319540
287913
350549
324701
289312
314223
289906
286231
393812
335755
291668
321740
298819
355298
297998
374402
323883
287861
312298
306837
320448
356158
313212
291282
357803
298599
297269
306708
349122
331569
287353
302057
328469
363214
339054
325102
337445
336231
325823
281745
481600
296242
299194
346060
318131
328750
385189
289251
288910
289447
303583
326353
290229
344621
289706
289729
289701
290391
289016
321115
448294
373392
304873
298112
315313
310317
299726
293996
289290
317760
335936
282453
275507
276598
272916
292975
333159
331892
298293
272807
276221
289978
309477
307537
279966
274822
277246
299202
341028
294250
283130
368312
299988
267503
325842
345945
415719
321909
287032
387606
283190
311241
309305
265175
363049
279830
274904
281423
315243
274331
281159
316803
278125
274325
273713
351174
372829
330680
338158
285762
272770
273989
402390
284733
325545
330222
348154
353445
273018
278045
278782
274071
273304
278762
312244
355192
328621
278610
310614
320475
275029
273981
274224
273934
310521
274893
287956
382641
276514
298458
289337
273547
394850
385565
272536
284822
306124
388557
288378
274790
272610
272303
303435
300843
301631
286233
305136
281313
276131
306077
313142
420760
465937
352774
288414
308884
314575
296234
286262
274945
328109
280433
287434
282300
280627
365960
273953
280386
332734
312607
273861
308710
392305
308309
273258
274445
276657
310301
316088
273302
276234
274433
314896
273609
280843
294771
303740
375231
307908
292127
301528
311159
342210
377423
272464
277173
290325
278393
292049
280396
277345
267076
279766
293040
418192
489233
268341
265841
293409
320867
374736
324143
306525
302034
284783
425817
289326
317299
272289
275436
275460
293677
306407
319228
344056
317562
274132
272581
273071
275380
275495
321593
272380
272336
274032
277633
273689
278499
272964
312643
309162
277370
410413
284095
273736
300241
295711
274528
313048
326951
352305
320562
301775
310871
276442
273955
305075
393560
346931
273179
274061
310274
301083
308756
272923
278821
308398
340447
275327
278448
275303
468104
344087
309252
309335
399073
296837
360410
288396
283805
276060
272405
341328
307486
296456
295112
286679
302929
275923
279522
276716
316901
277634
276681
273395
386837
283396
282079
281482
273582
275604
272899
272326
309846
287978
290688
284541
273393
308096
311287
400021
335953
300719
311181
291296
307006
330839
307540
290901
346347
332290
276107
277879
299190
403940
307328
287568
291674
304488
276831
314000
275422
325656
286534
286960
285615
284068
281466
281362
289799
285165
291511
289408
287994
289185
283506
284290
289845
290711
300375
323996
306397
291011
275128
349558
289307
291537
289686
287108
356601
301652
287032
288707
375582
273485
267138
315223
266395
266365
332020
367571
363316
271670
272542
399957
309320
319962
267332
268157
266130
269742
265133
290068
266240
268106
281018
423784
317865
276481
272258
348423
340474
405391
344377
341646
337764
351132
298917
310397
289525
285449
296063
302884
300180
446452
265855
287793
274203
465405
272367
272824
290721
274957
283432
277633
311776
307586
276914
273727
277542
290062
310418
274155
277034
274421
319859
305757
277591
274318
273100
332724
322464
361449
313669
305426
285142
272320
276442
309735
307009
273432
488199
287103
319858
327126
346028
273236
272549
274119
300567
344753
352400
3345706
297133
356408
316562
297302
300163
326666
284400
288461
299487
278960
300504
315039
276629
276595
287706
351878
363848
271796
272804
330958
319316
310179
276393
276226
317869
273637
278272
308588
356335
331575
274026
307227
436933
320205
314267
279498
286549
292208
285922
335701
312608
309233
363443
277492
276712
287052
346473
310930
277667
273797
305623
305466
292755
303376
287414
392943
386318
297910
286721
292549
394004
281913
319486
327346
328956
274325
276727
275220
309595
274802
272031
402439
327841
275574
274074
343972
272671
276197
274107
312218
308831
276331
274466
347481
366421
305709
273588
275215
279904
306083
324840
275420
309433
357660
297128
279740
325416
301116
286856
273945
317252
318784
371150
277803
272864
322362
309368
337782
314723
273840
276492
308092
310888
274215
282386
274599
276757
274097
276797
363310
281451
273695
307915
338123
275602
273570
311330
275427
453337
286055
281785
293947
293454
346771
275968
282736
309174
304166
273619
280363
312692
308831
313401
286443
275479
313656
306516
309222
275591
274484
274552
313696
323910
301376
303357
339098
267857
266181
353455
351378
266715
270125
267526
337897
320308
373150
269675
268176
333559
310847
313873
275213
282936
308543
312613
276014
284292
346762
318161
298344
301833
325808
278699
302497
296877
283288
297523
281834
283227
323557
276641
274126
281624
272274
308219
313026
273731
299685
276203
272922
274935
290293
444832
298442
283862
292905
272028
272093
311038
280137
273732
273971
272506
273746
305138
291853
280468
283076
405803
293969
272532
272840
324506
323107
308863
279145
308931
313719
366389
316551
266594
267836
347357
320717
286509
281975
352326
317604
322609
283448
280719
280453
280054
279764
279409
288507
288291
288136
285774
284162
285419
284206
282138
286510
281031
280827
284644
280725
280353
280291
279397
281591
279235
280835
281732
280902
280359
280295
281570
289241
283046
280930
280915
283412
282185
280089
281295
284994
287360
287288
280967
279753
284521
279653
281016
279833
280746
287676
280520
280660
279804
281188
281600
286902
281421
280427
281752
282093
283048
392553
280289
280265
424166
317720
296969
287086
287836
273064
321130
365115
346600
313298
287748
319523
430873
314637
297747
283554
273497
368926
309720
310455
279252
332043
280906
275371
289114
294842
302339
298814
300980
278591
328729
276421
275127
276040
302878
429948
316951
312549
305581
281401
313242
321975
365444
323994
347312
274810
273853
306363
315554
273946
273451
349714
283593
282806
272118
310461
266735
268497
266634
264801
341031
300371
284653
348744
367864
278505
290485
298249
283132
297646
320187
312333
273853
311527
302303
277389
279282
277346
294572
294472
308782
274780
275529
307711
276578
272783
315892
274277
351813
326635
330875
302808
328991
274157
309811
276973
273446
304628
302274
285806
325098
303610
275814
319450
285813
288560
321628
364903
479015
309535
310591
313163
287934
318515
348845
321510
277859
334571
277903
277308
294278
422883
326370
321348
332114
299372
294462
312253
304672
305610
290879
306987
279729
284191
302896
331896
314843
345579
343684
300314
286946
318195
340467
287717
301955
287267
285502
288366
287730
292114
315143
285890
285129
287963
284811
320814
286189
287319
289855
314368
329552
295347
321878
336633
291015
306020
337826
387339
280094
293241
278335
323448
303314
279190
360747
329979
280349
280109
278937
305645
386927
406316
296390
315173
303327
294427
314116
324969
291170
289556
289214
378597
294571
316299
312898
300921
321799
355774
346301
286810
301560
286246
313024
286454
285429
322538
287117
285503
286327
286745
322988
286582
285888
434053
321256
294021
295155
328037
349644
287236
373742
296264
279028
335247
285720
305695
336455
425559
279853
280343
292025
356493
312702
288282
292246
286519
286537
319683
374565
296441
291261
317647
285736
284528
301224
286550
331527
291074
328511
290810
289311
290129
286805
314156
328434
378880
306608
289635
286713
316209
287533
287595
284603
321238
286034
286114
353560
443879
295710
294572
304867
306452
331140
317338
279115
344509
356098
287748
327583
287234
279766
280500
279309
291519
286650
350843
286895
322504
286193
288095
320495
293042
285511
317418
287017
287519
287242
290305
286350
331214
318264
2308367
320779
293771
293348
290002
276619
290859
277289
291965
286216
292256
288342
289396
286665
288434
285455
293932
295695
311458
335325
294387
304752
293823
275368
304911
273148
273261
277184
271441
274100
265372
266463
264495
266132
295699
281354
266253
310132
315591
312164
274628
334636
265044
292223
264769
293969
265444
359828
306657
293541
265194
265818
269351
265874
270044
265477
293764
274323
331328
274740
338409
297593
284922
325649
296466
315762
281900
308626
281903
330899
338560
273250
273616
314426
299657
320005
301264
337270
279775
273476
291455
286415
328845
298697
273031
307714
323406
321199
293050
276939
266400
288083
309972
309437
274357
276505
340892
308084
335988
393847
273736
275882
273718
306928
287542
275574
278259
278224
274074
273460
272708
273181
415628
321283
273495
278611
278630
274130
392318
309446
324262
418719
284751
292374
291118
281399
281290
314631
297576
289214
279100
327670
289765
297292
289254
497378
280280
278974
294270
290728
300336
274017
309437
313313
274608
273305
273907
306876
301655
274800
297608
310212
379838
275018
273414
277361
302648
391583
300292
358823
298327
293961
283593
279465
273920
275708
276636
282794
309031
275363
299289
279326
333272
319766
272429
273545
273647
272562
273854
272961
305578
356250
392998
294746
279759
287403
299797
343053
307391
396441
305826
292719
322535
276136
302238
275281
363669
300196
300547
292348
272470
275187
275110
273730
273741
274212
274116
273934
274896
347352
306082
333433
273860
273952
330420
275699
274709
299866
331446
340886
277705
373267
315681
297894
340784
307837
308222
306230
304075
308330
267053
347147
334936
294770
282378
267226
321173
318858
306972
273268
274333
366896
310363
288659
285099
346115
285075
279453
272449
323429
358191
303321
305215
366545
278203
276767
276505
273346
277003
274024
300103
280664
290709
299337
315576
274560
313403
310590
310053
275034
274790
273328
310609
279938
274602
273039
308474
333561
272799
331839
274224
317849
298708
285969
360662
273403
305890
299666
288959
279940
306777
300777
302502
273095
275215
273309
364819
347792
273724
300463
274514
274771
452089
345250
296575
291926
302049
289640
306599
299472
321554
306306
311749
309347
349525
280749
323143
290477
368670
309797
273647
305155
308352
384265
289699
287692
273957
310507
272893
273313
273997
309721
309588
275238
307473
421962
294861
284546
273255
274951
329500
298654
296848
281119
280190
397032
272807
274397
326467
311739
271539
271325
271847
372583
272238
273443
274058
308542
302761
493320
336704
281434
307108
272066
309361
310573
307205
310257
366474
273809
301093
274937
332889
275583
304838
327881
274118
273344
338912
339742
274588
275179
312838
309393
329035
276754
278982
308404
309135
272537
274038
1593674
302678
301285
308198
301708
272900
273768
327385
309752
273887
307573
345519
308343
301177
273481
277648
306657
395096
280881
282621
275580
277484
310503
344653
280718
273885
325948
302037
274125
274659
276945
339372
321680
441235
322186
296813
282703
288632
301387
299273
273350
327133
335950
279037
325741
297216
274277
274969
274291
275825
274645
287245
278194
311825
345990
272089
273309
302666
272514
277028
273955
311575
273917
274202
304043
310254
310221
274311
275925
298272
309123
273966
274222
274288
304932
332124
336185
291201
326043
301707
383854
278835
280638
310364
272243
274096
272931
273959
273870
274639
273125
279599
280092
511996
286447
281395
274471
277559
353757
302439
289678
332786
273370
315363
325385
298135
313776
325186
276128
276745
274439
272176
272097
276279
275373
272451
272757
272733
301994
371830
274434
303258
329982
309782
273246
274031
273744
308752
310618
307370
273591
316696
364711
300554
273177
277578
375875
289467
368434
274766
319676
273095
274027
307857
273956
272386
273348
274854
300974
285085
311470
316744
277791
273574
298593
317253
305919
306536
272702
294024
319205
280525
281106
292278
273169
275563
274839
435721
309166
301726
325442
336352
302707
293126
300983
302717
292570
330037
319677
299720
271893
292632
273748
331060
335840
274949
274029
274897
340605
309876
274314
273458
273247
310424
275457
367346
288751
310385
416760
282676
289224
322139
296185
312665
273125
273907
307121
307611
273747
273868
309644
308096
273779
275678
292831
310020
307592
308033
301802
267883
461184
341418
319833
412650
333754
295139
286407
345218
296140
279208
336148
308918
330476
283262
335168
282303
276035
277241
276717
306239
271543
274697
299575
395036
302895
285154
299403
324732
272584
273342
273276
408878
324042
274594
324145
319535
297295
272904
323184
332087
391457
323621
280797
353405
277075
275568
272937
274921
274177
303617
274916
273528
275690
273656
274986
274332
273969
279794
275149
276319
274357
275190
275745
274112
274933
367738
297612
284281
291809
272429
286860
279299
341720
272255
340733
280064
318422
289501
305687
275327
330169
395031
266427
292141
268185
390181
369820
370726
359811
288931
293341
360775
273577
279856
275252
333320
307204
426442
303418
322841
302144
322458
317244
274408
317128
273811
273545
300458
322088
285820
284392
339391
307080
273759
271413
337431
274162
273287
309623
303047
274903
330323
308305
451350
346920
321890
346662
283614
317748
290269
326232
381953
280271
305400
351187
288048
273199
310458
273003
291804
329393
272353
305268
476771
289697
280864
304156
279129
279469
273265
332070
273467
273629
307990
273760
273807
273513
309177
275337
287741
376880
349171
301993
303250
318536
283676
273326
300955
300249
403766
287463
273738
272343
279317
277437
274842
273974
272979
336878
322779
273141
274011
333478
381262
286105
275960
291200
291874
275554
274175
357077
350236
294579
309563
293516
278948
273454
273014
392446
275435
273489
272055
275401
273578
307717
273209
273530
274270
325689
276940
276504
273087
309899
308508
273570
274029
274819
395447
273384
272916
274960
335839
358041
285655
316442
344723
272826
273427
273093
307434
300025
274497
279039
332351
308205
273112
300904
272580
301974
303752
273108
273156
309637
307563
352160
284694
317960
324438
289271
281961
277306
274742
288343
295361
334125
316570
427102
282658
280642
283328
272160
307645
273901
302968
307143
272191
376093
301630
289263
276991
374673
328271
301598
271854
300435
287376
308990
309231
274324
273401
307301
308593
273618
319078
317477
294207
279577
358523
323145
272316
355050
303105
273004
304090
302482
300772
273842
286117
358197
273935
273588
275023
367120
307307
273011
274399
451768
329604
284813
284459
293146
296144
412127
309015
355262
288399
309951
299460
290468
272391
291931
272644
273587
397990
280171
291498
332499
273154
307247
272242
272769
308257
273537
274137
308365
313835
304306
304145
274343
333438
306827
276627
274336
310363
310837
306227
332099
406284
283710
293844
323239
329847
272722
273098
309581
280037
277834
280434
274032
272538
341516
306077
273363
272973
308559
309177
305634
275310
274155
384879
332020
291345
333283
347368
273208
317426
323380
275752
280621
279064
315154
283703
315046
320332
340777
284866
323865
308520
334107
272732
277777
342850
327296
334664
277044
307115
315945
273595
483184
285050
313903
356080
308882
271925
309819
310162
329054
303027
332345
341483
273214
298396
301323
272847
273124
302030
310325
306441
274631
274627
310591
308393
276368
274388
286803
272825
272653
273067
337104
380906
288926
310553
305978
303218
295860
274184
273795
295262
335266
280088
280052
279316
380756
278410
278524
288713
331851
321244
280706
273246
306178
272853
299456
274627
300928
273610
273338
277753
278158
274840
277248
273542
322251
272121
274677
328349
308876
314618
275624
325066
306789
286855
274297
334958
296930
283955
272225
314062
311150
273167
274860
274879
303257
308954
274783
323315
522481
336966
274297
276519
273730
309968
408598
371346
274414
308224
281953
299019
302523
344795
334548
291476
279856
279355
298691
300470
300639
285990
275362
307493
384279
271237
325763
287480
300964
273122
273732
274262
308928
311230
274785
273508
287077
307971
323337
274032
274689
307077
334466
272782
302460
286388
285699
425635
368873
271886
271747
302102
299348
273125
425486
295126
291314
301711
274386
277274
302762
367096
307288
275315
326753
327409
279559
469862
591101
293373
300781
335468
287954
290496
286836
289229
293914
281685
280815
283378
280028
279849
282080
279200
279922
281927
281883
281236
280795
281967
281052
281255
281057
280630
280404
290665
280347
280821
280245
282146
378450
280831
281585
282168
282139
281035
289808
292040
286028
280566
332643
281092
282563
285029
279336
280216
289880
283946
280528
283829
281669
279929
280355
280322
286983
284112
281624
279683
286083
281390
280538
280010
285842
280801
281259
282968
281613
281767
288353
281347
286784
279965
280425
280777
281195
284243
286396
284109
286603
283053
273711
274493
278767
333755
315971
276775
274651
273386
273165
274916
275082
305296
279671
280122
277059
277706
401833
273253
274027
276632
303103
293567
274589
335153
280070
283414
284736
273724
309743
367169
266977
266537
345283
267551
266425
327319
329008
336665
267862
293291
341827
320550
282025
351346
382109
364414
280437
280592
280510
287817
339538
282263
277471
281066
330070
278909
290843
333171
315980
289518
274170
332670
272595
364462
288940
300914
301726
273447
273009
287225
306550
308668
309736
272693
307021
308342
274330
366039
469650
286740
289615
316964
323753
285123
288997
377449
299792
306762
302447
274669
274055
302125
306533
273740
311522
273940
331701
309422
274730
273499
274222
308487
319819
273435
277783
278379
290636
318132
344718
285691
294643
304473
326093
292998
312303
351011
334111
283405
288296
273457
272173
289369
276481
305078
282963
273634
273957
273556
274574
274159
275171
275280
274227
273690
308922
444445
273336
291581
331653
281597
295092
274040
274334
344017
303535
302431
302981
291657
359352
273784
287886
332594
293561
316940
278207
274164
275398
302787
273705
273450
273880
308482
273311
272601
308716
307234
297227
381101
347640
297349
415158
275067
274282
272663
273051
300412
281332
339661
342746
348230
298967
336269
288829
293723
273408
272063
313688
273373
272459
328516
295225
286830
292184
302818
299094
275104
273664
275718
306579
275853
335566
317039
312880
290615
303080
321755
306404
302242
427832
286509
312518
274155
370379
280747
272532
273899
275019
307904
300962
294324
312935
276663
273372
273168
275143
306735
302847
310774
375398
352722
295455
475949
339812
289325
273838
294134
353619
311914
307167
280625
284312
276656
289913
307592
275437
293523
315038
387486
427476
280483
285108
274774
272320
273553
273548
328654
272979
307747
273191
274566
273846
319048
299687
272711
385324
398282
327097
283295
347049
273164
304121
272892
273663
307173
306546
309142
275180
273609
311807
309886
307200
300761
274225
310983
282559
343548
374359
393918
299258
369618
292220
272427
274005
323037
310427
324312
281688
327734
278858
310613
346648
284165
278766
322018
278375
273201
272062
273736
272233
273604
274944
272603
273948
306051
301856
299933
273445
304404
273111
272902
274731
274744
274843
273810
275785
623968
278512
279367
528021
271915
271680
273187
273063
273249
273139
273843
273200
275854
298077
266930
265751
293877
356929
267452
295356
308190
326293
302129
421787
405280
511368
292221
330814
280118
313641
315790
360026
285692
305191
277611
272956
274449
276101
301341
276468
462564
280771
286634
286953
387082
287678
272938
272898
273047
273305
272973
273873
274990
273344
275426
273748
368265
274991
274168
300966
273987
401163
297587
328749
435963
272147
300192
328871
324924
301124
275759
272427
292426
310065
305325
273120
274029
275746
312177
306390
274755
277548
274424
309587
309877
299433
273257
469377
333603
324721
288072
301706
337835
278486
304031
288625
303661
280646
291360
280119
282531
309410
272385
287677
324453
339268
281257
327266
288521
279066
417691
271559
269656
268129
268948
268265
346340
412846
336100
265687
281980
312330
331156
307757
318599
274178
406979
273771
326706
308435
272979
273777
288001
308012
273110
273732
275273
307015
307991
276091
276186
301831
309025
300581
275523
276687
398287
523980
362696
306421
282143
291209
316256
321287
304879
285111
284157
276341
275743
272076
273608
273698
303933
272052
272914
275317
297132
274313
273730
311001
309586
277707
274432
335659
303692
274873
276153
330677
309011
313745
332876
297727
280353
305051
386509
359759
273312
301304
273116
298221
297868
273386
275122
273175
307109
309317
310273
274328
275319
338755
307957
273699
273549
306938
310688
310391
281156
277798
378865
475754
340282
282760
286190
302179
301847
315387
282424
293155
331909
275702
282642
281526
276743
382968
269067
280505
336142
266653
306453
463400
322590
344293
266798
301261
274989
273785
273151
306619
308368
403022
309396
273918
301691
274511
363669
398101
288635
284721
358943
273828
275779
298057
273983
274496
392451
283420
296852
285824
274752
307358
308206
274842
274792
326226
322697
280154
294887
327170
307330
311594
438994
292561
287149
319127
309758
306117
279913
289098
333110
273878
334513
296588
373966
313533
284200
333420
318259
301002
274034
326930
323051
326291
308225
304078
274716
274010
301907
310849
425849
273611
274041
273300
360000
275655
360588
314838
327785
367464
273222
273846
305442
279927
280634
272920
274582
273601
274763
329238
363959
280406
296590
293135
291178
316172
274654
272802
335232
274259
367195
322418
293602
297628
328299
300296
280288
280738
279226
369054
304295
277060
323124
299597
300731
299925
275059
308108
274045
274667
274027
302411
327080
274681
304565
273327
308560
312108
302540
273370
274580
344518
273949
273884
275316
274741
306252
385931
386295
302364
418827
273756
301594
274693
274016
412322
287135
323455
278207
273210
274674
272410
273354
301379
344273
272790
273625
308799
273540
272692
275952
365184
360083
294251
299584
274985
301767
346294
279096
324601
270338
287933
322882
335173
287835
283750
318255
371298
267753
349668
279144
295125
266915
402834
309433
282794
292840
275674
272768
275171
273174
306868
277705
366262
274792
275974
309549
308558
515306
361847
274245
579396
288056
287565
279234
272358
300613
307653
272189
272655
272666
306662
338023
272906
312305
273167
308126
307562
275646
273900
304159
307999
414664
478735
291537
374783
284908
305802
300478
298133
305869
283375
315859
303002
344877
279940
277830
302619
294062
284257
288847
283141
309132
300899
339171
275271
426553
280744
311494
307419
364075
273335
275452
287069
310595
308650
306171
330513
346745
282341
317566
286973
298211
432673
291554
284456
315235
298072
273280
338559
278024
273287
301035
324747
348599
283698
272689
286913
311968
273493
272594
276385
350650
300748
472664
318133
304039
274881
294959
300433
316039
274029
304827
274967
301852
301010
273111
274415
275429
328929
331046
300375
274103
274006
274965
301524
302280
332456
274403
276120
275056
301420
300598
304350
303949
293742
299442
301537
302035
284418
362291
282292
331377
299834
299878
302415
287297
286011
301688
309036
298922
299896
274303
316008
300751
302835
272759
303585
272760
276081
272316
271898
274103
271061
452026
279438
281229
281433
310667
284343
283835
283444
301202
331064
346395
318458
307059
288587
285561
297998
274723
333025
350846
327619
281381
295246
287200
304024
332692
275937
292663
369550
288108
286953
295520
287875
286266
287704
290084
288553
294939
287212
411968
290255
282569
351430
285081
285453
1252985
336395
265164
399405
265505
432880
295444
291695
309046
321262
282622
292542
327707
274811
287934
314160
912243
364663
286858
320790
289619
280536
279639
319535
299494
287667
288214
306514
272299
306273
306885
331843
275424
315669
323716
318944
296699
282197
281217
287356
288690
287573
297951
283422
294853
300902
280997
279756
283386
283385
296851
281726
286756
293478
286669
286001
282982
282179
302467
285066
288063
284575
284929
282261
283175
280413
281199
284204
288451
282930
284915
281777
280778
283195
285782
280303
281211
281421
280365
285239
305106
301616
283415
281089
280854
281219
285047
299662
287371
287579
306198
292198
287233
287334
283893
283158
282043
285605
279525
280955
281490
280191
281942
289804
286938
286613
285054
287606
285048
281185
282688
282545
280699
285949
289630
283685
287516
282454
282305
281247
288029
279702
280218
283074
284005
280150
282577
280645
285542
281521
281685
280353
282352
281724
280429
282646
281856
282260
284967
282124
280320
283817
282239
280937
286378
281934
304730
286123
293400
289786
317707
281073
282819
289060
292369
286717
293416
282114
289489
282543
283972
280676
284330
281896
283420
280139
283179
281268
279864
281778
281686
284819
279693
281361
289098
279178
280274
289798
302117
331547
317521
272505
324529
318203
309103
372147
273506
304763
398864
295310
285229
272832
318917
300104
300785
273574
273954
316173
300700
289514
288618
273767
289275
300597
302372
273900
275100
306472
274297
408923
961255
277570
298346
304070
288524
281501
278731
306854
290185
297258
285640
317180
288284
286682
315378
299812
300748
270668
315958
278203
343962
316264
288332
308287
346136
397129
275858
279286
305848
316716
325862
288931
328498
279816
354842
355238
277041
301045
389851
314734
294806
274648
306646
334537
288898
274594
274496
286332
304914
301628
273416
301707
280733
283754
302438
304504
303107
303297
389016
333240
329075
324577
345216
281924
298091
314619
302757
303876
327731
319072
291305
288430
287184
288490
289432
276810
327617
306326
274642
272543
310601
307989
310004
273315
325210
303143
323241
308044
343858
274302
306059
321325
273453
274563
335868
309815
293491
299594
285668
313853
272243
276880
278969
277028
273729
274823
288728
271535
391597
282703
285059
297678
276485
274335
342216
311533
273588
309775
306831
331640
275119
273958
332502
286086
281469
293398
288603
316023
324169
320726
272292
335164
276467
277321
274349
272533
272461
271378
271975
272578
300414
307547
306212
273865
308089
359073
273263
327733
323217
308958
273933
274521
275303
307879
306543
274447
274248
358177
374864
274571
373806
280754
293722
465803
289095
288948
289962
294936
275170
272611
297277
308009
380237
312219
279789
272931
272220
326928
272719
309456
273802
315534
379474
296289
283039
276416
337910
278610
308061
308627
330552
317744
281626
317916
333400
306442
273849
272578
299521
272945
273010
311690
273902
272384
277006
273906
277421
331159
280068
277104
290441
273362
274020
273796
316652
274016
274015
273306
306313
397801
367627
290986
383896
309164
274036
274116
311313
323265
289173
273254
272793
305502
277088
328970
301500
304980
300239
293226
274773
277040
309269
307980
275651
273803
460555
330089
348913
274329
279951
301096
317443
290131
278761
288548
275593
325287
300005
288633
293233
286249
314208
364269
273356
274280
312784
309034
310981
343142
304101
329874
274338
273996
274703
273825
327483
307672
273661
418277
281499
299047
307212
372600
358285
284670
328398
327332
327827
273266
272152
288364
333490
299666
293333
273570
273529
277353
305475
310438
273063
274139
277843
273864
274190
277504
279756
312188
307421
409555
318885
278664
274044
302945
279635
277998
278072
328426
291716
290150
305524
330229
297289
307471
410827
340031
272450
332051
273735
273392
344405
291688
384457
272651
275481
320959
292953
285076
274441
273085
274416
277323
275997
301157
319759
319929
272848
273694
317843
287573
272568
359871
273311
272231
272861
275938
307472
300848
305882
311840
307491
309160
274609
276639
274771
309714
310061
273876
302065
404059
363809
290954
305083
311625
366077
308009
285185
309684
326603
291591
289453
272543
273565
274850
275971
306241
308554
274069
273939
300299
273235
273472
405546
283419
280087
272583
296153
334830
310592
298026
286671
287892
273708
315445
336860
300881
417520
312309
296086
352142
298488
301567
274372
275694
300762
333629
273910
272604
389335
365245
305667
273011
297318
301093
274569
289054
273808
310678
275083
302705
401934
301889
305653
352841
282937
304908
290524
279901
293837
325124
279706
301222
309728
318926
328698
1413202
392795
286531
310028
284789
283849
276852
307545
273773
274228
276239
273656
274689
274714
273676
510216
272719
273283
274750
279066
423349
320881
303390
343269
316032
274885
402916
286105
300393
286521
273592
277193
272416
273975
276239
308931
307435
313828
273664
278684
275038
277345
274325
309521
307707
453177
351727
276166
287983
286931
313890
290749
284421
329171
295246
288761
289883
350815
303150
276125
440871
285904
284488
281479
314913
322082
304970
276053
273678
273567
319706
299631
295898
297573
273619
275228
372369
274306
333693
308221
305547
358526
274073
326443
344099
299598
273279
275715
321048
307457
356019
273794
273559
307991
307558
288525
273417
303803
308326
310235
428555
284424
282754
273865
333315
308957
414528
307501
273897
274445
319732
303973
307658
273809
274861
301187
326200
284985
281426
281113
275687
304699
299429
274917
273902
303772
308663
307470
307353
274264
274115
306700
300880
273962
328782
305152
307942
308251
307834
277570
306179
276159
334872
307099
279660
275586
276629
272687
310536
309419
306895
277054
274269
273662
306890
295378
277188
274358
274052
375042
307477
302606
273079
307857
307079
306591
274355
274991
275216
301232
402450
283695
455362
320819
277980
318199
277957
346447
278666
288297
333483
310974
306542
314149
284671
281860
327381
272774
274111
333275
300540
272729
273426
286928
487572
306598
301273
275208
273835
273708
276115
332183
306672
273139
426340
348732
289625
393284
330112
299730
290318
282921
283692
301513
298126
303518
273224
274178
274815
274121
275365
302528
325364
281196
273923
299933
284027
296871
301212
385087
363133
277155
273457
273973
293473
274744
290400
281276
313145
284518
324033
276924
275418
272637
310632
275151
274396
265982
335167
319824
267083
313744
278762
337885
311104
274322
416710
273051
365820
280692
301761
274346
273742
274411
275282
318458
307158
344802
323951
326313
299930
285472
284760
298623
274876
274127
274890
274153
375338
282092
283197
292196
274792
275407
273922
273745
275584
274959
274954
278202
274836
375114
361801
313083
300543
301049
264988
355729
331359
313198
322070
332801
279951
333661
304488
319447
380907
314070
307063
281241
276787
272849
1372835
323237
272708
391360
327530
273689
308206
302077
274338
274348
311165
358538
344469
273252
288970
376742
274198
272761
405782
288954
273336
300869
305856
273622
273683
287156
300935
295129
275448
277642
305351
272776
273147
389498
281307
297774
309766
274293
275165
459225
294692
287574
307542
339186
310390
319261
307477
356705
303404
275415
279336
306851
317554
291275
342686
273229
272604
312002
309155
275929
275055
274236
312052
310666
274426
273361
309215
301747
307407
291081
274547
306272
274698
334790
304772
329375
358229
333661
272197
273785
275104
272502
305794
280221
310136
302117
304172
273916
273655
302094
300702
296466
312495
296666
321305
299207
273454
300438
335217
419622
327508
289334
291115
275938
288961
311120
282007
280012
309886
303407
280946
285521
280929
279826
288243
280663
280602
279635
281234
283385
283711
281019
285425
281475
287826
286497
281793
285517
283708
281635
288820
279659
280593
287067
283091
285668
281272
280850
286462
281318
301607
303077
300570
274276
287382
290862
335211
272823
272642
286837
307583
308823
274286
274385
311155
311559
309737
273065
272742
309502
309147
301588
274577
278612
408464
318735
313178
322113
285604
389136
290113
285614
302281
292597
345062
276936
274483
289238
301648
359544
286589
295138
312262
362333
329715
274164
275416
309953
313703
273960
272848
308238
308079
314798
274314
273636
318559
310954
359669
280434
308591
414517
287936
285218
325932
278041
306577
303387
273606
273297
275188
308121
326180
279663
276049
276590
311682
329286
296533
307753
273765
326830
302603
277479
279551
273103
276121
271955
379523
392825
284880
288252
302803
280674
281393
288948
311627
305628
293446
301655
299997
308157
272871
302498
356839
282960
281415
272805
318613
329171
340754
273876
273109
310406
396916
280904
282277
273197
274134
337287
309828
274401
334054
322507
365293
296140
315634
345608
314399
271653
287378
298043
307738
272865
274517
288093
307837
335334
274395
275181
275124
310276
294209
365077
307846
301941
308066
414825
373274
290605
298009
354102
281257
294824
319468
280414
278123
298194
272104
275386
275546
273241
271881
276362
306664
273444
273417
272508
309551
359359
405266
271907
288320
310408
350874
274062
273333
388558
311479
327267
286676
311389
307495
384912
286866
309719
300708
275915
276990
336988
295871
273904
327066
325505
274602
272582
274172
274951
275130
274352
309427
308760
273909
274277
311774
331225
301848
335085
324414
304824
397232
282187
277280
321169
307997
307959
335110
299468
276519
274619
272654
272624
281276
304139
273812
272206
371413
281583
275525
274274
300319
303585
274036
274089
306345
309224
301961
274598
274354
275330
335059
308358
310115
333928
304005
367136
305378
299319
358667
312877
273709
308020
368526
272714
311974
300220
363289
273439
275420
273512
308086
310337
274863
333971
329931
272449
274257
273683
274887
272262
439521
355878
274989
314741
405617
297882
289842
279920
314377
326343
277305
273214
274512
415597
276016
400743
308413
272285
273255
272130
302256
299277
327973
275254
307634
277808
279338
273578
275998
312945
300697
275033
340438
303010
307799
275918
334135
362789
305703
287593
375008
327986
272973
274812
307638
353029
274285
318996
279364
311459
308148
278111
274134
276024
354968
306831
273687
276113
302701
500503
284517
289426
510340
354683
324539
358991
280826
290101
335134
318465
305248
284996
338960
290823
287338
276106
311928
461044
279631
280241
276692
274149
308276
310237
273362
301228
337395
333951
283667
273076
311411
359019
272755
274035
304002
273911
274309
273974
328849
392148
288553
310910
324551
284638
283027
300675
318273
276529
272995
273803
342871
273717
277744
273600
311791
274369
273473
273405
277658
272986
274756
274735
316160
278942
277645
274891
327445
363376
346103
319253
325713
299075
280041
284404
310018
285681
292234
276476
302650
274515
303941
378884
303578
272394
337715
318615
308230
273015
274533
291235
337508
301179
272832
274140
309600
310411
273856
273849
274256
317103
301731
274065
335693
278793
328115
360565
273990
273375
272961
275503
275436
275539
275501
274617
274599
274355
272959
274205
273096
276692
275745
275029
274188
343393
297130
294840
267415
268137
409278
1723806
301505
328456
295923
282676
280424
290588
281607
274358
275283
278277
343026
381489
500760
286296
287762
319432
345802
266863
335305
333514
327784
276731
266940
483282
326683
289175
314747
299780
273650
299739
273754
291513
304049
285057
316830
285941
274052
301437
278335
278697
280096
274769
362215
337367
327507
272786
276873
274415
345643
274174
272968
302960
272822
273461
308141
329270
327264
352005
299272
273499
273462
299261
307975
323456
273626
274126
301617
274595
273353
275236
310410
273627
274056
274492
274181
275203
274117
331026
275652
287686
273538
309374
308632
274069
274623
272560
274539
366439
274550
304910
338651
275335
301991
273848
343134
272799
273617
273239
273981
274280
475093
281542
301169
273999
278924
278048
302884
302953
293899
307089
275476
308661
294598
274153
311902
281533
293545
273229
300127
300314
326117
347310
402682
288974
323398
339045
290007
290479
326462
292854
293107
276390
283106
279059
283319
277718
272572
329840
273090
350447
333044
267816
318756
324247
286085
266856
309893
399896
320546
267016
268074
372181
322856
362943
267791
348741
387453
299206
323835
275402
329517
298445
303027
301146
273238
274043
273706
307419
309830
304982
378701
283477
292252
274673
330212
285199
295494
301190
273736
308090
286552
356777
293130
287495
288346
307210
309712
297696
282794
325326
366756
280574
276095
274924
278565
301563
278382
388691
299494
304909
272813
274361
272943
272157
272544
272591
301523
287214
436751
299744
295862
276628
289665
330796
278417
382999
354469
318333
282187
291294
299977
330985
317688
289560
279387
340661
303168
325295
311772
271075
275338
299105
297896
366232
290910
304151
323988
304875
301162
292962
366799
330062
340737
315309
304534
290968
303832
299509
297464
281701
286023
283955
285662
286844
298431
349589
314595
321042
357064
284799
292674
313383
315146
274566
309897
314695
322668
288268
309200
296588
284210
316972
276481
292792
295946
287877
330427
302224
291403
282444
292302
349630
284193
282723
319617
310825
363104
303880
300363
1399626
277923
307357
348260
318601
317449
274855
320469
286687
288674
288288
326917
296857
288708
277756
292878
299169
286184
323499
281878
288304
279386
302485
298559
284951
294543
288003
318179
313920
334332
302450
301945
282087
342519
352028
311734
320829
305501
306852
346396
304142
320116
329880
279157
274661
324328
293838
365860
296803
291508
291338
295111
307084
304684
318701
273226
286313
284063
351487
294777
329159
291093
285166
292647
322243
293601
293078
315057
287323
276798
291247
372573
294780
282896
288141
333411
287443
295062
296703
308960
322120
281461
278698
272596
276586
278517
279335
342817
307500
305837
332503
348460
279334
330461
340622
352492
273890
275723
313140
295543
279770
291977
319402
279661
320086
280004
326033
304874
304704
297878
311211
290129
288916
297335
291649
312447
290640
274550
321710
275739
353862
275084
308996
302457
302947
388943
278219
287974
291000
347802
287448
300896
301808
290183
294808
299566
304817
290664
287443
291568
285224
285252
285797
282150
288725
286080
285904
303631
292999
293459
298750
299923
292398
293546
309182
286832
285556
289218
287288
292593
296329
284893
292821
287996
290944
299440
287543
283635
300145
314609
307229
289802
284618
301649
294140
349904
309128
307916
296277
289022
292807
298396
302793
287313
283760
296300
288207
291119
294350
284976
288101
292969
300869
323909
303364
288154
286427
301742
319189
329917
339080
297067
294722
294253
295938
299552
294930
295133
293683
289924
290541
282210
287194
282961
287413
288683
290022
284884
289088
287697
289169
288504
286403
288697
290617
294719
296338
295537
292992
289188
287782
285190
286900
287672
292083
289103
290971
291119
294953
309494
294777
297032
288009
285139
286591
284629
282411
300119
287819
289463
289279
288332
284963
284964
287192
297796
300867
292339
283401
280021
280971
282398
301379
303221
293052
310747
299219
308995
293858
295383
294445
310806
289920
299797
290517
291362
296008
292025
318842
295131
288082
290246
297646
285439
2438074
277544
272565
278003
272541
288041
311813
301151
288141
329971
322416
292867
281090
282745
276089
276742
285862
289889
322291
306794
321085
280653
316810
300039
322728
291397
298357
421281
333005
283443
302838
288534
273357
289110
366262
333368
320910
291207
318183
306783
301538
283521
300866
302150
293413
1093426
290006
293575
291196
294140
390379
311999
285769
278159
351695
307843
277592
370194
287110
300537
292543
285082
362696
280475
283134
312382
308467
334934
467611
317171
337103
280698
294779
361736
317973
279069
317992
362395
331102
274405
306446
319543
287654
285424
295251
293539
340362
301573
284385
292047
329244
274886
277903
276056
382973
303789
291998
289436
308426
278908
284659
286182
281147
315657
292977
325809
304132
275855
277428
278686
316766
299060
321651
276464
287553
279043
288670
274499
279782
302155
309466
288631
298617
291178
288550
284365
291510
296840
335879
288814
296578
321715
302043
293935
291107
299413
290297
288965
283008
302356
282644
284709
281885
299439
298322
280206
274496
277504
278104
332036
279151
314077
296766
278704
280127
277861
342658
301505
306285
291127
295872
322409
312925
296589
294549
295031
306792
286845
358840
303256
287535
295244
295554
310608
321481
294104
275056
279170
274955
277494
274585
330960
274313
275967
273634
277387
276472
275813
279913
291110
291574
279072
279729
318991
329295
290551
304525
288168
281770
276256
275408
275972
280331
278697
277803
276972
275709
315064
277174
282443
274463
329238
272874
277478
274435
276334
279756
285593
297407
277054
328079
314046
305252
314750
304820
295005
318083
292501
310348
410451
307530
279347
276523
324926
277283
278179
303628
332223
267673
265315
332133
266377
269137
359851
270714
265010
339574
266808
340159
265991
335729
266014
334726
281662
358821
372670
302232
287116
308438
276716
305351
302739
307990
273399
273258
330394
273457
272271
272910
273158
391189
276525
273360
308444
274430
272480
308172
272460
275648
286417
338008
319726
281904
277304
322888
302308
311044
342050
301758
279240
281335
277275
275906
274236
302664
266640
266652
277593
345340
282620
279634
272419
325382
273392
271950
311993
272703
272446
307728
272721
273267
271586
308711
310341
306448
275236
371083
356822
300906
272978
288177
272695
273275
273898
273357
272305
273319
273833
323738
307998
381182
273622
271404
274294
272499
271268
274581
273426
293640
273730
273019
301271
420103
326895
308365
271778
272867
352921
272443
271670
274890
280327
272994
273883
272070
305106
396555
334043
281698
334906
265819
325672
291830
264289
294874
269244
337095
266214
291599
265400
267885
339781
277246
333034
410471
297559
366800
319210
333209
267715
266003
332656
334357
264766
310178
264972
361943
267055
323896
265053
280207
266589
265140
320603
353120
265513
360889
332566
265758
305003
310506
276489
268715
291594
479060
451095
295895
294574
296348
329190
325119
301237
327999
352666
280179
300925
315264
322059
274307
346751
293613
266012
304978
267703
283428
269449
292909
267940
308469
265400
536582
291216
273853
313289
360018
362445
266543
314108
271092
365184
334491
273473
276465
440261
276736
328125
311161
276814
272974
304838
272465
271841
273590
293189
308578
273494
273458
272291
274279
271673
307792
274894
276072
311200
276514
312812
437200
389256
330603
293480
292674
279041
278737
287934
290066
4535553
289031
286986
293937
285551
288276
289825
287018
299001
287315
265071
266427
265586
265728
267287
266223
266354
269598
335951
360768
316493
298164
306434
303263
309034
279874
280759
280809
280564
280554
280338
286300
280073
280635
279442
279223
280688
284993
279828
280370
279956
279126
280922
281378
467548
312229
284331
288679
283100
284450
286258
289719
286839
288885
284805
289083
280764
282772
284871
281634
280507
284900
274880
297763
369488
301780
278399
277740
275782
299236
310101
264795
426554
266979
268646
327467
273103
283896
273032
279775
310169
455510
286239
338475
279273
272385
275761
308182
317657
273890
280942
276089
313226
309506
276452
277030
278110
310361
288192
280285
479979
284366
283172
287013
321549
305983
271684
287585
320683
293395
301315
313241
302385
287462
300732
291754
294796
288498
289127
334461
291736
284922
291848
280984
283842
280608
283720
287133
289451
280731
284938
280569
288358
281969
289806
282159
287124
282024
284620
323827
285365
281874
285050
281638
291810
283796
296135
285181
286358
284018
284300
280578
288940
280383
285834
279344
285043
286472
289611
332076
319503
284245
284454
279038
283846
279545
284473
287364
288340
284956
292202
280569
284692
281510
295575
309215
296749
285264
295333
294354
343601
286828
288388
285467
287293
284700
285670
280131
285118
278176
283937
278922
288286
281446
289209
280698
284602
283800
285087
283455
330816
284372
284545
282102
284537
282110
291385
283596
286736
282513
291891
288795
290323
282777
285192
283190
289996
279881
290932
279953
330598
284883
287377
280718
293046
282077
286343
281921
284067
287734
292403
281239
290938
281938
305669
328186
298902
276932
277946
348273
301089
343556
273519
315709
286095
289882
286419
343396
280318
305660
272942
313832
276654
315079
350615
293575
275770
458123
300566
301548
300524
280003
273382
320198
306667
313397
275124
276528
312359
289137
278794
279788
275474
365523
309694
309506
295080
410588
337174
283374
284447
293804
355723
274084
273202
272804
310059
313043
275762
277481
275332
315015
308557
296265
274946
276467
272758
321207
273823
318310
308294
294427
308692
305577
275786
286583
308848
304020
334193
341233
277370
273492
273848
277004
310822
276547
421189
305859
290201
283176
274152
301468
310952
278982
275305
312880
308030
277744
275063
310387
303707
317600
274094
472217
286011
330092
303564
327298
302738
318297
273098
375237
310092
273266
273025
273091
276367
277631
273559
329434
274513
326292
273600
272872
276317
275224
311752
311275
275879
303766
274534
420251
526186
297599
325033
316244
294186
288512
282605
280724
282105
280439
289487
294914
286892
288681
287830
282899
280406
282751
287422
280996
282822
278590
280511
283087
280951
282599
286011
285472
280310
287892
283958
281100
281594
280736
290647
280386
281781
340161
286675
282052
279943
331369
286550
280990
281256
281378
282389
283674
281087
283895
285307
281259
284581
281919
281920
279688
280898
282296
284363
282998
279643
282006
282175
283807
283453
393583
284796
299323
300747
293326
305640
292798
286701
293997
281727
283253
294428
285365
281220
284706
282243
280403
281278
285259
283803
282361
281586
281457
281396
285757
288633
282792
280867
282668
281139
281663
283562
281463
387008
286209
285556
281690
283960
281794
288243
284329
282925
332729
279872
281866
282336
314663
287318
344262
323456
311957
267650
273878
276048
274347
273903
305285
310304
308388
275433
277666
448585
275150
275746
275553
308601
410384
292639
295737
311220
354650
309117
283003
285639
325824
285532
281668
282377
277623
272149
303330
272163
328112
279241
296350
290319
273296
274277
327779
274785
273595
273435
291779
318141
310245
275195
366261
274666
309231
303634
351542
273440
465590
294473
346327
391047
285162
274168
310508
271938
274675
273743
316404
273296
301426
307724
308733
317984
274215
275714
274617
274374
274094
274667
308481
310263
276022
383996
390038
387024
296894
342613
289393
283857
284899
313860
297515
273212
306563
274117
513107
289624
350370
315854
274413
334715
328196
273652
273538
308425
345743
274293
303837
300387
322520
275228
275674
275052
400927
303332
308162
288206
307101
390979
336224
288004
287592
301815
302496
274156
1343831
300212
272612
368220
301085
274818
331866
309090
273501
273337
275151
308884
308983
273640
274984
273400
309492
455581
339847
419034
322946
287696
302641
297365
294321
335342
290894
304710
307947
333295
351062
287394
341566
286668
280791
272421
293629
293934
382677
266411
300112
266942
322811
345214
281321
302744
281327
410318
313847
308537
302455
274561
394643
323318
300704
273135
375601
272747
310327
307458
273159
273621
274232
307948
307495
273608
278926
278583
277550
278990
272509
310220
311722
273532
273290
308444
309672
274034
273782
438378
346428
313463
318663
304472
299095
285252
383614
319232
285985
308831
278329
335732
269559
352943
304709
264980
293562
330839
297441
295700
294651
337184
374546
266452
266604
271574
324718
366494
412815
266943
266234
301272
348364
456704
320819
297619
366859
328694
280015
322758
273202
273485
289631
301865
318196
315424
273743
309480
276853
340106
273420
273343
273878
273295
309335
305611
274331
274123
275635
288869
308060
303541
322956
281168
292458
308129
273151
302615
287076
297791
306850
274861
274732
311026
335304
274627
274947
306523
310315
310759
274506
275359
307355
289472
281470
308409
302251
306454
273233
273635
398900
306832
328969
273714
273957
328617
273908
275336
275479
274591
273438
274516
275955
274159
274533
275689
305672
280423
275028
274093
273940
274508
275312
274082
276071
536697
296606
286221
276264
274294
381488
287190
373180
284925
350419
329106
294118
300535
317182
288554
291310
272977
272812
274980
276293
268650
296880
267751
315702
309393
284886
267220
326161
362008
266833
361018
280455
371815
320868
266776
293375
336867
330325
308876
306100
277059
273801
323988
402216
372737
272611
299462
273231
307870
305616
272405
274628
323417
307514
378118
278585
272668
301780
301280
396075
303626
283127
280394
273955
338022
305775
438020
278402
494131
350280
286250
288971
321993
285783
279244
306968
283698
312736
363089
308768
277111
289728
395068
346226
301441
273686
341156
306020
273018
274629
310599
305716
328397
274043
318642
301260
300668
310394
311842
273999
274788
439670
314622
308719
278929
305143
272971
326742
298728
273324
272899
309544
306960
291726
274344
341524
299577
273371
349650
334869
323794
287968
273627
296547
307633
306752
273975
278063
273656
466241
308096
277935
303251
417095
293410
290341
290121
313944
299397
301228
284339
287455
272882
330686
286351
277617
273489
300649
329254
273942
331985
282021
305023
274587
274824
310133
493183
390457
280735
272924
279388
274989
418215
389004
309178
379831
300946
276840
275396
367071
301827
316488
304004
273327
277868
287255
356526
330846
286795
284366
374384
283204
284470
281153
279584
279936
279529
397984
282085
350011
300884
332765
341276
290554
290407
321849
277391
278479
275985
282424
279359
276620
302916
309998
279610
293200
297558
305292
277943
350689
325033
368207
378777
285346
273626
333670
326422
339351
274843
274012
274441
334113
368815
331577
273488
313664
289971
317283
280288
284643
282551
287375
311788
304991
299760
273440
315451
300788
327131
275338
297511
311794
309854
295759
278029
276184
309410
307588
273666
440303
272790
350954
326826
298089
290942
318079
315263
299736
272951
274804
275951
279630
311186
385796
289274
343715
303024
338272
275345
321856
288919
297741
274294
337475
283532
309291
389286
302915
332469
482458
350916
378062
287577
321201
313635
310152
307515
296200
321833
288735
321212
318781
274028
284868
301361
296461
310194
307476
306163
286710
281206
333131
272428
305317
274340
272724
310958
336360
331617
332256
322752
291967
306245
296516
318257
296597
309431
290749
292102
300458
327884
412430
277230
288910
326095
396635
298505
274081
272720
328241
317344
272725
317168
350930
309670
308545
405121
394416
291521
311744
308970
356941
274979
357620
290241
336752
379684
273733
304681
326701
273264
274352
273354
308551
312390
273360
275884
274452
273271
273758
275281
274013
376696
292967
326851
322033
389729
356390
475630
314836
285124
285091
297789
292143
343049
284882
323781
292778
283013
325573
289491
273019
334299
309484
315294
334109
318182
282694
275882
276109
334262
386900
354206
315990
328833
319567
279261
289838
276641
326332
273526
323428
332013
408172
386294
272554
328071
273726
304258
273758
277388
274603
307047
304379
274487
273786
274358
274271
273717
274694
308838
302936
307933
274504
274644
278566
389857
274244
305870
274528
274359
274298
411828
395550
325179
305598
289088
289130
298609
300446
285195
286809
291587
304885
354542
267071
279399
277999
401105
295010
302802
307648
331658
292469
265992
294699
302084
321891
314742
367554
267290
279540
380468
372028
412157
290405
328489
266683
373352
310526
273172
274389
308956
300476
273292
274998
309539
307820
273082
273788
274304
310667
311878
274390
328630
338902
282081
275609
281573
422461
334164
310891
412227
348203
335200
282593
284974
285028
291393
271863
310713
276719
302932
272687
411660
290117
294334
294740
279650
325680
288343
316504
274738
360158
335314
294450
301022
273832
276373
273554
368328
274495
419924
318208
275527
273206
368276
274687
273065
493217
273892
274392
273550
274065
275136
273681
274203
278368
275789
273716
274760
275039
277672
1385141
277743
272609
274081
272790
274538
274850
416167
305122
273091
274418
274354
310800
273246
274927
274649
276898
443975
298777
282464
279662
302235
315436
272481
267408
321915
330492
291800
307979
276752
276168
381869
298358
283614
305931
267276
282963
309653
281631
281045
267577
301212
311937
314484
283433
265943
267467
272312
309241
346521
266414
266385
266245
517309
286754
283234
277310
275855
297133
316297
322804
282087
279384
313668
294130
271043
308315
297138
294058
307250
350741
498424
355821
290708
321462
277193
274035
346849
301153
348176
275346
287880
297835
299388
338553
295840
292682
299243
304430
303385
282636
278391
344962
334474
352016
291096
312584
276334
309259
427700
306035
275963
297531
412861
339744
290055
288249
373354
366813
296128
278763
300800
321312
314781
292185
275746
306734
307384
325640
406423
267767
323754
294487
268806
297867
400223
285860
279267
283491
445292
401721
371465
298131
285754
312622
295983
303353
320584
319421
274709
281873
307627
279745
304253
296925
325691
264409
313468
460042
329856
285494
284896
268606
286288
291579
406855
265627
320164
410566
333602
285285
285691
307452
454041
348004
300159
301789
294887
351879
305530
273509
272936
307077
303446
274264
273305
341477
329252
310689
433161
286011
293548
343268
272930
273171
307019
307315
278548
285642
387170
306381
289535
304427
348158
323459
286093
300872
279981
297307
319739
329466
278912
285645
285998
288768
339590
273897
283332
302113
290358
326772
316203
274731
275414
306088
367681
274499
274549
309811
312152
308309
274335
330468
303967
291841
305191
272734
421159
274944
310769
306761
273876
275008
307805
304540
274304
294041
307975
294771
437803
280091
301376
278362
275202
277625
274888
315002
275774
323836
273563
273161
363749
332168
289657
297897
290805
290492
287449
281320
283609
290472
282797
282490
281609
283050
280915
282116
280690
281190
280714
280303
281198
286431
284589
280615
282102
280597
280992
293116
280570
280753
281300
279330
279303
284027
279814
280158
283264
287303
283090
282073
294138
280650
279604
287091
281443
280658
280615
281625
290051
283967
280265
284531
280965
281036
280381
282634
281098
282069
285291
285872
283863
281400
282166
281793
280121
285612
328760
287516
297185
306684
298593
287983
288847
282449
284853
287715
294108
279700
283756
280534
281950
281450
280225
284383
281439
280102
281225
281117
281361
283782
283159
289939
286806
287015
280002
283299
280323
280349
282471
290480
280778
280156
283244
282575
285811
280803
280107
291398
281892
282268
287635
281010
280635
279957
283851
286302
282143
290273
291075
282620
279184
283773
280279
281435
283134
281651
281015
281207
280258
290455
330865
307570
351322
288497
296069
290354
340592
287016
301870
293555
287177
276851
313896
305360
317562
272420
295482
273236
308433
316347
272049
276486
276680
300616
312322
274189
274065
307613
274512
335411
274186
275152
303616
303396
273804
306286
277243
335783
374083
301980
281336
280193
315113
337151
281615
283866
273616
274254
295813
272886
276457
304466
273358
274122
274464
444973
292021
301317
296873
272500
272743
278742
367736
273854
272864
301497
296439
317355
311035
313032
281701
337891
317949
282875
300359
311344
295478
272117
323142
273345
274034
300163
334080
275136
273424
274777
305606
273568
274428
305947
289548
274102
273810
312414
308904
442976
280288
280421
401335
284711
284399
326531
294873
284683
308502
273213
273211
308118
328325
274301
274913
274917
287427
326644
325154
272871
274473
275217
288171
275105
273909
306064
288732
273915
308870
328866
273544
351594
296188
298171
334774
286176
285850
287918
278691
309695
287202
276262
272935
300630
363241
280116
282364
297426
273541
274473
272656
274007
273509
273701
303129
305922
328846
436264
282109
281074
287773
274344
297285
280545
305084
278144
326708
321642
299916
301204
272608
286260
300543
349517
273932
274000
328034
305537
273225
274226
288702
334519
310601
274073
274939
338365
273134
274689
273439
310964
307550
275105
293982
332899
287224
272413
361320
317758
307062
402730
302895
284387
334654
274011
274629
386457
331208
333795
282903
276548
327077
295116
316600
299872
299916
281585
374763
317919
278751
266489
372910
340617
274447
275353
305166
329370
292504
314562
302900
327391
272698
360800
329983
299960
274617
273580
300449
315345
274879
273922
328257
302123
306102
274569
299820
311450
310760
330259
273481
275505
307884
274686
308309
286349
311138
324724
379661
308969
289540
385048
304729
307757
309454
323315
296429
273874
302995
277826
275841
273962
296224
305619
272821
274192
291277
273734
273423
273472
308045
308966
274793
277625
275764
300312
308380
331844
273563
302490
302244
360487
333063
277366
296067
341481
275688
274755
274663
309236
273546
271773
273212
273115
272090
272585
273176
306499
275038
273271
273374
272780
272996
271389
272089
292328
1240014
347502
297993
273976
287839
350773
311133
281436
282520
316634
291190
297293
292093
304539
303290
272419
305011
295613
312184
276282
303610
334766
316779
274158
276264
293998
289686
335085
329056
311656
330376
275747
312672
291853
293969
302873
273364
304500
294358
283245
280305
300924
309823
301441
300430
320966
292111
285660
294734
296511
303523
273136
305520
322039
317573
289269
274842
272792
332562
302289
300676
312430
284589
310238
310005
302393
292021
292025
281011
275346
278415
299667
322885
315516
338715
276301
275004
274776
315160
341154
315628
274742
274732
329822
302516
301585
320671
315300
276043
315708
299403
295687
275301
354822
297557
288930
291572
406042
339380
314197
335045
324056
319216
297585
290917
304675
302991
287315
273853
274256
320823
289160
276407
272513
302231
300314
302427
273195
273631
307479
285913
282838
280195
281071
273300
319495
310425
347373
304599
290786
328284
305674
306647
332398
310576
292793
305819
289308
329066
313766
323039
376906
337550
312810
276534
276333
335005
364037
322054
274394
369550
287109
274886
304583
306817
310580
274576
275100
306291
310515
313961
320124
411040
292063
286094
357088
273715
274041
273142
273724
273400
272288
275021
274471
274232
274438
273394
276035
276088
279720
276575
280291
274146
272033
272811
315759
329388
353077
322458
349787
265755
319057
412049
309109
311021
281410
325047
302456
332894
339598
330309
276037
277072
440012
306030
328347
273265
301038
302801
275084
274132
274912
319037
302932
333150
274092
301883
308962
310383
276940
309726
275116
333196
287443
289803
283361
345650
287346
293539
326459
271691
273698
273841
334368
310193
273400
273732
289148
301571
309115
274165
496964
286880
294276
274370
287814
274107
342321
334778
274443
417588
325616
304168
327585
295522
298553
283852
344567
274931
273532
276037
272573
317610
306646
307884
307946
273678
272755
273414
276575
272913
341148
309634
273488
274533
309204
312351
486804
280595
281554
343826
307803
279942
334781
308526
327750
310690
357700
271399
271162
273791
272829
275074
273502
273185
274754
273785
274324
275611
358568
306282
284223
273323
300565
307215
335166
274382
273038
326737
317893
310810
300370
287489
309187
420332
340274
353219
297227
326943
302294
286347
272957
273103
275510
294750
291335
273738
300209
271796
273074
274452
330480
272884
274297
274473
309366
276912
274632
344841
338420
356088
283794
285463
301121
309244
274266
273478
333161
371996
308065
292797
278620
347411
281923
279503
281840
300416
351540
296499
301355
274769
316275
307594
358779
320502
293657
302676
308970
357605
274020
272951
275416
274537
308938
334058
275390
305668
296181
345303
301083
291651
334972
289462
289550
277163
272605
274056
276728
272626
337409
273158
332565
355021
335304
266487
265556
333402
318397
309594
283986
323846
275009
268634
266325
311266
268934
277795
335092
379724
403890
343901
291696
318985
447640
301773
289058
299613
266266
295896
350309
330971
307146
281459
359204
340919
349776
505586
285142
282570
274645
302091
330260
274527
329054
274098
302638
533165
285238
279672
287364
309942
380255
278325
280107
295797
289714
276689
274928
345014
272286
275720
272329
274188
272798
275716
277011
272562
300733
274282
273055
273890
274027
275140
276594
273279
273454
310523
274053
445995
396110
317180
286747
349415
300843
312594
274620
273477
312939
308920
319258
275039
276889
314395
304629
273595
282400
329538
276874
275911
273565
274136
274542
309749
304120
274892
317667
331579
274174
313253
314885
361613
358890
293071
294162
286942
286039
358719
297989
300491
281614
378586
280905
273659
317083
273925
356067
274618
272681
273774
273595
307312
307662
308407
275030
273332
388426
352526
282258
280930
274974
339497
342084
314161
286938
342254
300000
354495
333485
274743
272235
308783
308052
313251
273950
276933
272431
318279
308453
277138
275167
277023
313585
321338
273834
278149
273783
313062
308055
305735
273898
314846
330820
310913
397055
295784
346353
282148
290565
281826
283632
281893
281647
281163
280174
280940
288415
281855
279927
283769
282845
281440
280133
280865
477984
287348
281032
275618
289938
306547
274107
277440
273501
319109
370377
390559
280958
288324
326450
278072
278422
277766
284340
272917
278372
308507
300135
272436
275921
274267
278058
355295
276805
274733
330046
277534
274123
314232
275278
274875
274618
328563
314425
306418
384999
380240
315248
294911
451443
291947
277711
272557
276219
272386
273981
316301
294938
275363
274063
310442
338640
273713
302100
284849
313262
326787
330502
302161
273656
309809
329880
309672
304790
273851
314924
311062
351742
283351
349309
309043
274283
363166
309632
1186345
287102
317057
273634
346373
317291
325684
300748
273218
301101
294389
309915
309604
276827
274218
305462
309637
274972
356862
273493
313452
312556
373411
346388
282031
323266
293077
354696
281854
284917
280092
293664
300153
371089
282361
316886
299407
273484
272955
351687
301092
311472
273779
339797
273672
271799
267877
298990
294296
295661
300379
322458
321391
332348
366472
438309
307764
273716
313054
268183
368660
326725
277752
273249
342220
455907
300057
281363
272917
277739
346977
344569
291766
276641
288748
305389
272716
273807
274447
275155
274652
308476
311141
423366
294351
291486
310379
296222
291932
346717
301506
324798
306724
289426
322584
311206
325842
342264
280977
283395
306827
341623
273970
276406
289094
366987
367424
273191
318247
273632
310793
311381
287556
273766
303298
383523
340803
286663
284213
291269
292759
343405
309949
283060
291125
309966
310271
309783
275447
274132
306246
302646
276848
300713
280200
290848
272982
274375
309624
306629
372937
305028
348490
307007
276328
273957
336840
284197
290897
275486
274342
276451
322569
312152
273396
278807
275345
351058
308141
278642
274394
314210
309910
317041
274361
309356
275572
308630
308625
278226
275382
274323
337567
306500
278532
274569
341140
302238
291763
275261
320164
290129
301341
273631
274477
302621
330478
274960
277419
306561
274240
274154
274135
308248
274433
273451
273596
315608
275336
278408
274087
314056
275196
280771
402639
285104
283763
292659
274126
308549
304111
313200
280263
410199
370095
297823
311572
309750
302843
313353
321239
310115
304393
266905
282525
407802
323408
272790
276031
280669
322283
275687
280375
323618
317345
273339
273694
333718
345332
406426
295234
301673
289491
277005
379459
310307
273589
274312
307760
307875
275019
273749
274355
309538
273930
273812
306959
301092
461698
329713
325147
305241
273954
277234
356037
304480
273399
322312
483935
389309
356702
298096
284730
274397
316787
275803
274141
277605
347507
277465
309289
299945
273268
276948
308460
311733
274814
285631
274361
340584
335595
272786
272204
290111
316424
326718
317367
274232
312773
329649
275469
272182
415160
276520
272396
310450
333732
276485
274331
288629
308531
326186
274916
277848
332269
358946
284668
279824
304907
274410
276698
308916
316204
274495
277807
276113
296090
299912
276497
307226
303488
280371
282814
402152
404183
281186
311558
311768
308935
310524
300519
319890
305351
319036
316393
284340
285197
301281
280159
277232
273336
274247
274994
321589
275964
340690
273846
276253
311443
308574
277432
302422
278953
374302
423441
284369
339138
310399
301224
283747
280153
356338
395955
280379
283796
273340
288749
300941
319455
274049
277212
273395
311153
309574
276184
273401
315347
306044
343441
272976
274451
366167
326363
298983
282052
295265
304392
275733
273874
282247
274876
321912
301458
316997
414423
301742
289350
287188
317464
310819
278266
274285
372015
310013
308149
274062
305000
287118
309311
313168
275491
303672
287972
397080
360024
354148
358769
316338
296931
326717
299047
273284
273178
272852
307237
272763
299990
313029
277869
273369
277434
300731
287943
320818
276887
309752
335263
306558
277053
303481
325256
307353
385316
370788
303210
330410
325234
361685
284324
303657
315203
296226
308028
292013
394473
280580
327047
307785
273625
273823
272784
310381
300105
274592
305510
365442
275007
326115
276774
278020
275713
273538
275398
338337
475470
291871
283023
279998
311600
299833
272721
285670
327697
309216
276815
273550
311483
303368
282539
273906
292520
308960
314481
273983
327234
273799
314217
308380
274772
274666
285957
324984
335421
277968
273757
341206
298108
369758
326990
312223
298347
306624
371071
272950
277662
271672
307767
297972
393649
283660
279472
271716
309216
308595
275298
274494
277459
275584
277706
277037
275076
373207
412104
281027
282199
387401
266404
391309
430574
307216
265534
346253
310512
299248
276144
280099
346819
413629
265497
278165
292357
299249
305576
275033
284044
312203
336917
301966
276281
274813
311506
309248
333091
276588
298050
305692
339033
286951
283744
343172
297392
290821
274940
273588
281700
375126
314899
303885
306125
272898
277750
272896
273136
273035
275581
273991
273004
264820
476558
278768
362042
276848
298480
293775
265822
269481
265369
271626
294018
298047
282006
288683
297064
323092
273661
304823
322684
368320
320782
306186
340536
274623
318740
288074
300974
286706
304005
278094
315795
314915
281491
292498
276356
304461
1274609
327506
303685
283731
285147
309949
292875
313092
312523
299880
286440
274475
278236
276562
313859
304327
321340
274275
367104
310156
278566
331009
328471
299840
296759
273716
305449
299889
329134
299756
307992
292042
295249
315199
324643
284754
281090
387640
279681
310442
280730
289062
316437
275224
274328
321650
303942
305296
304552
276676
309674
303611
318188
293488
278666
302406
304838
301237
310075
346982
294733
300432
317311
291210
275148
292404
305413
321475
282670
310153
312620
293551
302296
292275
367677
289282
294453
306215
294675
285376
296703
345508
353268
296627
273070
282272
339788
305470
287924
312328
333809
318073
323031
368602
380168
515979
310335
275969
306146
353719
359163
279218
266936
334876
333656
438097
272579
273508
335587
310060
308974
357726
334996
273375
309861
297183
273455
305206
274510
317285
305185
274023
284115
284465
338556
325071
324750
303588
275335
289543
282583
307216
369759
334843
314460
323002
294247
286033
328032
276997
277273
272721
351187
299740
281714
274123
313600
274445
286482
347540
311273
407753
273913
316174
334839
302711
276675
306480
327746
310942
290971
301776
334808
329774
279784
273216
276328
305480
311226
273199
283293
273639
310391
307702
312065
274142
281081
310031
310726
308986
278033
277952
309110
334180
349836
295565
282479
303625
292260
292203
303603
307531
304301
331395
290297
289740
278265
357909
286479
280307
286259
278696
328073
306935
294809
1215588
288129
307783
309436
373876
273094
274816
307732
333551
334544
382978
274135
276245
289262
299455
286402
274003
273625
299916
278262
274547
317256
310306
274722
378067
320393
341160
273810
277833
272796
278436
279137
274142
273881
276645
418398
299114
272697
310861
300142
545564
299947
289277
353472
327965
294935
308216
279801
303213
284008
341801
288101
289470
295185
310538
338046
279702
283148
292536
283167
280531
282547
282555
281567
282150
282426
382972
280555
281146
282799
289006
280885
340907
295216
281446
280908
287223
281375
281102
281688
285292
281355
282243
280908
281903
281692
281454
281179
280953
282803
282692
280943
281866
281424
280982
281303
280535
284635
285767
281299
281645
338781
282306
282782
360592
301328
291137
293664
290335
293625
286351
287488
283660
290932
284420
281408
285337
281827
279743
284716
283198
286570
285856
280064
280204
283188
280525
280656
281105
281080
280990
282568
383757
281857
287257
286542
287493
289092
350868
290115
281234
280650
281873
280792
280779
286930
282271
280514
280921
283244
281890
283691
283491
287597
280982
282195
281953
281514
281529
285520
273893
273870
273839
277934
276138
283958
310255
295053
267482
354687
412165
286893
294242
283656
274240
301595
304550
288556
274476
300947
307607
295602
293909
282412
338467
277219
274086
273425
276062
273156
331133
273394
274215
279064
278446
274069
273655
367029
274304
277955
274815
275184
294593
265618
280156
341832
333639
266984
266480
333460
319825
333022
300661
375905
309201
286460
293423
301559
294239
278369
283247
279091
276290
274040
273611
274556
540185
276525
414348
287272
314505
291306
308035
307650
385660
378963
324571
278616
279287
317221
316833
330017
435744
312487
335397
272364
301435
276077
400477
272754
299401
318445
310549
295457
295694
274499
273683
373366
272441
272893
303921
308118
289195
435165
288236
273952
273699
272220
299117
279229
275577
331846
274593
307572
273879
309823
307781
275001
273736
333699
333641
291075
389470
292679
280729
465119
285474
283558
306267
281540
311850
277586
360897
277705
273184
271990
271414
272723
279550
337364
309903
297671
273816
274331
290370
330953
320334
275676
278763
479923
283690
280298
274098
304900
311459
366579
274377
273806
317592
315572
286229
406331
375691
284481
272193
288544
290853
298089
273778
277452
340985
279090
273279
274376
272930
300484
302725
310263
289029
370378
282564
281896
292321
296261
273490
273937
312950
300527
300369
275247
303990
407931
293481
291863
302093
347179
371639
342340
310691
414316
284399
300295
305496
283902
350656
318112
309445
272700
273309
310118
312280
273724
273476
443864
317594
275201
274124
301755
302780
307316
274070
275166
409365
295746
282615
353748
295825
274822
273027
276433
273389
274117
274535
273861
327866
384165
336538
280618
293973
298855
285803
272487
272434
273428
275948
274985
273327
274050
419913
273279
301533
274114
293925
279672
278123
290033
334894
301094
300707
304955
310818
291671
349548
298584
290548
324622
280516
328587
328318
294061
268322
373384
335555
284038
472336
290578
287845
274099
398000
329271
342043
299548
443330
371351
283171
302079
321017
272725
273299
273086
386693
308855
280370
315162
274608
306911
308038
300732
273406
317376
308994
308010
275321
274417
336451
273317
298022
273872
454418
312209
344649
274829
423209
350117
287905
323850
389122
283432
283587
283600
