229.279549 10.577454 1.330243 1 0.007913 111.869392
230.438029 10.586084 1.333563 1 0.008138 113.123553
231.596509 10.594713 1.336891 1 0.007913 112.986738
232.754989 10.603343 1.340228 1 0.008138 114.240899
233.913469 10.611973 1.343574 1 0.007913 114.104084
235.071949 10.620603 1.346927 1 0.008138 115.358246
239.943090 15.181743 1.732671 -1 0.008830 122.385536
241.155750 15.241438 1.737015 -1 0.008830 122.242288
242.368410 15.301133 1.741370 -1 0.008830 123.555138
243.581070 15.360828 1.745736 -1 0.008830 123.411890
244.793729 15.420523 1.750113 -1 0.008830 124.724740
353.834155 12.683437 1.251923 1 0.016924 163.628726
355.699874 12.619167 1.255188 1 0.017441 165.690217
357.565593 12.554897 1.258461 1 0.016924 165.465244
359.431312 12.490627 1.261744 1 0.017441 167.526734
361.297031 12.426357 1.265034 1 0.016924 167.301761
363.162750 12.362087 1.268333 1 0.017441 169.363252
374.165002 18.528002 2.465765 -1 0.018497 181.569034
376.140791 18.465004 2.472158 -1 0.018497 181.330835
380.092371 18.339007 2.484994 -1 0.018497 183.275701
382.068161 18.276008 2.491438 -1 0.017965 183.037549
384.043951 18.213010 2.497898 -1 0.018497 185.220566
492.024129 0.325958 1.111817 1 0.031876 216.171347
494.829550 -0.038452 1.114945 1 0.033004 219.146502
497.634972 -0.402862 1.118082 1 0.031876 218.877157
500.440393 -0.767272 1.121228 1 0.031876 218.483710
503.245814 -1.131681 1.124383 1 0.031876 221.582967
506.051235 -1.496091 1.127546 1 0.031876 221.189520
514.290602 6.061569 1.443494 -1 0.034152 234.040485
517.224547 5.716178 1.447569 -1 0.034152 233.631856
520.158493 5.370786 1.451657 -1 0.034152 236.870256
523.092438 5.025395 1.455756 -1 0.034152 236.461627
528.960329 4.334612 1.463988 -1 0.034152 239.291398
