-100.000000 -100.000000 229.000000 0.270346 -0.119028 0.409028
-100.000000 -100.000000 329.000000 -0.752160 -0.393105 -0.343163
-100.000000 -100.000000 429.000000 -0.340531 -0.381548 0.114682
-100.000000 -100.000000 529.000000 0.000711 0.013236 0.016002
-100.000000 0.000000 229.000000 0.003971 -0.000023 -0.010089
-100.000000 0.000000 329.000000 -0.000000 -1.934435 -0.000000
-100.000000 0.000000 429.000000 -0.000000 -0.889082 -0.000000
-100.000000 0.000000 529.000000 0.000000 -0.019242 -0.000000
-100.000000 100.000000 229.000000 -0.268346 -0.128415 -0.414669
-100.000000 100.000000 329.000000 0.752159 -0.393105 0.343163
-100.000000 100.000000 429.000000 0.340531 -0.381548 -0.114681
-100.000000 100.000000 529.000000 -0.000711 0.013236 -0.016002
0.000000 -100.000000 229.000000 -0.023980 0.026114 -0.109228
0.000000 -100.000000 329.000000 -0.354936 -0.606756 -0.254076
0.000000 -100.000000 429.000000 -0.646783 -1.232484 -0.709570
0.000000 -100.000000 529.000000 0.025757 0.039522 -0.028335
0.000000 0.000000 229.000000 -0.008025 -0.038523 -0.007900
0.000000 0.000000 329.000000 -0.001222 -0.618378 -0.001552
0.000000 0.000000 429.000000 -0.000000 -0.394434 -0.000000
0.000000 0.000000 529.000000 0.000000 -0.049514 -0.000000
0.000000 100.000000 229.000000 0.016589 0.018755 0.108227
0.000000 100.000000 329.000000 0.353222 -0.608330 0.252567
0.000000 100.000000 429.000000 0.646780 -1.232480 0.709573
0.000000 100.000000 529.000000 -0.025757 0.039522 0.028335
100.000000 -100.000000 229.000000 0.032342 0.070479 0.042808
100.000000 -100.000000 329.000000 -0.448238 -0.515765 0.043650
100.000000 -100.000000 429.000000 -0.247117 -0.215946 -0.253570
100.000000 -100.000000 529.000000 -0.006533 0.008820 -0.052828
100.000000 0.000000 229.000000 -0.001502 -0.047721 0.002646
100.000000 0.000000 329.000000 -0.000865 -0.241666 0.000055
100.000000 0.000000 429.000000 -0.000000 -0.183975 -0.000000
100.000000 0.000000 529.000000 -0.000000 -0.042802 -0.000000
100.000000 100.000000 229.000000 -0.033555 0.070696 -0.039246
100.000000 100.000000 329.000000 0.447027 -0.516190 -0.043369
100.000000 100.000000 429.000000 0.247117 -0.215945 0.253570
100.000000 100.000000 529.000000 0.006533 0.008820 0.052828
