-100.000000 -100.000000 229.000000 0.270346 -0.119028 0.409028
-100.000000 -100.000000 279.000000 -0.885218 -0.293580 -0.114522
-100.000000 -100.000000 329.000000 -0.752160 -0.393105 -0.343163
-100.000000 -100.000000 379.000000 -0.586389 -0.470872 -0.244256
-100.000000 -100.000000 429.000000 -0.340531 -0.381548 0.114682
-100.000000 -100.000000 479.000000 -0.034745 0.001402 0.127478
-100.000000 -100.000000 529.000000 0.000711 0.013236 0.016002
-100.000000 -50.000000 229.000000 0.027195 -0.015938 0.026639
-100.000000 -50.000000 279.000000 -0.799093 -0.495631 -0.324917
-100.000000 -50.000000 329.000000 -0.987364 -1.040880 -0.485341
-100.000000 -50.000000 379.000000 -0.667484 -1.035288 -0.298822
-100.000000 -50.000000 429.000000 -0.889041 -1.741878 -0.821739
-100.000000 -50.000000 479.000000 0.105716 0.147719 -0.130212
-100.000000 -50.000000 529.000000 0.013552 0.008967 -0.012671
-100.000000 0.000000 229.000000 0.003971 -0.000023 -0.010089
-100.000000 0.000000 279.000000 0.000974 -0.426979 -0.004509
-100.000000 0.000000 329.000000 -0.000000 -1.934435 -0.000000
-100.000000 0.000000 379.000000 -0.000000 -1.483821 -0.000000
-100.000000 0.000000 429.000000 -0.000000 -0.889082 -0.000000
-100.000000 0.000000 479.000000 0.000000 -0.163425 -0.000000
-100.000000 0.000000 529.000000 0.000000 -0.019242 -0.000000
-100.000000 50.000000 229.000000 -0.021447 -0.024646 -0.041500
-100.000000 50.000000 279.000000 0.800582 -0.498852 0.317567
-100.000000 50.000000 329.000000 0.987365 -1.040879 0.485341
-100.000000 50.000000 379.000000 0.667484 -1.035288 0.298822
-100.000000 50.000000 429.000000 0.889034 -1.741866 0.821751
-100.000000 50.000000 479.000000 -0.105716 0.147718 0.130213
-100.000000 50.000000 529.000000 -0.013552 0.008967 0.012671
-100.000000 100.000000 229.000000 -0.268346 -0.128415 -0.414669
-100.000000 100.000000 279.000000 0.885814 -0.297750 0.110550
-100.000000 100.000000 329.000000 0.752159 -0.393105 0.343163
-100.000000 100.000000 379.000000 0.586389 -0.470872 0.244256
-100.000000 100.000000 429.000000 0.340531 -0.381548 -0.114681
-100.000000 100.000000 479.000000 0.034745 0.001401 -0.127478
-100.000000 100.000000 529.000000 -0.000711 0.013236 -0.016002
-50.000000 -100.000000 229.000000 -0.107815 -0.069451 -0.023723
-50.000000 -100.000000 279.000000 -0.348794 -0.270713 -0.294447
-50.000000 -100.000000 329.000000 -0.464385 -0.524402 -0.273474
-50.000000 -100.000000 379.000000 -0.414439 -0.586247 -0.132523
-50.000000 -100.000000 429.000000 -0.392628 -0.687670 0.450767
-50.000000 -100.000000 479.000000 0.090491 0.185939 0.149053
-50.000000 -100.000000 529.000000 0.018333 0.033520 0.005041
-50.000000 -50.000000 229.000000 -0.009040 0.028192 -0.042535
-50.000000 -50.000000 279.000000 -0.032422 0.047077 -1.245103
-50.000000 -50.000000 329.000000 -0.477387 -0.968167 -0.199688
-50.000000 -50.000000 379.000000 -0.335476 -0.806194 -0.175939
-50.000000 -50.000000 429.000000 -0.243279 -0.624754 -0.481928
-50.000000 -50.000000 479.000000 0.039296 -0.012924 -0.230471
-50.000000 -50.000000 529.000000 0.016916 -0.000505 -0.036426
-50.000000 0.000000 229.000000 -0.001816 -0.011542 -0.013400
-50.000000 0.000000 279.000000 -0.001082 -0.458485 -0.004974
-50.000000 0.000000 329.000000 -0.000000 -1.034706 -0.000000
-50.000000 0.000000 379.000000 -0.000000 -0.878160 -0.000000
-50.000000 0.000000 429.000000 -0.000000 -0.563207 -0.000000
-50.000000 0.000000 479.000000 -0.000000 -0.180189 -0.000000
-50.000000 0.000000 529.000000 0.000000 -0.037777 -0.000000
-50.000000 50.000000 229.000000 0.005233 0.017148 0.023800
-50.000000 50.000000 279.000000 0.030360 0.043494 1.237219
-50.000000 50.000000 329.000000 0.477387 -0.968167 0.199687
-50.000000 50.000000 379.000000 0.335475 -0.806194 0.175939
-50.000000 50.000000 429.000000 0.243279 -0.624754 0.481927
-50.000000 50.000000 479.000000 -0.039295 -0.012925 0.230471
-50.000000 50.000000 529.000000 -0.016916 -0.000505 0.036426
-50.000000 100.000000 229.000000 0.104400 -0.080230 0.017921
-50.000000 100.000000 279.000000 0.347065 -0.275129 0.290569
-50.000000 100.000000 329.000000 0.464385 -0.524402 0.273474
-50.000000 100.000000 379.000000 0.414439 -0.586246 0.132523
-50.000000 100.000000 429.000000 0.392628 -0.687669 -0.450767
-50.000000 100.000000 479.000000 -0.090490 0.185936 -0.149055
-50.000000 100.000000 529.000000 -0.018333 0.033520 -0.005041
0.000000 -100.000000 229.000000 -0.023980 0.026114 -0.109228
0.000000 -100.000000 279.000000 -0.135755 -0.161066 -0.588318
0.000000 -100.000000 329.000000 -0.354936 -0.606756 -0.254076
0.000000 -100.000000 379.000000 -0.325071 -0.600219 -0.136853
0.000000 -100.000000 429.000000 -0.646783 -1.232484 -0.709570
0.000000 -100.000000 479.000000 0.133997 0.242972 -0.162708
0.000000 -100.000000 529.000000 0.025757 0.039522 -0.028335
0.000000 -50.000000 229.000000 0.022735 0.051604 0.024208
0.000000 -50.000000 279.000000 -0.061477 -0.189317 0.715636
0.000000 -50.000000 329.000000 -0.290845 -0.723745 0.019514
0.000000 -50.000000 379.000000 -0.209682 -0.601427 -0.121646
0.000000 -50.000000 429.000000 -0.131943 -0.409205 -0.269985
0.000000 -50.000000 479.000000 -0.002682 -0.092694 -0.181813
0.000000 -50.000000 529.000000 0.010434 -0.017553 -0.049786
0.000000 0.000000 229.000000 -0.008025 -0.038523 -0.007900
0.000000 0.000000 279.000000 -0.002836 -0.309689 -0.003180
0.000000 0.000000 329.000000 -0.001222 -0.618378 -0.001552
0.000000 0.000000 379.000000 -0.000000 -0.583778 -0.000000
0.000000 0.000000 429.000000 -0.000000 -0.394434 -0.000000
0.000000 0.000000 479.000000 -0.000000 -0.165962 -0.000000
0.000000 0.000000 529.000000 0.000000 -0.049514 -0.000000
0.000000 50.000000 229.000000 -0.035820 0.043359 -0.033907
0.000000 50.000000 279.000000 0.056515 -0.192085 -0.720436
0.000000 50.000000 329.000000 0.288616 -0.724866 -0.022110
0.000000 50.000000 379.000000 0.209681 -0.601427 0.121645
0.000000 50.000000 429.000000 0.131943 -0.409205 0.269984
0.000000 50.000000 479.000000 0.002682 -0.092694 0.181813
0.000000 50.000000 529.000000 -0.010434 -0.017553 0.049786
0.000000 100.000000 229.000000 0.016589 0.018755 0.108227
0.000000 100.000000 279.000000 0.132349 -0.164375 0.586390
0.000000 100.000000 329.000000 0.353222 -0.608330 0.252567
0.000000 100.000000 379.000000 0.325071 -0.600218 0.136853
0.000000 100.000000 429.000000 0.646780 -1.232480 0.709573
0.000000 100.000000 479.000000 -0.133997 0.242972 0.162708
0.000000 100.000000 529.000000 -0.025757 0.039522 0.028335
50.000000 -100.000000 229.000000 0.043031 0.093928 -0.046358
50.000000 -100.000000 279.000000 0.113718 0.204237 -0.897790
50.000000 -100.000000 329.000000 -0.363634 -0.688362 -0.117837
50.000000 -100.000000 379.000000 -0.295203 -0.547914 -0.151863
50.000000 -100.000000 429.000000 -0.238941 -0.431617 -0.478761
50.000000 -100.000000 479.000000 0.021377 0.054362 -0.253002
50.000000 -100.000000 529.000000 0.013683 0.025285 -0.054706
50.000000 -50.000000 229.000000 0.012227 0.010341 0.070677
50.000000 -50.000000 279.000000 -0.068087 -0.193543 0.294450
50.000000 -50.000000 329.000000 -0.190561 -0.480091 0.073852
50.000000 -50.000000 379.000000 -0.161053 -0.435341 -0.077877
50.000000 -50.000000 429.000000 -0.102496 -0.293513 -0.162764
50.000000 -50.000000 479.000000 -0.025440 -0.106296 -0.126917
50.000000 -50.000000 529.000000 -0.000356 -0.029055 -0.048760
50.000000 0.000000 229.000000 -0.006212 -0.052229 0.000655
50.000000 0.000000 279.000000 -0.002653 -0.219918 -0.000599
50.000000 0.000000 329.000000 -0.001266 -0.396024 -0.000593
50.000000 0.000000 379.000000 -0.000000 -0.396175 -0.000000
50.000000 0.000000 429.000000 -0.000000 -0.280855 -0.000000
50.000000 0.000000 479.000000 -0.000000 -0.138066 -0.000000
50.000000 0.000000 529.000000 -0.000000 -0.050998 -0.000000
50.000000 50.000000 229.000000 -0.022006 0.007597 -0.068154
50.000000 50.000000 279.000000 0.063505 -0.194897 -0.295079
50.000000 50.000000 329.000000 0.188267 -0.480762 -0.074789
50.000000 50.000000 379.000000 0.161052 -0.435341 0.077877
50.000000 50.000000 429.000000 0.102495 -0.293512 0.162763
50.000000 50.000000 479.000000 0.025439 -0.106296 0.126916
50.000000 50.000000 529.000000 0.000356 -0.029055 0.048760
50.000000 100.000000 229.000000 -0.048146 0.091716 0.049892
50.000000 100.000000 279.000000 -0.116770 0.202637 0.898164
50.000000 100.000000 329.000000 0.361900 -0.689311 0.117419
50.000000 100.000000 379.000000 0.295203 -0.547914 0.151863
50.000000 100.000000 429.000000 0.238941 -0.431617 0.478761
50.000000 100.000000 479.000000 -0.021377 0.054362 0.253002
50.000000 100.000000 529.000000 -0.013683 0.025285 0.054705
100.000000 -100.000000 229.000000 0.032342 0.070479 0.042808
100.000000 -100.000000 279.000000 -0.144756 -0.069251 0.624166
100.000000 -100.000000 329.000000 -0.448238 -0.515765 0.043650
100.000000 -100.000000 379.000000 -0.370427 -0.373560 -0.120877
100.000000 -100.000000 429.000000 -0.247117 -0.215946 -0.253570
100.000000 -100.000000 479.000000 -0.056261 -0.010315 -0.165919
100.000000 -100.000000 529.000000 -0.006533 0.008820 -0.052828
100.000000 -50.000000 229.000000 -0.005661 -0.016851 0.061956
100.000000 -50.000000 279.000000 -0.074226 -0.137653 0.141992
100.000000 -50.000000 329.000000 -0.152988 -0.282602 0.057321
100.000000 -50.000000 379.000000 -0.144325 -0.273516 -0.042898
100.000000 -50.000000 429.000000 -0.096304 -0.187395 -0.092499
100.000000 -50.000000 479.000000 -0.038448 -0.083622 -0.077688
100.000000 -50.000000 529.000000 -0.009480 -0.029046 -0.036941
100.000000 0.000000 229.000000 -0.001502 -0.047721 0.002646
100.000000 0.000000 279.000000 -0.001337 -0.144946 0.000670
100.000000 0.000000 329.000000 -0.000865 -0.241666 0.000055
100.000000 0.000000 379.000000 -0.000000 -0.248917 -0.000000
100.000000 0.000000 429.000000 -0.000000 -0.183975 -0.000000
100.000000 0.000000 479.000000 -0.000000 -0.100087 -0.000000
100.000000 0.000000 529.000000 -0.000000 -0.042802 -0.000000
100.000000 50.000000 229.000000 0.003304 -0.016880 -0.057153
100.000000 50.000000 279.000000 0.071897 -0.138023 -0.140644
100.000000 50.000000 329.000000 0.151411 -0.282897 -0.057151
100.000000 50.000000 379.000000 0.144324 -0.273515 0.042898
100.000000 50.000000 429.000000 0.096304 -0.187395 0.092499
100.000000 50.000000 479.000000 0.038447 -0.083622 0.077688
100.000000 50.000000 529.000000 0.009480 -0.029046 0.036941
100.000000 100.000000 229.000000 -0.033555 0.070696 -0.039246
100.000000 100.000000 279.000000 0.143167 -0.069683 -0.622896
100.000000 100.000000 329.000000 0.447027 -0.516190 -0.043369
100.000000 100.000000 379.000000 0.370426 -0.373559 0.120877
100.000000 100.000000 429.000000 0.247117 -0.215945 0.253570
100.000000 100.000000 479.000000 0.056261 -0.010315 0.165919
100.000000 100.000000 529.000000 0.006533 0.008820 0.052828
