z          x          unc        tilt  error      wireLen     wireMaxSag
229.279549 -71.270469  12.467958    1   0.053383  27.014897  -0.000157
230.438029 -71.695183  12.499133    1   0.046378  26.878049  -0.000157
231.596509 -72.119896  12.530387    1   0.043296  28.132243  -0.000157
232.754989 -72.544610  12.561720    1   0.044136  27.995395  -0.000157
233.913469 -72.969323  12.593130    1   0.048900  27.858521  -0.000127
235.071949 -73.394037  12.624618    1   0.057586  27.721673  -0.000127
239.943090 -77.144910  11.417498   -1   0.059363  26.283883  -0.000127
241.155750 -77.476728  11.445992   -1   0.052091  26.140635  -0.000127
243.581070 -78.140364  11.503196   -1   0.047399  27.310237  -0.000127
244.793729 -78.472182  11.531905   -1   0.049979  27.167016  -0.000100
246.006389 -78.804000  11.560685   -1   0.055844  27.023768  -0.000100
353.834155 -107.387812  20.290225    1   0.149533  37.880212  -0.000470
355.699874 -107.913675  20.343086    1   0.126941  37.655283  -0.000470
357.565593 -108.439537  20.396087    1   0.115645  37.430356  -0.000389
359.431312 -108.965399  20.449228    1   0.115645  39.491800  -0.000470
361.297031 -109.491261  20.502506    1   0.126941  39.266873  -0.000389
363.162750 -110.017123  20.555920    1   0.149533  39.041944  -0.000389
374.165002 -115.223420  21.456281   -1   0.167698  38.712492  -0.000389
376.140791 -115.518271  21.512261   -1   0.142361  40.895559  -0.000470
378.116581 -115.813122  21.568389   -1   0.129693  40.657358  -0.000389
380.092371 -116.107973  21.624664   -1   0.129693  40.419159  -0.000389
382.068161 -116.402824  21.681086   -1   0.142361  42.602223  -0.000389
384.043951 -116.697675  21.737652   -1   0.167698  42.364024  -0.000389
492.024129 -130.023327  28.229800    1   0.338097  81.427254  -0.002835
497.634972 -130.871136  28.388931    1   0.261476  84.133063  -0.002835
503.245814 -131.718945  28.548964    1   0.287016  86.838873  -0.002835
506.051235 -132.142850  28.629315    1   0.338097  86.445426  -0.002835
514.290602 -132.143722  29.507448   -1   0.369785  89.600450  -0.003179
517.224547 -132.489493  29.590539   -1   0.313917  92.714748  -0.003542
520.158493 -132.835264  29.673869   -1   0.285983  92.430220  -0.003179
523.092438 -133.181035  29.757434   -1   0.285983  95.544519  -0.003542
526.026384 -133.526806  29.841234   -1   0.313917  95.259991  -0.003179
528.960329 -133.872577  29.925266   -1   0.369785  94.851362  -0.003179
