z          x          unc        tilt  error      wireLen     wireMaxSag
229.279549 -79.220257  11.511529    1   0.056746  18.668483  -0.000025
230.438029 -79.598105  11.540230    1   0.048886  19.922704  -0.000039
231.596509 -79.975953  11.569003    1   0.044361  19.785829  -0.000025
232.754989 -80.353802  11.597849    1   0.043170  19.648981  -0.000025
233.913469 -80.731650  11.626767    1   0.045313  19.512105  -0.000014
235.071949 -81.109498  11.655756    1   0.050791  19.375257  -0.000014
241.155750 -84.772478  17.541163   -1   0.061214  18.860280  -0.000025
242.368410 -85.129426  17.584915   -1   0.050936  18.717060  -0.000014
243.581070 -85.486373  17.628778   -1   0.048366  20.029882  -0.000025
244.793729 -85.843321  17.672750   -1   0.053505  19.886662  -0.000014
246.006389 -86.200269  17.716831   -1   0.066353  19.743414  -0.000014
353.834155 -118.213375  20.290225    1   0.149533  26.448344  -0.000140
355.699874 -118.739233  20.343086    1   0.126941  26.223415  -0.000140
357.565593 -119.265092  20.396087    1   0.115645  25.998488  -0.000097
359.431312 -119.790951  20.449228    1   0.115645  28.059933  -0.000140
361.297031 -120.316809  20.502506    1   0.126941  27.835006  -0.000097
363.162750 -120.842668  20.555920    1   0.149533  27.610077  -0.000097
374.165002 -125.159361  21.456281   -1   0.167698  29.027431  -0.000140
376.140791 -125.454210  21.512261   -1   0.142361  28.789232  -0.000140
378.116581 -125.749059  21.568389   -1   0.129693  30.972297  -0.000140
380.092371 -126.043909  21.624664   -1   0.129693  30.734098  -0.000140
382.068161 -126.338758  21.681086   -1   0.142361  30.495897  -0.000097
384.043951 -126.633607  21.737652   -1   0.167698  32.678963  -0.000140
492.024129 -139.794186  28.229800    1   0.338097  71.321447  -0.001923
497.634972 -140.642006  28.388931    1   0.261476  74.027256  -0.001923
503.245814 -141.489825  28.548964    1   0.287016  76.733066  -0.001923
506.051235 -141.913735  28.629315    1   0.338097  76.339619  -0.001923
517.224547 -146.065125  39.200020   -1   0.400629  78.623037  -0.002207
520.158493 -146.065125  39.310099   -1   0.327302  78.338509  -0.001923
526.026384 -146.065125  39.531193   -1   0.327302  81.168280  -0.001923
528.960329 -146.065125  39.642203   -1   0.400629  84.282579  -0.002207
