z          x          unc        tilt  error      wireLen     wireMaxSag
229.279549 -66.164589  13.144141    1   0.057653  32.579166  -0.000308
230.438029 -66.529262  13.176971    1   0.048943  32.442318  -0.000308
231.596509 -66.893934  13.209885    1   0.044587  33.696512  -0.000308
232.754989 -67.258607  13.242881    1   0.044587  33.559664  -0.000308
233.913469 -67.623280  13.275960    1   0.048943  33.422792  -0.000265
235.071949 -67.987952  13.309120    1   0.057653  33.285944  -0.000265
239.943090 -70.360738  13.878476   -1   0.066062  33.564246  -0.000308
241.155750 -70.720517  13.913131   -1   0.055866  33.420998  -0.000308
243.581070 -71.440075  13.982706   -1   0.050039  34.590600  -0.000308
244.793729 -71.799854  14.017623   -1   0.054409  34.447377  -0.000265
246.006389 -72.159633  14.052626   -1   0.063634  34.304129  -0.000265
353.834155 -97.902416  20.290225    1   0.149533  47.025707  -0.000874
355.699874 -98.180839  20.343086    1   0.126941  49.087152  -0.000995
357.565593 -98.459263  20.396087    1   0.115645  48.862224  -0.000874
359.431312 -98.737686  20.449228    1   0.115645  48.637295  -0.000874
361.297031 -99.016110  20.502506    1   0.126941  50.698742  -0.000874
363.162750 -99.294534  20.555920    1   0.149533  50.473813  -0.000874
374.165002 -103.540341  21.456281   -1   0.167698  50.818818  -0.000874
376.140791 -103.769683  21.512261   -1   0.142361  53.001884  -0.000995
378.116581 -103.999024  21.568389   -1   0.129693  52.763684  -0.000874
382.068161 -104.457707  21.681086   -1   0.142361  54.708549  -0.000874
384.043951 -104.687049  21.737652   -1   0.167698  54.470350  -0.000874
492.024129 -110.792308  28.229800    1   0.338097 101.638868  -0.005190
494.829550 -110.657894  28.309252    1   0.287016 104.614023  -0.005651
497.634972 -110.523479  28.388931    1   0.261476 104.344677  -0.005190
500.440393 -110.389064  28.468836    1   0.261476 107.319833  -0.005651
503.245814 -110.254650  28.548964    1   0.287016 107.050487  -0.005190
506.051235 -110.120235  28.629315    1   0.338097 110.025643  -0.005651
517.224547 -115.245796  39.199864   -1   0.388408 110.329386  -0.005651
520.158493 -115.245796  39.309944   -1   0.315081 110.044859  -0.005190
523.092438 -115.245796  39.420336   -1   0.290638 113.159157  -0.005651
526.026384 -115.245796  39.531039   -1   0.315081 112.874630  -0.005190
528.960329 -115.245796  39.642048   -1   0.388408 115.988928  -0.005651
