x                y              tx             ty             Q
# event #   22
       72.580762       0.000000       0.000000       0.000000       0.000000
        0.000000    6570.237834       0.000000       0.000000       0.000000
        0.000000       0.000000       0.000645       0.000000       0.000000
        0.000000       0.000000       0.000000       0.058346       0.000000
        0.000000       0.000000       0.000000       0.000000       0.014128
# event #   89
       92.486356       0.000000       0.000000       0.000000       0.000000
        0.000000    8372.154554       0.000000       0.000000       0.000000
        0.000000       0.000000       0.000818       0.000000       0.000000
        0.000000       0.000000       0.000000       0.074080       0.000000
        0.000000       0.000000       0.000000       0.000000       0.001787
# event #   96
       81.208562       0.000000       0.000000       0.000000       0.000000
        0.000000    7351.253321       0.000000       0.000000       0.000000
        0.000000       0.000000       0.000716       0.000000       0.000000
        0.000000       0.000000       0.000000       0.064834       0.000000
        0.000000       0.000000       0.000000       0.000000       0.003189
# event #  107
       91.644335       0.000000       0.000000       0.000000       0.000000
        0.000000    8295.932117       0.000000       0.000000       0.000000
        0.000000       0.000000       0.000811       0.000000       0.000000
        0.000000       0.000000       0.000000       0.073440       0.000000
        0.000000       0.000000       0.000000       0.000000       0.001192
# event #  127
      110.175049       0.000000       0.000000       0.000000       0.000000
        0.000000    9973.390361       0.000000       0.000000       0.000000
        0.000000       0.000000       0.000966       0.000000       0.000000
        0.000000       0.000000       0.000000       0.087430       0.000000
        0.000000       0.000000       0.000000       0.000000       0.012582
