z          x          unc        tilt  error      wireLen     wireMaxSag
# event #   22
229.279549 -71.270469  12.467958    1   0.053383  27.014897  -0.000157
230.438029 -71.695183  12.499133    1   0.046378  26.878049  -0.000157
231.596509 -72.119896  12.530387    1   0.043296  28.132243  -0.000157
232.754989 -72.544610  12.561720    1   0.044136  27.995395  -0.000157
233.913469 -72.969323  12.593130    1   0.048900  27.858521  -0.000127
235.071949 -73.394037  12.624618    1   0.057586  27.721673  -0.000127
239.943090 -77.144910  11.417498   -1   0.059363  26.283883  -0.000127
241.155750 -77.476728  11.445992   -1   0.052091  26.140635  -0.000127
243.581070 -78.140364  11.503196   -1   0.047399  27.310237  -0.000127
244.793729 -78.472182  11.531905   -1   0.049979  27.167016  -0.000100
246.006389 -78.804000  11.560685   -1   0.055844  27.023768  -0.000100
353.834155 -107.387812  20.290225    1   0.149533  37.880212  -0.000470
355.699874 -107.913675  20.343086    1   0.126941  37.655283  -0.000470
357.565593 -108.439537  20.396087    1   0.115645  37.430356  -0.000389
359.431312 -108.965399  20.449228    1   0.115645  39.491800  -0.000470
361.297031 -109.491261  20.502506    1   0.126941  39.266873  -0.000389
363.162750 -110.017123  20.555920    1   0.149533  39.041944  -0.000389
374.165002 -115.223420  21.456281   -1   0.167698  38.712492  -0.000389
376.140791 -115.518271  21.512261   -1   0.142361  40.895559  -0.000470
378.116581 -115.813122  21.568389   -1   0.129693  40.657358  -0.000389
380.092371 -116.107973  21.624664   -1   0.129693  40.419159  -0.000389
382.068161 -116.402824  21.681086   -1   0.142361  42.602223  -0.000389
384.043951 -116.697675  21.737652   -1   0.167698  42.364024  -0.000389
492.024129 -130.023327  28.229800    1   0.338097  81.427254  -0.002835
497.634972 -130.871136  28.388931    1   0.261476  84.133063  -0.002835
503.245814 -131.718945  28.548964    1   0.287016  86.838873  -0.002835
506.051235 -132.142850  28.629315    1   0.338097  86.445426  -0.002835
514.290602 -132.143722  29.507448   -1   0.369785  89.600450  -0.003179
517.224547 -132.489493  29.590539   -1   0.313917  92.714748  -0.003542
520.158493 -132.835264  29.673869   -1   0.285983  92.430220  -0.003179
523.092438 -133.181035  29.757434   -1   0.285983  95.544519  -0.003542
526.026384 -133.526806  29.841234   -1   0.313917  95.259991  -0.003179
528.960329 -133.872577  29.925266   -1   0.369785  94.851362  -0.003179
# event #   89
229.279549 -66.164589  13.144141    1   0.057653  32.579166  -0.000308
230.438029 -66.529262  13.176971    1   0.048943  32.442318  -0.000308
231.596509 -66.893934  13.209885    1   0.044587  33.696512  -0.000308
232.754989 -67.258607  13.242881    1   0.044587  33.559664  -0.000308
233.913469 -67.623280  13.275960    1   0.048943  33.422792  -0.000265
235.071949 -67.987952  13.309120    1   0.057653  33.285944  -0.000265
239.943090 -70.360738  13.878476   -1   0.066062  33.564246  -0.000308
241.155750 -70.720517  13.913131   -1   0.055866  33.420998  -0.000308
243.581070 -71.440075  13.982706   -1   0.050039  34.590600  -0.000308
244.793729 -71.799854  14.017623   -1   0.054409  34.447377  -0.000265
246.006389 -72.159633  14.052626   -1   0.063634  34.304129  -0.000265
353.834155 -97.902416  20.290225    1   0.149533  47.025707  -0.000874
355.699874 -98.180839  20.343086    1   0.126941  49.087152  -0.000995
357.565593 -98.459263  20.396087    1   0.115645  48.862224  -0.000874
359.431312 -98.737686  20.449228    1   0.115645  48.637295  -0.000874
361.297031 -99.016110  20.502506    1   0.126941  50.698742  -0.000874
363.162750 -99.294534  20.555920    1   0.149533  50.473813  -0.000874
374.165002 -103.540341  21.456281   -1   0.167698  50.818818  -0.000874
376.140791 -103.769683  21.512261   -1   0.142361  53.001884  -0.000995
378.116581 -103.999024  21.568389   -1   0.129693  52.763684  -0.000874
382.068161 -104.457707  21.681086   -1   0.142361  54.708549  -0.000874
384.043951 -104.687049  21.737652   -1   0.167698  54.470350  -0.000874
492.024129 -110.792308  28.229800    1   0.338097 101.638868  -0.005190
494.829550 -110.657894  28.309252    1   0.287016 104.614023  -0.005651
497.634972 -110.523479  28.388931    1   0.261476 104.344677  -0.005190
500.440393 -110.389064  28.468836    1   0.261476 107.319833  -0.005651
503.245814 -110.254650  28.548964    1   0.287016 107.050487  -0.005190
506.051235 -110.120235  28.629315    1   0.338097 110.025643  -0.005651
517.224547 -115.245796  39.199864   -1   0.388408 110.329386  -0.005651
520.158493 -115.245796  39.309944   -1   0.315081 110.044859  -0.005190
523.092438 -115.245796  39.420336   -1   0.290638 113.159157  -0.005651
526.026384 -115.245796  39.531039   -1   0.315081 112.874630  -0.005190
528.960329 -115.245796  39.642048   -1   0.388408 115.988928  -0.005651
# event #   96
229.279549  -8.151705  11.511529    1   0.056746  92.394372  -0.005100
230.438029  -8.202137  11.540230    1   0.048886  93.648558  -0.005281
231.596509  -8.252569  11.569003    1   0.044361  93.511719  -0.005100
232.754989  -8.303002  11.597849    1   0.043170  94.765905  -0.005281
233.913469  -8.353434  11.626767    1   0.045313  94.629065  -0.005100
235.071949  -8.403867  11.655756    1   0.050791  94.492217  -0.005100
239.943090  -5.777891  13.755482   -1   0.063172 100.544385  -0.005651
241.155750  -5.838233  13.789848   -1   0.053628 100.401137  -0.005651
242.368410  -5.898575  13.824301   -1   0.048856 101.713988  -0.005651
243.581070  -5.958916  13.858841   -1   0.048856 101.570740  -0.005651
244.793729  -6.019258  13.893466   -1   0.053628 102.883590  -0.005651
246.006389  -6.079600  13.928177   -1   0.063172 102.740342  -0.005651
353.834155 -14.683386  20.290225    1   0.149533 136.194318  -0.011329
355.699874 -14.899995  20.343086    1   0.126941 135.969389  -0.011329
359.431312 -15.333213  20.449228    1   0.115645 137.805907  -0.011329
361.297031 -15.549822  20.502506    1   0.126941 137.580978  -0.010913
363.162750 -15.766431  20.555920    1   0.149533 139.642424  -0.011329
374.165002 -12.840014  20.375032   -1   0.167504 147.669384  -0.011753
376.140791 -13.042414  20.428131   -1   0.142237 147.431185  -0.011753
378.116581 -13.244814  20.481370   -1   0.128381 149.614250  -0.011753
380.092371 -13.447214  20.534750   -1   0.125936 149.376051  -0.011753
384.043951 -13.852014  20.641924   -1   0.155278 151.320916  -0.011753
492.024129 -33.409884  28.229800    1   0.338097 182.485324  -0.021673
494.829550 -33.833740  28.309252    1   0.287016 182.091877  -0.021673
500.440393 -34.681451  28.468836    1   0.261476 184.797686  -0.021673
506.051235 -35.529163  28.629315    1   0.338097 187.503496  -0.021673
514.290602 -31.791938  38.978772   -1   0.388408 195.288281  -0.022605
517.224547 -32.473050  39.088849   -1   0.315081 194.879651  -0.022605
523.092438 -33.835273  39.309944   -1   0.315081 197.709422  -0.022605
526.026384 -34.516384  39.420956   -1   0.388408 197.424895  -0.021673
# event #  107
229.279549 -37.754731  13.144141    1   0.057653  61.791425  -0.001923
230.438029 -37.927598  13.176971    1   0.048943  63.045629  -0.002034
231.596509 -38.100465  13.209885    1   0.044587  62.908771  -0.001923
232.754989 -38.273332  13.242881    1   0.044587  62.771924  -0.001923
233.913469 -38.446199  13.275960    1   0.048943  64.026118  -0.001923
235.071949 -38.619065  13.309120    1   0.057653  63.889270  -0.001923
239.943090 -39.499476  13.755482   -1   0.063172  65.598018  -0.002034
241.155750 -39.680432  13.789848   -1   0.053628  65.454770  -0.002034
242.368410 -39.861387  13.824301   -1   0.048856  66.767620  -0.002034
243.581070 -40.042342  13.858841   -1   0.048856  66.624372  -0.002034
244.793729 -40.223297  13.893466   -1   0.053628  66.481134  -0.001923
246.006389 -40.404253  13.928177   -1   0.063172  67.793974  -0.002034
355.699874 -63.182170  16.724543    1   0.117337  85.669137  -0.003978
357.565593 -63.710485  16.768145    1   0.110652  85.444209  -0.003734
359.431312 -64.238800  16.811861    1   0.111607  85.219280  -0.003734
361.297031 -64.767114  16.855691    1   0.120202  87.280727  -0.003734
363.162750 -65.295429  16.899633    1   0.136437  87.055798  -0.003734
376.140791 -69.335124  18.805626   -1   0.131805  89.320856  -0.003734
378.116581 -69.980139  18.854784   -1   0.125569  89.082656  -0.003497
380.092371 -70.625154  18.904071   -1   0.129033  88.844457  -0.003497
382.068161 -71.270169  18.953485   -1   0.142196  88.606257  -0.003267
384.043951 -71.915183  19.003026   -1   0.165058  90.789322  -0.003497
492.024129 -115.289823  28.229800    1   0.338097  98.270265  -0.004749
494.829550 -116.178984  28.309252    1   0.287016  97.876818  -0.004749
497.634972 -117.068145  28.388931    1   0.261476  97.607473  -0.004327
506.051235 -119.735629  28.629315    1   0.338097  99.919836  -0.004327
523.092438 -129.016402  28.298226   -1   0.288110  99.067446  -0.003924
526.026384 -130.251719  28.377990   -1   0.317609  98.782919  -0.003542
528.960329 -131.487037  28.457975   -1   0.372394  98.374289  -0.003542
# event #  127
229.279549 -79.220257  11.511529    1   0.056746  18.668483  -0.000025
230.438029 -79.598105  11.540230    1   0.048886  19.922704  -0.000039
231.596509 -79.975953  11.569003    1   0.044361  19.785829  -0.000025
232.754989 -80.353802  11.597849    1   0.043170  19.648981  -0.000025
233.913469 -80.731650  11.626767    1   0.045313  19.512105  -0.000014
235.071949 -81.109498  11.655756    1   0.050791  19.375257  -0.000014
241.155750 -84.772478  17.541163   -1   0.061214  18.860280  -0.000025
242.368410 -85.129426  17.584915   -1   0.050936  18.717060  -0.000014
243.581070 -85.486373  17.628778   -1   0.048366  20.029882  -0.000025
244.793729 -85.843321  17.672750   -1   0.053505  19.886662  -0.000014
246.006389 -86.200269  17.716831   -1   0.066353  19.743414  -0.000014
353.834155 -118.213375  20.290225    1   0.149533  26.448344  -0.000140
355.699874 -118.739233  20.343086    1   0.126941  26.223415  -0.000140
357.565593 -119.265092  20.396087    1   0.115645  25.998488  -0.000097
359.431312 -119.790951  20.449228    1   0.115645  28.059933  -0.000140
361.297031 -120.316809  20.502506    1   0.126941  27.835006  -0.000097
363.162750 -120.842668  20.555920    1   0.149533  27.610077  -0.000097
374.165002 -125.159361  21.456281   -1   0.167698  29.027431  -0.000140
376.140791 -125.454210  21.512261   -1   0.142361  28.789232  -0.000140
378.116581 -125.749059  21.568389   -1   0.129693  30.972297  -0.000140
380.092371 -126.043909  21.624664   -1   0.129693  30.734098  -0.000140
382.068161 -126.338758  21.681086   -1   0.142361  30.495897  -0.000097
384.043951 -126.633607  21.737652   -1   0.167698  32.678963  -0.000140
492.024129 -139.794186  28.229800    1   0.338097  71.321447  -0.001923
497.634972 -140.642006  28.388931    1   0.261476  74.027256  -0.001923
503.245814 -141.489825  28.548964    1   0.287016  76.733066  -0.001923
506.051235 -141.913735  28.629315    1   0.338097  76.339619  -0.001923
517.224547 -146.065125  39.200020   -1   0.400629  78.623037  -0.002207
520.158493 -146.065125  39.310099   -1   0.327302  78.338509  -0.001923
526.026384 -146.065125  39.531193   -1   0.327302  81.168280  -0.001923
528.960329 -146.065125  39.642203   -1   0.400629  84.282579  -0.002207
