z          x          unc        tilt  error      wireLen     wireMaxSag
229.279549  -8.151705  11.511529    1   0.056746  92.394372  -0.005100
230.438029  -8.202137  11.540230    1   0.048886  93.648558  -0.005281
231.596509  -8.252569  11.569003    1   0.044361  93.511719  -0.005100
232.754989  -8.303002  11.597849    1   0.043170  94.765905  -0.005281
233.913469  -8.353434  11.626767    1   0.045313  94.629065  -0.005100
235.071949  -8.403867  11.655756    1   0.050791  94.492217  -0.005100
239.943090  -5.777891  13.755482   -1   0.063172 100.544385  -0.005651
241.155750  -5.838233  13.789848   -1   0.053628 100.401137  -0.005651
242.368410  -5.898575  13.824301   -1   0.048856 101.713988  -0.005651
243.581070  -5.958916  13.858841   -1   0.048856 101.570740  -0.005651
244.793729  -6.019258  13.893466   -1   0.053628 102.883590  -0.005651
246.006389  -6.079600  13.928177   -1   0.063172 102.740342  -0.005651
353.834155 -14.683386  20.290225    1   0.149533 136.194318  -0.011329
355.699874 -14.899995  20.343086    1   0.126941 135.969389  -0.011329
359.431312 -15.333213  20.449228    1   0.115645 137.805907  -0.011329
361.297031 -15.549822  20.502506    1   0.126941 137.580978  -0.010913
363.162750 -15.766431  20.555920    1   0.149533 139.642424  -0.011329
374.165002 -12.840014  20.375032   -1   0.167504 147.669384  -0.011753
376.140791 -13.042414  20.428131   -1   0.142237 147.431185  -0.011753
378.116581 -13.244814  20.481370   -1   0.128381 149.614250  -0.011753
380.092371 -13.447214  20.534750   -1   0.125936 149.376051  -0.011753
384.043951 -13.852014  20.641924   -1   0.155278 151.320916  -0.011753
492.024129 -33.409884  28.229800    1   0.338097 182.485324  -0.021673
494.829550 -33.833740  28.309252    1   0.287016 182.091877  -0.021673
500.440393 -34.681451  28.468836    1   0.261476 184.797686  -0.021673
506.051235 -35.529163  28.629315    1   0.338097 187.503496  -0.021673
514.290602 -31.791938  38.978772   -1   0.388408 195.288281  -0.022605
517.224547 -32.473050  39.088849   -1   0.315081 194.879651  -0.022605
523.092438 -33.835273  39.309944   -1   0.315081 197.709422  -0.022605
526.026384 -34.516384  39.420956   -1   0.388408 197.424895  -0.021673
