z          x          unc        tilt  error      wireLen     wireMaxSag
229.279549 -37.754731  13.144141    1   0.057653  61.791425  -0.001923
230.438029 -37.927598  13.176971    1   0.048943  63.045629  -0.002034
231.596509 -38.100465  13.209885    1   0.044587  62.908771  -0.001923
232.754989 -38.273332  13.242881    1   0.044587  62.771924  -0.001923
233.913469 -38.446199  13.275960    1   0.048943  64.026118  -0.001923
235.071949 -38.619065  13.309120    1   0.057653  63.889270  -0.001923
239.943090 -39.499476  13.755482   -1   0.063172  65.598018  -0.002034
241.155750 -39.680432  13.789848   -1   0.053628  65.454770  -0.002034
242.368410 -39.861387  13.824301   -1   0.048856  66.767620  -0.002034
243.581070 -40.042342  13.858841   -1   0.048856  66.624372  -0.002034
244.793729 -40.223297  13.893466   -1   0.053628  66.481134  -0.001923
246.006389 -40.404253  13.928177   -1   0.063172  67.793974  -0.002034
355.699874 -63.182170  16.724543    1   0.117337  85.669137  -0.003978
357.565593 -63.710485  16.768145    1   0.110652  85.444209  -0.003734
359.431312 -64.238800  16.811861    1   0.111607  85.219280  -0.003734
361.297031 -64.767114  16.855691    1   0.120202  87.280727  -0.003734
363.162750 -65.295429  16.899633    1   0.136437  87.055798  -0.003734
376.140791 -69.335124  18.805626   -1   0.131805  89.320856  -0.003734
378.116581 -69.980139  18.854784   -1   0.125569  89.082656  -0.003497
380.092371 -70.625154  18.904071   -1   0.129033  88.844457  -0.003497
382.068161 -71.270169  18.953485   -1   0.142196  88.606257  -0.003267
384.043951 -71.915183  19.003026   -1   0.165058  90.789322  -0.003497
492.024129 -115.289823  28.229800    1   0.338097  98.270265  -0.004749
494.829550 -116.178984  28.309252    1   0.287016  97.876818  -0.004749
497.634972 -117.068145  28.388931    1   0.261476  97.607473  -0.004327
506.051235 -119.735629  28.629315    1   0.338097  99.919836  -0.004327
523.092438 -129.016402  28.298226   -1   0.288110  99.067446  -0.003924
526.026384 -130.251719  28.377990   -1   0.317609  98.782919  -0.003542
528.960329 -131.487037  28.457975   -1   0.372394  98.374289  -0.003542
